0 0.8911458333333333 0.6907407407407408 0.21666666666666667 0.4388888888888889
0 0.6872395833333333 0.575 0.12447916666666667 0.14074074074074075
0 0.59921875 0.549074074074074 0.0609375 0.07407407407407407
0 0.5666666666666667 0.5287037037037037 0.023958333333333335 0.03333333333333333
0 0.49166666666666664 0.6217592592592592 0.190625 0.2675925925925926
0 0.39869791666666665 0.5425925925925926 0.0515625 0.07407407407407407
0 0.33255208333333336 0.562962962962963 0.10364583333333334 0.1388888888888889
0 0.2794270833333333 0.5361111111111111 0.021354166666666667 0.040740740740740744
0 0.13880208333333333 0.6532407407407408 0.27760416666666665 0.3509259259259259
2 0.46822916666666664 0.46574074074074073 0.010416666666666666 0.005555555555555556
2 0.48880208333333336 0.4652777777777778 0.009895833333333333 0.004629629629629629
