0 0.19479166666666667 0.5694444444444444 0.18541666666666667 0.22407407407407406
0 0.41041666666666665 0.4949074074074074 0.040625 0.05648148148148148
0 0.46041666666666664 0.5046296296296297 0.06666666666666667 0.08518518518518518
0 0.48463541666666665 0.4824074074074074 0.030729166666666665 0.05185185185185185
0 0.5143229166666666 0.4726851851851852 0.028645833333333332 0.04537037037037037
0 0.5942708333333333 0.27824074074074073 0.03229166666666667 0.026851851851851852
0 0.6359375 0.28379629629629627 0.03333333333333333 0.023148148148148147
0 0.6697916666666667 0.2884259259259259 0.030208333333333334 0.032407407407407406
0 0.7453125 0.25092592592592594 0.03125 0.02962962962962963
3 0.75078125 0.19074074074074074 0.016145833333333335 0.027777777777777776
