3 0.8526041666666667 0.41759259259259257 0.036458333333333336 0.05740740740740741
2 0.5213541666666667 0.4652777777777778 0.008333333333333333 0.006481481481481481
2 0.5515625 0.4652777777777778 0.008333333333333333 0.004629629629629629
0 0.2765625 0.5106481481481482 0.08333333333333333 0.11574074074074074
0 0.4171875 0.5314814814814814 0.023958333333333335 0.03333333333333333
0 0.5239583333333333 0.5273148148148148 0.019791666666666666 0.03611111111111111
0 0.565625 0.5208333333333334 0.023958333333333335 0.032407407407407406
0 0.43854166666666666 0.5310185185185186 0.016666666666666666 0.023148148148148147
1 0.7309895833333333 0.5268518518518519 0.005729166666666666 0.024074074074074074
1 0.6703125 0.5189814814814815 0.005208333333333333 0.026851851851851852
