0 0.1375 0.46574074074074073 0.05 0.044444444444444446
0 0.16484375 0.4625 0.04635416666666667 0.04537037037037037
0 0.17291666666666666 0.46435185185185185 0.029166666666666667 0.04722222222222222
0 0.090625 0.4685185185185185 0.011458333333333333 0.03518518518518519
0 0.33828125 0.4412037037037037 0.025520833333333333 0.03611111111111111
0 0.34375 0.5087962962962963 0.08333333333333333 0.10462962962962963
0 0.52421875 0.42592592592592593 0.2640625 0.36666666666666664
0 0.6763020833333333 0.46805555555555556 0.024479166666666666 0.05462962962962963
0 0.6606770833333333 0.4726851851851852 0.0109375 0.03981481481481482
0 0.796875 0.4615740740740741 0.06041666666666667 0.058333333333333334
0 0.8348958333333333 0.4708333333333333 0.022916666666666665 0.06574074074074074
0 0.9036458333333334 0.5597222222222222 0.190625 0.275
