2 0.6770833333333334 0.010185185185185186 0.07708333333333334 0.020370370370370372
2 0.85703125 0.008796296296296297 0.07552083333333333 0.017592592592592594
0 0.8268229166666666 0.44907407407407407 0.06510416666666667 0.05
0 0.840625 0.48009259259259257 0.028125 0.05277777777777778
0 0.8466145833333333 0.4842592592592593 0.024479166666666666 0.04814814814814815
0 0.8520833333333333 0.487962962962963 0.03229166666666667 0.05185185185185185
0 0.88359375 0.4861111111111111 0.04635416666666667 0.06481481481481481
0 0.89296875 0.5060185185185185 0.06614583333333333 0.08796296296296297
0 0.79921875 0.49537037037037035 0.05364583333333333 0.07222222222222222
0 0.7375 0.47685185185185186 0.03958333333333333 0.07962962962962963
0 0.7614583333333333 0.47314814814814815 0.015625 0.03888888888888889
0 0.7380208333333333 0.49074074074074076 0.030208333333333334 0.07222222222222222
0 0.7197916666666667 0.49444444444444446 0.036458333333333336 0.08148148148148149
0 0.6802083333333333 0.5050925925925925 0.07708333333333334 0.11203703703703703
0 0.5552083333333333 0.5518518518518518 0.22395833333333334 0.3333333333333333
0 0.6502604166666667 0.45601851851851855 0.027604166666666666 0.05462962962962963
0 0.45755208333333336 0.4824074074074074 0.0328125 0.08888888888888889
0 0.4153645833333333 0.5069444444444444 0.06614583333333333 0.11388888888888889
0 0.34869791666666666 0.5148148148148148 0.1140625 0.12962962962962962
0 0.25052083333333336 0.5111111111111111 0.07604166666666666 0.08333333333333333
0 0.11640625 0.5879629629629629 0.2328125 0.4462962962962963
