0 0.41354166666666664 0.5148148148148148 0.013541666666666667 0.02962962962962963
0 0.45416666666666666 0.5083333333333333 0.01875 0.03888888888888889
0 0.45286458333333335 0.5101851851851852 0.015104166666666667 0.03518518518518519
0 0.4354166666666667 0.5101851851851852 0.03333333333333333 0.04259259259259259
0 0.3765625 0.5125 0.06979166666666667 0.08796296296296297
0 0.31328125 0.5106481481481482 0.0484375 0.06574074074074074
0 0.11979166666666667 0.5208333333333334 0.06666666666666667 0.14722222222222223
0 0.21953125 0.5342592592592592 0.17239583333333333 0.22407407407407406
0 0.53984375 0.5027777777777778 0.0359375 0.05740740740740741
0 0.4942708333333333 0.5046296296296297 0.06354166666666666 0.09444444444444444
