2 0.5255208333333333 0.3337962962962963 0.016666666666666666 0.010185185185185186
2 0.5807291666666666 0.3314814814814815 0.017708333333333333 0.011111111111111112
3 0.5994791666666667 0.3199074074074074 0.014583333333333334 0.025
0 0.5302083333333333 0.4263888888888889 0.01875 0.026851851851851852
0 0.5013020833333334 0.42407407407407405 0.027604166666666666 0.03333333333333333
0 0.45625 0.4425925925925926 0.01875 0.03518518518518519
0 0.45546875 0.44722222222222224 0.015104166666666667 0.03148148148148148
0 0.4505208333333333 0.45 0.015625 0.02962962962962963
0 0.44427083333333334 0.45555555555555555 0.019791666666666666 0.03333333333333333
0 0.47604166666666664 0.45046296296296295 0.01875 0.032407407407407406
0 0.50078125 0.45925925925925926 0.021354166666666667 0.027777777777777776
0 0.5260416666666666 0.4930555555555556 0.05 0.06574074074074074
0 0.6330729166666667 0.45092592592592595 0.0234375 0.04259259259259259
0 0.6065104166666667 0.46574074074074073 0.05364583333333333 0.1259259259259259
0 0.66875 0.4777777777777778 0.041666666666666664 0.08703703703703704
0 0.6885416666666667 0.48564814814814816 0.05 0.09722222222222222
0 0.7252604166666666 0.5 0.0640625 0.08703703703703704
0 0.9104166666666667 0.5041666666666667 0.16770833333333332 0.225
0 0.38671875 0.5087962962962963 0.04010416666666667 0.1287037037037037
0 0.35625 0.5180555555555556 0.06666666666666667 0.1527777777777778
0 0.32864583333333336 0.5287037037037037 0.03854166666666667 0.1925925925925926
0 0.23958333333333334 0.5319444444444444 0.15833333333333333 0.32314814814814813
0 0.11015625 0.4305555555555556 0.2203125 0.7870370370370371
0 0.5513020833333333 0.42685185185185187 0.018229166666666668 0.03148148148148148
0 0.6395833333333333 0.48333333333333334 0.020833333333333332 0.044444444444444446
2 0.48125 0.37777777777777777 0.010416666666666666 0.007407407407407408
0 0.5697916666666667 0.4273148148148148 0.01875 0.021296296296296296
