0 0.028385416666666666 0.41435185185185186 0.04010416666666667 0.06018518518518518
0 0.04739583333333333 0.4212962962962963 0.035416666666666666 0.06666666666666667
0 0.11666666666666667 0.44675925925925924 0.07083333333333333 0.062037037037037036
0 0.17057291666666666 0.44537037037037036 0.0328125 0.06111111111111111
0 0.23828125 0.4532407407407407 0.04010416666666667 0.04537037037037037
0 0.26328125 0.42314814814814816 0.06302083333333333 0.07962962962962963
0 0.07760416666666667 0.6476851851851851 0.15520833333333334 0.4305555555555556
0 0.26510416666666664 0.5152777777777777 0.05625 0.08611111111111111
0 0.3333333333333333 0.5236111111111111 0.103125 0.13240740740740742
0 0.38776041666666666 0.5078703703703704 0.05364583333333333 0.09166666666666666
0 0.421875 0.49027777777777776 0.01875 0.05277777777777778
0 0.4075520833333333 0.48333333333333334 0.0140625 0.03333333333333333
0 0.49375 0.5078703703703704 0.1375 0.2324074074074074
0 0.57734375 0.4476851851851852 0.0546875 0.13055555555555556
0 0.5869791666666667 0.46435185185185185 0.041666666666666664 0.05648148148148148
0 0.5911458333333334 0.49537037037037035 0.04479166666666667 0.06851851851851852
0 0.6393229166666666 0.5069444444444444 0.08177083333333333 0.10277777777777777
0 0.6739583333333333 0.48703703703703705 0.04375 0.06851851851851852
0 0.7489583333333333 0.5347222222222222 0.146875 0.1787037037037037
0 0.9184895833333333 0.6078703703703704 0.16197916666666667 0.5101851851851852
