0 0.13802083333333334 0.4689814814814815 0.06354166666666666 0.09166666666666666
0 0.14322916666666666 0.4912037037037037 0.06145833333333333 0.04537037037037037
0 0.17734375 0.48194444444444445 0.013020833333333334 0.021296296296296296
0 0.19479166666666667 0.48842592592592593 0.023958333333333335 0.049074074074074076
0 0.21875 0.5009259259259259 0.042708333333333334 0.022222222222222223
0 0.3411458333333333 0.5018518518518519 0.017708333333333333 0.027777777777777776
0 0.35598958333333336 0.5166666666666667 0.027604166666666666 0.03518518518518519
0 0.3854166666666667 0.5101851851851852 0.026041666666666668 0.040740740740740744
0 0.41067708333333336 0.5370370370370371 0.0546875 0.07592592592592592
0 0.48020833333333335 0.5101851851851852 0.03229166666666667 0.06296296296296296
