0 0.24609375 0.6111111111111112 0.14010416666666667 0.19444444444444445
0 0.08958333333333333 0.5685185185185185 0.109375 0.16296296296296298
0 0.8877604166666667 0.5347222222222222 0.08802083333333334 0.13055555555555556
0 0.7768229166666667 0.5194444444444445 0.07135416666666666 0.07777777777777778
0 0.7778645833333333 0.5685185185185185 0.06927083333333334 0.08518518518518518
0 0.59765625 0.5703703703703704 0.06197916666666667 0.08148148148148149
0 0.6307291666666667 0.5569444444444445 0.034375 0.05462962962962963
0 0.6447916666666667 0.55 0.027083333333333334 0.044444444444444446
0 0.6109375 0.5157407407407407 0.026041666666666668 0.02962962962962963
0 0.5421875 0.5527777777777778 0.03229166666666667 0.04259259259259259
0 0.5596354166666667 0.5449074074074074 0.0140625 0.028703703703703703
0 0.31614583333333335 0.562037037037037 0.03854166666666667 0.07222222222222222
0 0.340625 0.5574074074074075 0.014583333333333334 0.044444444444444446
0 0.37213541666666666 0.5675925925925925 0.05364583333333333 0.06851851851851852
0 0.409375 0.5578703703703703 0.035416666666666666 0.05092592592592592
0 0.42604166666666665 0.549074074074074 0.03125 0.053703703703703705
0 0.36822916666666666 0.5171296296296296 0.023958333333333335 0.03611111111111111
0 0.47604166666666664 0.5662037037037037 0.04375 0.10092592592592593
0 0.5072916666666667 0.5879629629629629 0.035416666666666666 0.09444444444444444
1 0.5072916666666667 0.5731481481481482 0.036458333333333336 0.12407407407407407
0 0.29348958333333336 0.5125 0.034895833333333334 0.03425925925925926
3 0.8208333333333333 0.21157407407407408 0.029166666666666667 0.05277777777777778
3 0.8505208333333333 0.22777777777777777 0.03125 0.06296296296296296
2 0.78046875 0.25 0.0515625 0.024074074074074074
2 0.909375 0.2513888888888889 0.04895833333333333 0.025
0 0.6575520833333334 0.5287037037037037 0.0328125 0.05925925925925926
