0 0.6994791666666667 0.5314814814814814 0.013541666666666667 0.02962962962962963
1 0.69765625 0.5152777777777777 0.0078125 0.025
0 0.3333333333333333 0.5412037037037037 0.059375 0.08055555555555556
0 0.3033854166666667 0.5416666666666666 0.022395833333333334 0.06111111111111111
0 0.37604166666666666 0.5291666666666667 0.030208333333333334 0.041666666666666664
0 0.45625 0.5157407407407407 0.015625 0.024074074074074074
0 0.47265625 0.5120370370370371 0.011979166666666667 0.022222222222222223
0 0.97265625 0.5148148148148148 0.03697916666666667 0.040740740740740744
0 0.93046875 0.5115740740740741 0.025520833333333333 0.05092592592592592
0 0.8963541666666667 0.524537037037037 0.09791666666666667 0.0824074074074074
0 0.8356770833333333 0.6166666666666667 0.2453125 0.26666666666666666
0 0.6325520833333333 0.5518518518518518 0.09010416666666667 0.10925925925925926
0 0.58828125 0.5162037037037037 0.03802083333333333 0.07314814814814814
0 0.6739583333333333 0.524074074074074 0.023958333333333335 0.03518518518518519
0 0.56640625 0.5208333333333334 0.0140625 0.030555555555555555
0 0.5161458333333333 0.5652777777777778 0.109375 0.15462962962962962
2 0.49973958333333335 0.2388888888888889 0.03802083333333333 0.022222222222222223
2 0.60234375 0.2388888888888889 0.03802083333333333 0.022222222222222223
2 0.5479166666666667 0.3712962962962963 0.01875 0.011111111111111112
