0 0.4786458333333333 0.49537037037037035 0.11041666666666666 0.16666666666666666
0 0.49166666666666664 0.4101851851851852 0.05 0.06296296296296296
0 0.5450520833333333 0.4773148148148148 0.03177083333333333 0.06944444444444445
0 0.5471354166666667 0.449537037037037 0.03177083333333333 0.032407407407407406
0 0.5580729166666667 0.47962962962962963 0.0265625 0.07592592592592592
0 0.5697916666666667 0.4837962962962963 0.025 0.08611111111111111
0 0.61328125 0.4740740740740741 0.08072916666666667 0.1574074074074074
0 0.6296875 0.5041666666666667 0.034375 0.1361111111111111
0 0.64296875 0.5194444444444445 0.0578125 0.17777777777777778
0 0.68671875 0.5407407407407407 0.1109375 0.24074074074074073
0 0.83046875 0.5847222222222223 0.2911458333333333 0.36203703703703705
3 0.6864583333333333 0.31203703703703706 0.020833333333333332 0.040740740740740744
1 0.9088541666666666 0.4152777777777778 0.015625 0.03611111111111111
1 0.9653645833333333 0.4148148148148148 0.024479166666666666 0.08333333333333333
0 0.9283854166666666 0.4060185185185185 0.024479166666666666 0.023148148148148147
2 0.46484375 0.3726851851851852 0.0140625 0.008333333333333333
2 0.4953125 0.37037037037037035 0.013541666666666667 0.007407407407407408
