0 0.4390625 0.4847222222222222 0.05416666666666667 0.06574074074074074
0 0.4640625 0.48055555555555557 0.019791666666666666 0.05740740740740741
1 0.4822916666666667 0.4532407407407407 0.019791666666666666 0.062037037037037036
0 0.6203125 0.6662037037037037 0.353125 0.5638888888888889
0 0.6559895833333333 0.3416666666666667 0.19322916666666667 0.23148148148148148
2 0.6408854166666667 0.14027777777777778 0.043229166666666666 0.030555555555555555
2 0.74140625 0.13055555555555556 0.0421875 0.02962962962962963
3 0.696875 0.1087962962962963 0.035416666666666666 0.06388888888888888
0 0.7677083333333333 0.449537037037037 0.035416666666666666 0.05648148148148148
0 0.84296875 0.462037037037037 0.12447916666666667 0.2074074074074074
1 0.9216145833333333 0.43148148148148147 0.011979166666666667 0.08888888888888889
0 0.18359375 0.5097222222222222 0.0265625 0.06944444444444445
