0 0.18854166666666666 0.5328703703703703 0.13125 0.12314814814814815
1 0.25807291666666665 0.5143518518518518 0.021354166666666667 0.09537037037037037
1 0.011197916666666667 0.5773148148148148 0.022395833333333334 0.13055555555555556
1 0.034375 0.5625 0.023958333333333335 0.12129629629629629
1 0.05234375 0.5805555555555556 0.013020833333333334 0.08333333333333333
1 0.06458333333333334 0.5736111111111111 0.0125 0.08981481481481482
1 0.08125 0.5560185185185185 0.030208333333333334 0.11203703703703703
1 0.09270833333333334 0.5583333333333333 0.026041666666666668 0.10740740740740741
1 0.8401041666666667 0.4861111111111111 0.046875 0.20185185185185187
1 0.79921875 0.4925925925925926 0.03697916666666667 0.2037037037037037
2 0.4427083333333333 0.3226851851851852 0.021875 0.008333333333333333
2 0.4901041666666667 0.3194444444444444 0.017708333333333333 0.009259259259259259
0 0.47682291666666665 0.36712962962962964 0.016145833333333335 0.023148148148148147
0 0.48203125 0.3523148148148148 0.0109375 0.023148148148148147
0 0.4401041666666667 0.36944444444444446 0.015625 0.022222222222222223
0 0.45078125 0.38287037037037036 0.018229166666666668 0.025
0 0.47630208333333335 0.4101851851851852 0.0234375 0.037037037037037035
0 0.4231770833333333 0.4023148148148148 0.06510416666666667 0.04537037037037037
0 0.5010416666666667 0.4546296296296296 0.021875 0.03518518518518519
0 0.5213541666666667 0.4625 0.04479166666666667 0.03796296296296296
0 0.5213541666666667 0.4949074074074074 0.03958333333333333 0.06574074074074074
0 0.5825520833333333 0.5310185185185186 0.11510416666666666 0.16018518518518518
0 0.42083333333333334 0.5800925925925926 0.228125 0.3194444444444444
