0 0.78046875 0.5662037037037037 0.1796875 0.21388888888888888
1 0.6526041666666667 0.5166666666666667 0.00625 0.04259259259259259
2 0.5364583333333334 0.45046296296296295 0.011458333333333333 0.006481481481481481
2 0.5588541666666667 0.45046296296296295 0.011458333333333333 0.006481481481481481
0 0.5966145833333333 0.5388888888888889 0.043229166666666666 0.05555555555555555
0 0.57265625 0.5310185185185186 0.018229166666666668 0.03425925925925926
0 0.5408854166666667 0.5435185185185185 0.04635416666666667 0.07037037037037037
0 0.4908854166666667 0.5259259259259259 0.0234375 0.04814814814814815
0 0.46979166666666666 0.5421296296296296 0.04583333333333333 0.06388888888888888
1 0.40572916666666664 0.5291666666666667 0.004166666666666667 0.026851851851851852
0 0.3846354166666667 0.5430555555555555 0.030729166666666665 0.03611111111111111
0 0.19375 0.5819444444444445 0.146875 0.16944444444444445
0 0.11510416666666666 0.5768518518518518 0.103125 0.13703703703703704
