0 0.04921875 0.5060185185185185 0.0765625 0.10648148148148148
0 0.10104166666666667 0.5032407407407408 0.03229166666666667 0.07685185185185185
0 0.14088541666666668 0.49166666666666664 0.0546875 0.12407407407407407
0 0.20859375 0.49537037037037035 0.11197916666666667 0.17592592592592593
0 0.3171875 0.5194444444444445 0.115625 0.14814814814814814
0 0.40651041666666665 0.44074074074074077 0.10677083333333333 0.2037037037037037
0 0.4674479166666667 0.43194444444444446 0.0171875 0.03425925925925926
0 0.46848958333333335 0.45555555555555555 0.0140625 0.025925925925925925
0 0.5302083333333333 0.5527777777777778 0.178125 0.24259259259259258
0 0.56484375 0.42083333333333334 0.0203125 0.028703703703703703
0 0.59296875 0.46574074074074073 0.021354166666666667 0.05740740740740741
0 0.6973958333333333 0.4537037037037037 0.034375 0.06851851851851852
0 0.7104166666666667 0.46435185185185185 0.041666666666666664 0.05277777777777778
0 0.7411458333333333 0.44722222222222224 0.03958333333333333 0.03518518518518519
0 0.8033854166666666 0.462037037037037 0.0953125 0.08888888888888889
0 0.88125 0.45092592592592595 0.1375 0.12037037037037036
0 0.94453125 0.4273148148148148 0.05572916666666667 0.05648148148148148
0 0.95390625 0.4587962962962963 0.09114583333333333 0.14722222222222223
