2 0.4747395833333333 0.3458333333333333 0.025520833333333333 0.012037037037037037
2 0.5296875 0.3453703703703704 0.026041666666666668 0.012962962962962963
2 0.4908854166666667 0.4361111111111111 0.0109375 0.007407407407407408
2 0.5140625 0.4361111111111111 0.010416666666666666 0.007407407407407408
3 0.4973958333333333 0.34074074074074073 0.015625 0.027777777777777776
1 0.7622395833333333 0.5597222222222222 0.03802083333333333 0.09166666666666666
1 0.92109375 0.5819444444444445 0.058854166666666666 0.287962962962963
1 0.5979166666666667 0.5055555555555555 0.015625 0.09444444444444444
1 0.14427083333333332 0.5444444444444444 0.03229166666666667 0.15925925925925927
1 0.21953125 0.5069444444444444 0.0171875 0.049074074074074076
0 0.016927083333333332 0.7652777777777777 0.033854166666666664 0.3824074074074074
0 0.8263020833333333 0.49583333333333335 0.03697916666666667 0.05648148148148148
0 0.4158854166666667 0.5055555555555555 0.0484375 0.06111111111111111
0 0.4622395833333333 0.5018518518518519 0.019270833333333334 0.02962962962962963
0 0.4765625 0.4888888888888889 0.030208333333333334 0.03148148148148148
0 0.54375 0.5060185185185185 0.07916666666666666 0.05277777777777778
0 0.4390625 0.49675925925925923 0.014583333333333334 0.03425925925925926
0 0.7596354166666667 0.5236111111111111 0.021354166666666667 0.06944444444444445
