2 0.6505208333333333 0.3347222222222222 0.029166666666666667 0.013888888888888888
2 0.6067708333333334 0.33796296296296297 0.028125 0.012962962962962963
2 0.22265625 0.1259259259259259 0.06927083333333334 0.03333333333333333
1 0.12526041666666668 0.5648148148148148 0.0234375 0.08518518518518518
0 0.13151041666666666 0.5782407407407407 0.07239583333333334 0.08611111111111111
1 0.8494791666666667 0.5087962962962963 0.022916666666666665 0.13796296296296295
0 0.7723958333333333 0.5212962962962963 0.08333333333333333 0.07592592592592592
0 0.6057291666666667 0.5425925925925926 0.046875 0.11666666666666667
0 0.67421875 0.5657407407407408 0.14322916666666666 0.18888888888888888
0 0.47552083333333334 0.5282407407407408 0.042708333333333334 0.05648148148148148
0 0.43828125 0.5203703703703704 0.0203125 0.05
0 0.41432291666666665 0.5273148148148148 0.043229166666666666 0.06388888888888888
0 0.06067708333333333 0.48935185185185187 0.043229166666666666 0.03981481481481482
3 0.6286458333333333 0.3296296296296296 0.014583333333333334 0.03518518518518519
2 0.8885416666666667 0.2763888888888889 0.017708333333333333 0.0824074074074074
