0 0.11614583333333334 0.4537037037037037 0.23229166666666667 0.22592592592592592
0 0.40963541666666664 0.6657407407407407 0.4869791666666667 0.6666666666666666
0 0.74296875 0.5078703703703704 0.32135416666666666 0.21944444444444444
0 0.921875 0.6833333333333333 0.15520833333333334 0.6240740740740741
2 0.5401041666666667 0.09768518518518518 0.05625 0.025
2 0.6747395833333333 0.10046296296296296 0.05677083333333333 0.025
3 0.6283854166666667 0.07453703703703704 0.033854166666666664 0.06388888888888888
3 0.5994791666666667 0.3375 0.016666666666666666 0.028703703703703703
3 0.48880208333333336 0.3 0.013020833333333334 0.022222222222222223
2 0.46510416666666665 0.3055555555555556 0.015625 0.009259259259259259
2 0.4236979166666667 0.30462962962962964 0.016145833333333335 0.011111111111111112
3 0.4375 0.3 0.011458333333333333 0.022222222222222223
0 0.23151041666666666 0.4185185185185185 0.025520833333333333 0.044444444444444446
