0 0.020052083333333335 0.5537037037037037 0.04010416666666667 0.08333333333333333
0 0.12291666666666666 0.5625 0.06041666666666667 0.049074074074074076
0 0.26848958333333334 0.5393518518518519 0.0203125 0.032407407407407406
0 0.24817708333333333 0.5476851851851852 0.03177083333333333 0.025
0 0.2833333333333333 0.5365740740740741 0.014583333333333334 0.026851851851851852
0 0.33567708333333335 0.562037037037037 0.0421875 0.03518518518518519
0 0.47578125 0.524074074074074 0.018229166666666668 0.03333333333333333
0 0.5151041666666667 0.537962962962963 0.034375 0.053703703703703705
0 0.5755208333333334 0.538425925925926 0.03854166666666667 0.05277777777777778
0 0.6520833333333333 0.5537037037037037 0.12708333333333333 0.19074074074074074
0 0.71171875 0.5069444444444444 0.021354166666666667 0.03425925925925926
0 0.7333333333333333 0.5060185185185185 0.027083333333333334 0.04351851851851852
0 0.7609375 0.5083333333333333 0.0375 0.03888888888888889
0 0.8020833333333334 0.5074074074074074 0.030208333333333334 0.044444444444444446
0 0.8333333333333334 0.5018518518518519 0.04791666666666667 0.040740740740740744
0 0.88515625 0.5138888888888888 0.06822916666666666 0.06666666666666667
3 0.9705729166666667 0.30324074074074076 0.0265625 0.05462962962962963
0 0.38125 0.5402777777777777 0.014583333333333334 0.028703703703703703
0 0.16015625 0.5425925925925926 0.033854166666666664 0.046296296296296294
