0 0.013020833333333334 0.3990740740740741 0.026041666666666668 0.0962962962962963
0 0.053385416666666664 0.48842592592592593 0.10572916666666667 0.1361111111111111
0 0.061197916666666664 0.42685185185185187 0.09114583333333333 0.05925925925925926
0 0.15833333333333333 0.44814814814814813 0.03854166666666667 0.03518518518518519
0 0.18255208333333334 0.45 0.022395833333333334 0.03333333333333333
0 0.20546875 0.4537037037037037 0.027604166666666666 0.03333333333333333
0 0.22291666666666668 0.45555555555555555 0.01875 0.03148148148148148
0 0.28828125 0.4759259259259259 0.11302083333333333 0.09814814814814815
0 0.340625 0.6101851851851852 0.12916666666666668 0.3814814814814815
0 0.5794270833333334 0.6763888888888889 0.5098958333333333 0.6453703703703704
0 0.7997395833333333 0.44351851851851853 0.12239583333333333 0.1037037037037037
0 0.8291666666666667 0.5564814814814815 0.11770833333333333 0.22407407407407406
0 0.91640625 0.5856481481481481 0.16614583333333333 0.4305555555555556
2 0.55859375 0.3236111111111111 0.0203125 0.012037037037037037
2 0.5002604166666667 0.32037037037037036 0.021354166666666667 0.012962962962962963
3 0.5328125 0.31296296296296294 0.017708333333333333 0.02962962962962963
