0 0.08203125 0.5745370370370371 0.1640625 0.19722222222222222
0 0.17942708333333332 0.549537037037037 0.09739583333333333 0.1527777777777778
0 0.35546875 0.46805555555555556 0.0484375 0.11018518518518519
0 0.46901041666666665 0.45 0.011979166666666667 0.02962962962962963
1 0.46875 0.4439814814814815 0.009375 0.030555555555555555
0 0.5380208333333333 0.4597222222222222 0.03229166666666667 0.04351851851851852
0 0.5859375 0.4986111111111111 0.06666666666666667 0.08981481481481482
0 0.6260416666666667 0.5050925925925925 0.03125 0.11388888888888889
0 0.6703125 0.5046296296296297 0.08854166666666667 0.1574074074074074
0 0.6973958333333333 0.524074074074074 0.0625 0.17407407407407408
0 0.7768229166666667 0.5375 0.1671875 0.21203703703703702
2 0.51328125 0.33240740740740743 0.013020833333333334 0.009259259259259259
2 0.5471354166666667 0.3314814814814815 0.009895833333333333 0.009259259259259259
3 0.6453125 0.41388888888888886 0.016666666666666666 0.02962962962962963
