0 0.0375 0.47685185185185186 0.075 0.17777777777777778
0 0.15 0.6125 0.28541666666666665 0.39537037037037037
0 0.2921875 0.5199074074074074 0.06666666666666667 0.08611111111111111
0 0.3953125 0.5162037037037037 0.07291666666666667 0.09537037037037037
0 0.4080729166666667 0.5083333333333333 0.0515625 0.08888888888888889
0 0.42864583333333334 0.47638888888888886 0.06770833333333333 0.1398148148148148
0 0.46588541666666666 0.5092592592592593 0.016145833333333335 0.03888888888888889
0 0.49322916666666666 0.5087962962962963 0.014583333333333334 0.03981481481481482
0 0.51640625 0.5087962962962963 0.04635416666666667 0.062037037037037036
0 0.6018229166666667 0.49444444444444446 0.07447916666666667 0.12962962962962962
0 0.6424479166666667 0.5018518518518519 0.016145833333333335 0.07222222222222222
0 0.66171875 0.49722222222222223 0.0328125 0.09444444444444444
0 0.7052083333333333 0.49398148148148147 0.07604166666666666 0.11574074074074074
0 0.753125 0.512962962962963 0.08229166666666667 0.10555555555555556
0 0.8044270833333333 0.500462962962963 0.0359375 0.03796296296296296
0 0.8338541666666667 0.4842592592592593 0.058333333333333334 0.044444444444444446
1 0.8533854166666667 0.48333333333333334 0.009895833333333333 0.06851851851851852
0 0.9169270833333333 0.49027777777777776 0.16510416666666666 0.9805555555555555
3 0.7424479166666667 0.36666666666666664 0.0203125 0.04814814814814815
3 0.74140625 0.41203703703703703 0.0234375 0.044444444444444446
3 0.5802083333333333 0.3509259259259259 0.014583333333333334 0.025925925925925925
3 0.5098958333333333 0.3486111111111111 0.014583333333333334 0.03425925925925926
2 0.4796875 0.41944444444444445 0.014583333333333334 0.007407407407407408
2 0.5197916666666667 0.4162037037037037 0.014583333333333334 0.006481481481481481
