0 0.025520833333333333 0.7305555555555555 0.051041666666666666 0.32037037037037036
0 0.278125 0.5435185185185185 0.07083333333333333 0.08518518518518518
0 0.3809895833333333 0.5180555555555556 0.018229166666666668 0.03611111111111111
0 0.40338541666666666 0.5393518518518519 0.0609375 0.0787037037037037
0 0.4192708333333333 0.5023148148148148 0.036458333333333336 0.06388888888888888
0 0.43984375 0.5203703703703704 0.0171875 0.027777777777777776
0 0.4640625 0.5027777777777778 0.03333333333333333 0.07592592592592592
0 0.5080729166666667 0.4986111111111111 0.016145833333333335 0.028703703703703703
0 0.5065104166666666 0.5212962962962963 0.025520833333333333 0.03888888888888889
3 0.51328125 0.37407407407407406 0.018229166666666668 0.03333333333333333
3 0.5325520833333334 0.3736111111111111 0.018229166666666668 0.032407407407407406
