0 0.009375 0.45 0.01875 0.03148148148148148
0 0.08723958333333333 0.462037037037037 0.016145833333333335 0.024074074074074074
0 0.11588541666666667 0.49583333333333335 0.0609375 0.09166666666666666
0 0.15364583333333334 0.4740740740740741 0.03333333333333333 0.044444444444444446
0 0.2604166666666667 0.46435185185185185 0.06354166666666666 0.11388888888888889
0 0.303125 0.487962962962963 0.023958333333333335 0.03518518518518519
0 0.33203125 0.48564814814814816 0.034895833333333334 0.05092592592592592
0 0.4270833333333333 0.5018518518518519 0.06041666666666667 0.08518518518518518
0 0.8244791666666667 0.4564814814814815 0.27708333333333335 0.5203703703703704
3 0.4859375 0.3875 0.017708333333333333 0.030555555555555555
3 0.48541666666666666 0.4166666666666667 0.01875 0.03148148148148148
