3 0.9466145833333334 0.2337962962962963 0.044270833333333336 0.0824074074074074
2 0.12526041666666668 0.3578703703703704 0.009895833333333333 0.006481481481481481
2 0.15807291666666667 0.35648148148148145 0.0140625 0.007407407407407408
0 0.7341145833333333 0.5111111111111111 0.19010416666666666 0.22962962962962963
0 0.34921875 0.44722222222222224 0.044270833333333336 0.05185185185185185
0 0.28854166666666664 0.44027777777777777 0.03333333333333333 0.041666666666666664
0 0.31927083333333334 0.44027777777777777 0.028125 0.026851851851851852
0 0.12786458333333334 0.4425925925925926 0.0234375 0.04814814814814815
0 0.14010416666666667 0.4462962962962963 0.034375 0.046296296296296294
0 0.16953125 0.4412037037037037 0.028645833333333332 0.03796296296296296
0 0.19921875 0.4425925925925926 0.0328125 0.05740740740740741
0 0.21432291666666667 0.4675925925925926 0.0703125 0.09074074074074075
