0 0.39401041666666664 0.49953703703703706 0.015104166666666667 0.028703703703703703
0 0.35911458333333335 0.5217592592592593 0.03697916666666667 0.05277777777777778
0 0.346875 0.5305555555555556 0.027083333333333334 0.046296296296296294
0 0.3177083333333333 0.5152777777777777 0.03333333333333333 0.026851851851851852
0 0.26614583333333336 0.5393518518518519 0.036458333333333336 0.05462962962962963
0 0.3059895833333333 0.5541666666666667 0.08177083333333333 0.08796296296296297
0 0.1546875 0.6787037037037037 0.309375 0.4
0 0.46458333333333335 0.524537037037037 0.030208333333333334 0.04351851851851852
0 0.4354166666666667 0.5416666666666666 0.05 0.06481481481481481
0 0.5122395833333333 0.5231481481481481 0.0234375 0.037037037037037035
3 0.56328125 0.36574074074074076 0.0140625 0.025925925925925925
3 0.5458333333333333 0.37222222222222223 0.020833333333333332 0.02962962962962963
1 0.7596354166666667 0.3976851851851852 0.005729166666666666 0.030555555555555555
0 0.8828125 0.612037037037037 0.23333333333333334 0.2518518518518518
0 0.73515625 0.5685185185185185 0.11510416666666666 0.13703703703703704
0 0.6682291666666667 0.5407407407407407 0.096875 0.13703703703703704
0 0.59765625 0.5314814814814814 0.06822916666666666 0.06666666666666667
