0 0.12786458333333334 0.575 0.21510416666666668 0.26296296296296295
0 0.21614583333333334 0.5189814814814815 0.15208333333333332 0.25277777777777777
0 0.28203125 0.5101851851851852 0.030729166666666665 0.16666666666666666
0 0.28489583333333335 0.48194444444444445 0.046875 0.14722222222222223
0 0.36276041666666664 0.47453703703703703 0.0453125 0.05462962962962963
0 0.47604166666666664 0.487962962962963 0.18645833333333334 0.4111111111111111
0 0.6546875 0.4828703703703704 0.07604166666666666 0.062037037037037036
0 0.04895833333333333 0.4449074074074074 0.09791666666666667 0.125
2 0.4479166666666667 0.21944444444444444 0.041666666666666664 0.018518518518518517
2 0.3645833333333333 0.21342592592592594 0.040625 0.017592592592592594
3 0.32760416666666664 0.25972222222222224 0.017708333333333333 0.030555555555555555
3 0.39296875 0.2726851851851852 0.0171875 0.03425925925925926
2 0.3026041666666667 0.28379629629629627 0.027083333333333334 0.013888888888888888
0 0.7575520833333333 0.487962962962963 0.09322916666666667 0.13518518518518519
