0 0.6114583333333333 0.5527777777777778 0.06875 0.08333333333333333
0 0.50703125 0.5310185185185186 0.030729166666666665 0.058333333333333334
0 0.5395833333333333 0.5314814814814814 0.022916666666666665 0.03333333333333333
0 0.4036458333333333 0.5347222222222222 0.03333333333333333 0.05092592592592592
0 0.45 0.5268518518518519 0.021875 0.03888888888888889
0 0.46953125 0.5342592592592592 0.021354166666666667 0.027777777777777776
2 0.5138020833333333 0.42592592592592593 0.013020833333333334 0.007407407407407408
2 0.5502604166666667 0.425 0.013020833333333334 0.009259259259259259
0 0.2234375 0.5425925925925926 0.026041666666666668 0.04814814814814815
0 0.26875 0.5236111111111111 0.027083333333333334 0.06759259259259259
0 0.10963541666666667 0.5324074074074074 0.022395833333333334 0.05555555555555555
0 0.503125 0.5050925925925925 0.026041666666666668 0.03425925925925926
