0 0.0828125 0.4875 0.165625 0.975
1 0.29713541666666665 0.5203703703703704 0.0265625 0.1425925925925926
3 0.63125 0.28888888888888886 0.014583333333333334 0.027777777777777776
0 0.6010416666666667 0.5074074074074074 0.020833333333333332 0.15
0 0.6200520833333333 0.5060185185185185 0.0359375 0.11203703703703703
0 0.63046875 0.49212962962962964 0.05677083333333333 0.10092592592592593
0 0.665625 0.48935185185185187 0.035416666666666666 0.0824074074074074
0 0.68046875 0.4564814814814815 0.021354166666666667 0.03148148148148148
0 0.72578125 0.45787037037037037 0.025520833333333333 0.025
0 0.7442708333333333 0.4925925925925926 0.065625 0.08518518518518518
0 0.7869791666666667 0.46944444444444444 0.05416666666666667 0.05
1 0.7768229166666667 0.475 0.018229166666666668 0.06851851851851852
0 0.7763020833333333 0.4888888888888889 0.022395833333333334 0.05925925925925926
1 0.82421875 0.4671296296296296 0.0203125 0.06574074074074074
1 0.9278645833333333 0.48009259259259257 0.018229166666666668 0.08981481481481482
0 0.871875 0.5060185185185185 0.08854166666666667 0.11944444444444445
0 0.4588541666666667 0.4388888888888889 0.2677083333333333 0.42407407407407405
0 0.91171875 0.45601851851851855 0.025520833333333333 0.075
