0 0.2520833333333333 0.5814814814814815 0.14166666666666666 0.15555555555555556
0 0.36953125 0.5402777777777777 0.0359375 0.062037037037037036
0 0.44635416666666666 0.5916666666666667 0.16979166666666667 0.21481481481481482
0 0.03802083333333333 0.5305555555555556 0.026041666666666668 0.03333333333333333
0 0.07630208333333334 0.5226851851851851 0.022395833333333334 0.028703703703703703
0 0.11041666666666666 0.524074074074074 0.052083333333333336 0.03888888888888889
1 0.3072916666666667 0.5106481481481482 0.00625 0.023148148148148147
1 0.7046875 0.4976851851851852 0.015625 0.049074074074074076
2 0.5291666666666667 0.4212962962962963 0.010416666666666666 0.005555555555555556
2 0.5708333333333333 0.39814814814814814 0.0125 0.007407407407407408
2 0.5981770833333333 0.3972222222222222 0.0140625 0.007407407407407408
