0 0.7114583333333333 0.5 0.07708333333333334 0.12962962962962962
0 0.8153645833333333 0.5402777777777777 0.1734375 0.225
0 0.9736979166666667 0.6546296296296297 0.0515625 0.29444444444444445
0 0.5361979166666667 0.42268518518518516 0.2859375 0.5194444444444445
0 0.39140625 0.4837962962962963 0.030729166666666665 0.07314814814814814
0 0.2984375 0.4861111111111111 0.025 0.06851851851851852
0 0.3453125 0.5023148148148148 0.09895833333333333 0.125
0 0.03619791666666667 0.42453703703703705 0.058854166666666666 0.0712962962962963
0 0.034375 0.5268518518518519 0.06354166666666666 0.17037037037037037
0 0.17838541666666666 0.5046296296296297 0.24322916666666666 0.35
0 0.012760416666666666 0.725925925925926 0.025520833333333333 0.32592592592592595
0 0.6177083333333333 0.3814814814814815 0.04791666666666667 0.07037037037037037
