1 0.896875 0.5097222222222222 0.025 0.14351851851851852
1 0.8236979166666667 0.47685185185185186 0.0203125 0.11666666666666667
0 0.6609375 0.43472222222222223 0.15520833333333334 0.26944444444444443
0 0.5239583333333333 0.45092592592592595 0.035416666666666666 0.05185185185185185
0 0.4984375 0.47129629629629627 0.03125 0.06481481481481481
0 0.5166666666666667 0.4925925925925926 0.022916666666666665 0.05555555555555555
1 0.51640625 0.4726851851851852 0.021354166666666667 0.06759259259259259
1 0.15807291666666667 0.48703703703703705 0.011979166666666667 0.06666666666666667
0 0.026302083333333334 0.5199074074074074 0.05260416666666667 0.1712962962962963
1 0.51171875 0.45416666666666666 0.013020833333333334 0.032407407407407406
