0 0.046614583333333334 0.5935185185185186 0.04114583333333333 0.08148148148148149
0 0.115625 0.5912037037037037 0.035416666666666666 0.05462962962962963
0 0.20286458333333332 0.5388888888888889 0.15677083333333333 0.25555555555555554
0 0.28932291666666665 0.5958333333333333 0.07760416666666667 0.125
0 0.31640625 0.549074074074074 0.0546875 0.07037037037037037
0 0.31015625 0.5101851851851852 0.0609375 0.04814814814814815
0 0.44114583333333335 0.6842592592592592 0.271875 0.4444444444444444
0 0.7505208333333333 0.6189814814814815 0.19270833333333334 0.2324074074074074
0 0.8598958333333333 0.6143518518518518 0.07291666666666667 0.14722222222222223
0 0.86640625 0.5481481481481482 0.043229166666666666 0.044444444444444446
0 0.6619791666666667 0.5430555555555555 0.020833333333333332 0.03796296296296296
1 0.6502604166666667 0.5439814814814815 0.005729166666666666 0.032407407407407406
1 0.640625 0.5449074074074074 0.00625 0.032407407407407406
0 0.56015625 0.5444444444444444 0.0265625 0.053703703703703705
0 0.5890625 0.5425925925925926 0.022916666666666665 0.046296296296296294
2 0.4661458333333333 0.17083333333333334 0.06770833333333333 0.030555555555555555
2 0.6380208333333334 0.1736111111111111 0.06770833333333333 0.030555555555555555
3 0.5770833333333333 0.12685185185185185 0.040625 0.07222222222222222
3 0.8174479166666667 0.15787037037037038 0.0390625 0.0712962962962963
3 0.9268229166666667 0.387037037037037 0.0484375 0.08333333333333333
3 0.9497395833333333 0.35324074074074074 0.025520833333333333 0.04722222222222222
2 0.53359375 0.48055555555555557 0.008854166666666666 0.005555555555555556
2 0.5591145833333333 0.4787037037037037 0.008854166666666666 0.005555555555555556
2 0.5630208333333333 0.48148148148148145 0.007291666666666667 0.003703703703703704
3 0.6513020833333333 0.39490740740740743 0.0171875 0.032407407407407406
