3 0.5140625 0.30972222222222223 0.021875 0.04351851851851852
3 0.4986979166666667 0.36435185185185187 0.0140625 0.025
2 0.44973958333333336 0.39444444444444443 0.0203125 0.009259259259259259
0 0.0703125 0.7263888888888889 0.140625 0.42314814814814816
0 0.09375 0.5328703703703703 0.10520833333333333 0.1361111111111111
0 0.14921875 0.5731481481481482 0.16927083333333334 0.1648148148148148
0 0.25364583333333335 0.5550925925925926 0.09375 0.11203703703703703
0 0.303125 0.5402777777777777 0.04479166666666667 0.06018518518518518
0 0.18567708333333333 0.4949074074074074 0.06302083333333333 0.04722222222222222
0 0.2791666666666667 0.48055555555555557 0.058333333333333334 0.06851851851851852
0 0.41796875 0.5425925925925926 0.0640625 0.08148148148148149
0 0.37213541666666666 0.5236111111111111 0.021354166666666667 0.04537037037037037
0 0.39739583333333334 0.49675925925925923 0.026041666666666668 0.025
0 0.38359375 0.5277777777777778 0.024479166666666666 0.040740740740740744
0 0.5278645833333333 0.5712962962962963 0.1328125 0.20555555555555555
0 0.6291666666666667 0.513425925925926 0.025 0.030555555555555555
0 0.7791666666666667 0.549537037037037 0.203125 0.24722222222222223
0 0.9888020833333333 0.5226851851851851 0.021354166666666667 0.05648148148148148
