0 0.04791666666666667 0.5407407407407407 0.09583333333333334 0.13333333333333333
0 0.15026041666666667 0.5324074074074074 0.11822916666666666 0.11666666666666667
0 0.2421875 0.5254629629629629 0.08958333333333333 0.10648148148148148
0 0.34713541666666664 0.5101851851851852 0.0796875 0.09444444444444444
0 0.3932291666666667 0.5092592592592593 0.03229166666666667 0.07777777777777778
0 0.4197916666666667 0.5027777777777778 0.05 0.07592592592592592
0 0.4518229166666667 0.49953703703703706 0.0328125 0.0712962962962963
0 0.47682291666666665 0.5 0.028645833333333332 0.06111111111111111
0 0.48984375 0.4981481481481482 0.013020833333333334 0.05555555555555555
0 0.48854166666666665 0.4791666666666667 0.016666666666666666 0.03425925925925926
0 0.5609375 0.41898148148148145 0.15208333333333332 0.2898148148148148
0 0.22526041666666666 0.44907407407407407 0.03802083333333333 0.04814814814814815
0 0.03046875 0.43703703703703706 0.0609375 0.07222222222222222
0 0.06041666666666667 0.43842592592592594 0.051041666666666666 0.06944444444444445
0 0.1 0.4388888888888889 0.05625 0.06296296296296296
0 0.1171875 0.4356481481481482 0.0625 0.058333333333333334
0 0.20234375 0.4462962962962963 0.025520833333333333 0.03333333333333333
0 0.21510416666666668 0.41574074074074074 0.05416666666666667 0.03518518518518519
0 0.64921875 0.4773148148148148 0.021354166666666667 0.028703703703703703
0 0.6760416666666667 0.4791666666666667 0.023958333333333335 0.03425925925925926
0 0.6950520833333333 0.4828703703703704 0.030729166666666665 0.030555555555555555
0 0.72109375 0.4837962962962963 0.0171875 0.03425925925925926
0 0.7299479166666667 0.4842592592592593 0.0171875 0.03518518518518519
0 0.7505208333333333 0.48055555555555557 0.035416666666666666 0.044444444444444446
0 0.7838541666666666 0.4810185185185185 0.030208333333333334 0.05277777777777778
0 0.7940104166666667 0.4847222222222222 0.018229166666666668 0.05092592592592592
0 0.8028645833333333 0.48518518518518516 0.0203125 0.053703703703703705
0 0.8276041666666667 0.48935185185185187 0.04479166666666667 0.06574074074074074
0 0.8354166666666667 0.4773148148148148 0.03125 0.049074074074074076
0 0.8690104166666667 0.5125 0.04114583333333333 0.11203703703703703
0 0.8921875 0.524537037037037 0.06979166666666667 0.13425925925925927
0 0.946875 0.538425925925926 0.10520833333333333 0.22870370370370371
3 0.8203125 0.26435185185185184 0.023958333333333335 0.03796296296296296
3 0.8447916666666667 0.26342592592592595 0.022916666666666665 0.03796296296296296
0 0.9869791666666666 0.5824074074074074 0.025 0.1425925925925926
0 0.6807291666666667 0.48148148148148145 0.014583333333333334 0.02962962962962963
