0 0.05625 0.7787037037037037 0.1125 0.27037037037037037
0 0.13854166666666667 0.562962962962963 0.03958333333333333 0.05740740740740741
0 0.16145833333333334 0.5597222222222222 0.014583333333333334 0.05092592592592592
0 0.1765625 0.5587962962962963 0.023958333333333335 0.04722222222222222
0 0.22109375 0.55 0.028645833333333332 0.04814814814814815
0 0.25052083333333336 0.55 0.051041666666666666 0.05740740740740741
0 0.34817708333333336 0.5717592592592593 0.11822916666666666 0.16203703703703703
0 0.41432291666666665 0.5351851851851852 0.03802083333333333 0.07222222222222222
0 0.49192708333333335 0.6189814814814815 0.1859375 0.2638888888888889
0 0.5671875 0.5111111111111111 0.027083333333333334 0.025925925925925925
0 0.5713541666666667 0.5305555555555556 0.023958333333333335 0.03148148148148148
0 0.6028645833333334 0.55 0.0578125 0.07777777777777778
0 0.8359375 0.6430555555555556 0.303125 0.325
3 0.6171875 0.38425925925925924 0.015625 0.025925925925925925
2 0.39453125 0.26944444444444443 0.033854166666666664 0.020370370370370372
2 0.4859375 0.2652777777777778 0.034375 0.021296296296296296
1 0.6783854166666666 0.5268518518518519 0.0046875 0.05
