0 0.24479166666666666 0.45925925925925926 0.04791666666666667 0.1111111111111111
0 0.28098958333333335 0.4736111111111111 0.030729166666666665 0.07314814814814814
0 0.32109375 0.48009259259259257 0.0734375 0.09537037037037037
0 0.37161458333333336 0.47453703703703703 0.024479166666666666 0.04351851851851852
0 0.44140625 0.4625 0.03177083333333333 0.07314814814814814
0 0.5505208333333333 0.6032407407407407 0.27291666666666664 0.3787037037037037
0 0.6677083333333333 0.45787037037037037 0.06041666666666667 0.04351851851851852
1 0.9833333333333333 0.44814814814814813 0.010416666666666666 0.03148148148148148
3 0.5419270833333333 0.28564814814814815 0.0140625 0.025
3 0.5333333333333333 0.3384259259259259 0.013541666666666667 0.025
2 0.5640625 0.3384259259259259 0.015625 0.010185185185185186
2 0.41875 0.2796296296296296 0.023958333333333335 0.014814814814814815
1 0.23046875 0.48935185185185187 0.0078125 0.05648148148148148
0 0.85390625 0.42685185185185187 0.1140625 0.05
