0 0.01953125 0.5467592592592593 0.0390625 0.15462962962962962
0 0.08151041666666667 0.4634259259259259 0.06822916666666666 0.06018518518518518
0 0.0640625 0.48009259259259257 0.09270833333333334 0.06018518518518518
0 0.15364583333333334 0.49398148148148147 0.05416666666666667 0.075
1 0.16223958333333333 0.49027777777777776 0.018229166666666668 0.09166666666666666
0 0.19010416666666666 0.48935185185185187 0.040625 0.06388888888888888
0 0.34479166666666666 0.48703703703703705 0.06458333333333334 0.08518518518518518
0 0.38619791666666664 0.47129629629629627 0.03802083333333333 0.06296296296296296
0 0.4127604166666667 0.47129629629629627 0.028645833333333332 0.044444444444444446
0 0.42473958333333334 0.46620370370370373 0.025520833333333333 0.04537037037037037
0 0.5278645833333333 0.5814814814814815 0.2359375 0.3277777777777778
2 0.4625 0.225 0.03125 0.018518518518518517
3 0.5080729166666667 0.21388888888888888 0.028645833333333332 0.05185185185185185
2 0.5583333333333333 0.2212962962962963 0.03125 0.020370370370370372
1 0.7208333333333333 0.4449074074074074 0.015625 0.041666666666666664
1 0.9375 0.4638888888888889 0.03229166666666667 0.1537037037037037
0 0.6682291666666667 0.4398148148148148 0.03333333333333333 0.05740740740740741
0 0.7213541666666666 0.44074074074074077 0.026041666666666668 0.044444444444444446
2 0.6421875 0.29444444444444445 0.011458333333333333 0.05555555555555555
2 0.4869791666666667 0.37175925925925923 0.010416666666666666 0.008333333333333333
2 0.5145833333333333 0.3712962962962963 0.011458333333333333 0.007407407407407408
3 0.6104166666666667 0.3962962962962963 0.010416666666666666 0.022222222222222223
