0 0.11692708333333333 0.5819444444444445 0.23385416666666667 0.3861111111111111
0 0.22317708333333333 0.48194444444444445 0.0265625 0.04351851851851852
0 0.26614583333333336 0.487962962962963 0.06770833333333333 0.08888888888888889
0 0.28203125 0.4462962962962963 0.03697916666666667 0.03518518518518519
0 0.3140625 0.4722222222222222 0.035416666666666666 0.05740740740740741
0 0.35182291666666665 0.47314814814814815 0.058854166666666666 0.08888888888888889
0 0.47109375 0.5319444444444444 0.15885416666666666 0.22314814814814815
0 0.5736979166666667 0.4777777777777778 0.0859375 0.12222222222222222
1 0.6169270833333333 0.4708333333333333 0.013020833333333334 0.06944444444444445
1 0.6223958333333334 0.4675925925925926 0.015625 0.07407407407407407
1 0.6427083333333333 0.475462962962963 0.014583333333333334 0.05462962962962963
1 0.8213541666666667 0.4685185185185185 0.011458333333333333 0.08518518518518518
0 0.6919270833333333 0.45740740740740743 0.1015625 0.15925925925925927
0 0.7895833333333333 0.46111111111111114 0.1 0.08148148148148149
0 0.94765625 0.5583333333333333 0.10364583333333334 0.26666666666666666
3 0.58203125 0.11574074074074074 0.0296875 0.053703703703703705
3 0.26979166666666665 0.3638888888888889 0.0125 0.022222222222222223
