3 0.12369791666666667 0.19768518518518519 0.05572916666666667 0.08796296296296297
0 0.013020833333333334 0.48333333333333334 0.026041666666666668 0.027777777777777776
0 0.044270833333333336 0.48148148148148145 0.027083333333333334 0.024074074074074074
0 0.06171875 0.48055555555555557 0.0203125 0.024074074074074074
0 0.24114583333333334 0.5236111111111111 0.14166666666666666 0.1712962962962963
0 0.378125 0.4875 0.04479166666666667 0.08425925925925926
0 0.46067708333333335 0.5217592592592593 0.15260416666666668 0.25462962962962965
0 0.5427083333333333 0.4671296296296296 0.021875 0.03425925925925926
0 0.5796875 0.45787037037037037 0.013541666666666667 0.025
0 0.59453125 0.4625 0.0171875 0.025
0 0.6604166666666667 0.4726851851851852 0.040625 0.06018518518518518
0 0.7010416666666667 0.48194444444444445 0.065625 0.08425925925925926
0 0.9622395833333334 0.5148148148148148 0.07447916666666667 0.2388888888888889
