3 0.7888020833333333 0.2708333333333333 0.06822916666666666 0.16018518518518518
0 0.7049479166666667 0.4842592592592593 0.14427083333333332 0.12407407407407407
0 0.61171875 0.562962962962963 0.12239583333333333 0.1425925925925926
0 0.53515625 0.5226851851851851 0.059895833333333336 0.030555555555555555
0 0.45807291666666666 0.5125 0.025520833333333333 0.030555555555555555
3 0.46484375 0.4324074074074074 0.0390625 0.07037037037037037
3 0.29609375 0.2023148148148148 0.027604166666666666 0.049074074074074076
2 0.22265625 0.3819444444444444 0.0234375 0.012037037037037037
2 0.27708333333333335 0.3819444444444444 0.023958333333333335 0.013888888888888888
0 0.37473958333333335 0.5287037037037037 0.050520833333333334 0.06851851851851852
0 0.31979166666666664 0.5175925925925926 0.025 0.05
0 0.165625 0.5296296296296297 0.05 0.06481481481481481
0 0.08151041666666667 0.4393518518518518 0.16197916666666667 0.325
0 0.07265625 0.5842592592592593 0.14427083333333332 0.48333333333333334
