3 0.7903645833333334 0.2222222222222222 0.027604166666666666 0.04814814814814815
3 0.81796875 0.23657407407407408 0.027604166666666666 0.058333333333333334
2 0.8744791666666667 0.25833333333333336 0.04479166666666667 0.018518518518518517
2 0.7533854166666667 0.2587962962962963 0.04739583333333333 0.021296296296296296
0 0.14635416666666667 0.5671296296296297 0.084375 0.08796296296296297
0 0.2140625 0.5564814814814815 0.06041666666666667 0.07777777777777778
0 0.2911458333333333 0.5583333333333333 0.06354166666666666 0.07962962962962963
0 0.34427083333333336 0.513425925925926 0.03958333333333333 0.075
0 0.3809895833333333 0.5509259259259259 0.0640625 0.09444444444444444
0 0.4122395833333333 0.5421296296296296 0.03177083333333333 0.07685185185185185
0 0.4786458333333333 0.5462962962962963 0.06145833333333333 0.09259259259259259
0 0.7736979166666667 0.5916666666666667 0.22135416666666666 0.17407407407407408
0 0.9541666666666667 0.7592592592592593 0.090625 0.43333333333333335
0 0.7604166666666666 0.49444444444444446 0.0625 0.05185185185185185
0 0.6236979166666666 0.5328703703703703 0.027604166666666666 0.03981481481481482
0 0.5578125 0.538425925925926 0.040625 0.05277777777777778
0 0.5286458333333334 0.5314814814814814 0.026041666666666668 0.037037037037037035
0 0.8619791666666666 0.5162037037037037 0.07083333333333333 0.07685185185185185
0 0.6434895833333333 0.5162037037037037 0.021354166666666667 0.06574074074074074
