0 0.14973958333333334 0.5287037037037037 0.0734375 0.07407407407407407
1 0.28463541666666664 0.5037037037037037 0.0078125 0.024074074074074074
1 0.30963541666666666 0.513425925925926 0.005729166666666666 0.04722222222222222
1 0.34375 0.5060185185185185 0.00625 0.032407407407407406
0 0.5127604166666667 0.5416666666666666 0.15364583333333334 0.2111111111111111
0 0.584375 0.5023148148148148 0.035416666666666666 0.0712962962962963
0 0.58359375 0.47453703703703703 0.05364583333333333 0.11388888888888889
0 0.6138020833333333 0.4935185185185185 0.015104166666666667 0.040740740740740744
0 0.6354166666666666 0.49675925925925923 0.028125 0.062037037037037036
0 0.6609375 0.5037037037037037 0.05416666666666667 0.07037037037037037
0 0.71796875 0.4699074074074074 0.05364583333333333 0.11944444444444445
0 0.8208333333333333 0.5453703703703704 0.21145833333333333 0.28888888888888886
3 0.5893229166666667 0.20416666666666666 0.025520833333333333 0.04537037037037037
2 0.5776041666666667 0.36527777777777776 0.020833333333333332 0.010185185185185186
2 0.6346354166666667 0.36342592592592593 0.0203125 0.008333333333333333
2 0.61640625 0.387037037037037 0.016145833333333335 0.007407407407407408
2 0.6598958333333333 0.3851851851851852 0.016666666666666666 0.007407407407407408
