0 0.07604166666666666 0.6435185185185185 0.15208333333333332 0.3814814814814815
0 0.14921875 0.5407407407407407 0.11302083333333333 0.16296296296296298
0 0.27838541666666666 0.5291666666666667 0.07864583333333333 0.09537037037037037
3 0.3299479166666667 0.449537037037037 0.015104166666666667 0.023148148148148147
0 0.3567708333333333 0.5092592592592593 0.027083333333333334 0.07407407407407407
0 0.3971354166666667 0.5152777777777777 0.08489583333333334 0.1398148148148148
0 0.4609375 0.4773148148148148 0.07083333333333333 0.13796296296296295
0 0.49609375 0.4888888888888889 0.011979166666666667 0.07962962962962963
0 0.5057291666666667 0.4925925925925926 0.014583333333333334 0.05555555555555555
0 0.5200520833333333 0.4847222222222222 0.021354166666666667 0.049074074074074076
0 0.5385416666666667 0.4842592592592593 0.020833333333333332 0.03518518518518519
0 0.5669270833333333 0.5092592592592593 0.049479166666666664 0.07777777777777778
0 0.6510416666666666 0.47314814814814815 0.027083333333333334 0.06111111111111111
0 0.20078125 0.4787037037037037 0.0328125 0.037037037037037035
0 0.33489583333333334 0.475462962962963 0.020833333333333332 0.026851851851851852
0 0.5510416666666667 0.449537037037037 0.03229166666666667 0.04351851851851852
