0 0.8255208333333334 0.5254629629629629 0.103125 0.14166666666666666
0 0.6559895833333333 0.4828703703703704 0.07239583333333334 0.0712962962962963
0 0.43697916666666664 0.49444444444444446 0.13333333333333333 0.08888888888888889
0 0.33828125 0.4925925925925926 0.0421875 0.027777777777777776
0 0.2328125 0.48564814814814816 0.09895833333333333 0.030555555555555555
0 0.21953125 0.513425925925926 0.12864583333333332 0.06574074074074074
1 0.16822916666666668 0.5296296296296297 0.027083333333333334 0.053703703703703705
0 0.00625 0.5277777777777778 0.0125 0.1037037037037037
0 0.046614583333333334 0.487962962962963 0.09322916666666667 0.13148148148148148
3 0.9578125 0.3509259259259259 0.013541666666666667 0.05
2 0.9544270833333334 0.33935185185185185 0.0109375 0.05648148148148148
