0 0.43385416666666665 0.5324074074074074 0.01875 0.046296296296296294
0 0.31640625 0.6212962962962963 0.022395833333333334 0.07777777777777778
0 0.48723958333333334 0.5189814814814815 0.1015625 0.09722222222222222
0 0.503125 0.6143518518518518 0.15833333333333333 0.2212962962962963
0 0.33645833333333336 0.4726851851851852 0.017708333333333333 0.028703703703703703
0 0.63515625 0.5055555555555555 0.025520833333333333 0.05185185185185185
0 0.828125 0.6106481481481482 0.019791666666666666 0.041666666666666664
0 0.8877604166666667 0.6083333333333333 0.03177083333333333 0.05555555555555555
0 0.9510416666666667 0.6777777777777778 0.025 0.04259259259259259
0 0.9682291666666667 0.6199074074074075 0.0625 0.10648148148148148
0 0.97265625 0.6921296296296297 0.05364583333333333 0.032407407407407406
3 0.5903645833333333 0.5597222222222222 0.013020833333333334 0.023148148148148147
3 0.7018229166666666 0.36203703703703705 0.0671875 0.11666666666666667
3 0.7026041666666667 0.475462962962963 0.06458333333333334 0.1175925925925926
0 0.07604166666666666 0.6439814814814815 0.020833333333333332 0.03796296296296296
