3 0.7830729166666667 0.4162037037037037 0.0140625 0.025
2 0.6825520833333333 0.12407407407407407 0.06510416666666667 0.03148148148148148
1 0.5674479166666667 0.5953703703703703 0.0578125 0.39444444444444443
1 0.934375 0.6037037037037037 0.109375 0.5055555555555555
0 0.16901041666666666 0.44074074074074077 0.3380208333333333 0.48333333333333334
0 0.34010416666666665 0.5083333333333333 0.013541666666666667 0.06111111111111111
0 0.346875 0.5037037037037037 0.025 0.053703703703703705
0 0.39348958333333334 0.5009259259259259 0.030729166666666665 0.04259259259259259
0 0.4200520833333333 0.5023148148148148 0.024479166666666666 0.032407407407407406
0 0.421875 0.49166666666666664 0.03229166666666667 0.04259259259259259
0 0.67421875 0.47638888888888886 0.04010416666666667 0.08055555555555556
0 0.696875 0.49953703703703706 0.06041666666666667 0.06759259259259259
0 0.9002604166666667 0.5416666666666666 0.1984375 0.18888888888888888
