0 0.28984375 0.5347222222222222 0.5046875 0.3194444444444444
0 0.2234375 0.3648148148148148 0.44479166666666664 0.5055555555555555
2 0.4828125 0.09074074074074075 0.06145833333333333 0.03333333333333333
2 0.6541666666666667 0.08333333333333333 0.0625 0.03333333333333333
3 0.5901041666666667 0.06759259259259259 0.03854166666666667 0.06851851851851852
3 0.6385416666666667 0.16944444444444445 0.015625 0.02962962962962963
3 0.73671875 0.2763888888888889 0.021354166666666667 0.03796296296296296
3 0.7520833333333333 0.3282407407407407 0.022916666666666665 0.041666666666666664
1 0.5046875 0.41898148148148145 0.009375 0.03796296296296296
0 0.4791666666666667 0.43287037037037035 0.04375 0.06574074074074074
0 0.5205729166666667 0.42083333333333334 0.027604166666666666 0.03796296296296296
0 0.5619791666666667 0.4162037037037037 0.023958333333333335 0.032407407407407406
0 0.6104166666666667 0.41574074074074074 0.023958333333333335 0.03333333333333333
0 0.6291666666666667 0.412962962962963 0.01875 0.03148148148148148
0 0.6609375 0.4013888888888889 0.016666666666666666 0.041666666666666664
0 0.6619791666666667 0.40925925925925927 0.013541666666666667 0.02962962962962963
1 0.6973958333333333 0.41759259259259257 0.011458333333333333 0.06851851851851852
3 0.72265625 0.3398148148148148 0.0078125 0.03333333333333333
