0 0.034375 0.5050925925925925 0.06875 0.07685185185185185
0 0.058333333333333334 0.5356481481481481 0.084375 0.05277777777777778
0 0.12708333333333333 0.5282407407407408 0.053125 0.026851851851851852
0 0.2328125 0.5162037037037037 0.0375 0.023148148148148147
0 0.5388020833333333 0.5199074074074074 0.033854166666666664 0.05092592592592592
0 0.5611979166666666 0.5189814814814815 0.019270833333333334 0.025
0 0.5765625 0.5143518518518518 0.013541666666666667 0.025
0 0.5966145833333333 0.5166666666666667 0.015104166666666667 0.025925925925925925
0 0.6341145833333334 0.5018518518518519 0.04010416666666667 0.07777777777777778
3 0.65546875 0.4078703703703704 0.0140625 0.025
