3 0.7833333333333333 0.41898148148148145 0.013541666666666667 0.021296296296296296
1 0.9872395833333333 0.487962962962963 0.022395833333333334 0.09259259259259259
1 0.5690104166666666 0.649074074074074 0.18697916666666667 0.5111111111111111
0 0.5497395833333333 0.711574074074074 0.1796875 0.44722222222222224
2 0.6825520833333333 0.12685185185185185 0.06510416666666667 0.03148148148148148
1 0.12708333333333333 0.5194444444444445 0.028125 0.10555555555555556
0 0.12916666666666668 0.5319444444444444 0.035416666666666666 0.0787037037037037
0 0.019270833333333334 0.5537037037037037 0.03854166666666667 0.07407407407407407
0 0.028645833333333332 0.5254629629629629 0.057291666666666664 0.07685185185185185
0 0.08723958333333333 0.5226851851851851 0.06614583333333333 0.0824074074074074
0 0.15026041666666667 0.5236111111111111 0.021354166666666667 0.06574074074074074
0 0.18333333333333332 0.5189814814814815 0.07291666666666667 0.0787037037037037
0 0.1984375 0.4648148148148148 0.08645833333333333 0.06481481481481481
0 0.2598958333333333 0.4648148148148148 0.053125 0.05185185185185185
0 0.22005208333333334 0.5148148148148148 0.03177083333333333 0.06666666666666667
0 0.246875 0.5162037037037037 0.03333333333333333 0.07685185185185185
0 0.3111979166666667 0.5203703703703704 0.15572916666666667 0.1037037037037037
0 0.4015625 0.5041666666666667 0.09270833333333334 0.10277777777777777
0 0.48020833333333335 0.5055555555555555 0.05520833333333333 0.07407407407407407
0 0.52421875 0.4925925925925926 0.033854166666666664 0.03333333333333333
0 0.6388020833333333 0.4962962962962963 0.06302083333333333 0.09074074074074075
0 0.67421875 0.4976851851851852 0.022395833333333334 0.049074074074074076
0 0.6049479166666667 0.49583333333333335 0.015104166666666667 0.032407407407407406
