3 0.475 0.02962962962962963 0.03125 0.05555555555555555
3 0.38125 0.13564814814814816 0.030208333333333334 0.05277777777777778
2 0.5125 0.12453703703703704 0.071875 0.032407407407407406
3 0.5848958333333333 0.12962962962962962 0.04479166666666667 0.07407407407407407
3 0.6328125 0.13240740740740742 0.04479166666666667 0.07777777777777778
2 0.7143229166666667 0.12638888888888888 0.07135416666666666 0.03425925925925926
0 0.19895833333333332 0.5217592592592593 0.10729166666666666 0.12685185185185185
0 0.29921875 0.5046296296296297 0.0796875 0.10555555555555556
0 0.3653645833333333 0.49444444444444446 0.06197916666666667 0.08148148148148149
0 0.49505208333333334 0.49212962962962964 0.05260416666666667 0.05277777777777778
0 0.5963541666666666 0.4791666666666667 0.046875 0.05462962962962963
0 0.6671875 0.4777777777777778 0.042708333333333334 0.044444444444444446
0 0.7080729166666667 0.4740740740740741 0.027604166666666666 0.037037037037037035
0 0.7330729166666666 0.47638888888888886 0.028645833333333332 0.032407407407407406
0 0.79609375 0.46574074074074073 0.0203125 0.04814814814814815
0 0.8463541666666666 0.46574074074074073 0.021875 0.025925925925925925
0 0.621875 0.4824074074074074 0.014583333333333334 0.04259259259259259
