0 0.05703125 0.5657407407407408 0.03697916666666667 0.04814814814814815
0 0.21588541666666666 0.5356481481481481 0.024479166666666666 0.03611111111111111
0 0.26067708333333334 0.5486111111111112 0.021354166666666667 0.03981481481481482
0 0.23802083333333332 0.5564814814814815 0.042708333333333334 0.05
0 0.303125 0.5402777777777777 0.013541666666666667 0.03796296296296296
0 0.39140625 0.4740740740740741 0.0140625 0.024074074074074074
0 0.39817708333333335 0.5064814814814815 0.0171875 0.024074074074074074
0 0.40859375 0.5314814814814814 0.0296875 0.044444444444444446
0 0.34869791666666666 0.5546296296296296 0.0953125 0.12222222222222222
0 0.5744791666666667 0.5365740740740741 0.026041666666666668 0.062037037037037036
0 0.59765625 0.5462962962962963 0.044270833333333336 0.08518518518518518
0 0.6450520833333333 0.5439814814814815 0.07864583333333333 0.13796296296296295
0 0.6885416666666667 0.562962962962963 0.09583333333333334 0.1685185185185185
0 0.8471354166666667 0.6226851851851852 0.3046875 0.5046296296296297
2 0.5200520833333333 0.412962962962963 0.0140625 0.009259259259259259
2 0.5630208333333333 0.412962962962963 0.013541666666666667 0.009259259259259259
0 0.49583333333333335 0.575925925925926 0.16041666666666668 0.21851851851851853
