1 0.028645833333333332 0.49907407407407406 0.009375 0.046296296296296294
1 0.18645833333333334 0.5143518518518518 0.0125 0.08611111111111111
1 0.17864583333333334 0.5189814814814815 0.013541666666666667 0.08055555555555556
1 0.19479166666666667 0.513425925925926 0.010416666666666666 0.08796296296296297
1 0.27786458333333336 0.49444444444444446 0.0109375 0.05185185185185185
1 0.25546875 0.49583333333333335 0.009895833333333333 0.05277777777777778
0 0.40859375 0.5023148148148148 0.04010416666666667 0.05092592592592592
0 0.3984375 0.49166666666666664 0.022916666666666665 0.03518518518518519
0 0.45260416666666664 0.47453703703703703 0.025 0.05648148148148148
0 0.4700520833333333 0.48194444444444445 0.013020833333333334 0.025
0 0.5096354166666667 0.5305555555555556 0.08697916666666666 0.12962962962962962
0 0.54453125 0.4583333333333333 0.05364583333333333 0.05
0 0.5630208333333333 0.475 0.017708333333333333 0.024074074074074074
0 0.603125 0.49444444444444446 0.03854166666666667 0.05
1 0.6614583333333334 0.487962962962963 0.008333333333333333 0.06111111111111111
1 0.7893229166666667 0.4601851851851852 0.0140625 0.025925925925925925
0 0.7513020833333334 0.549074074074074 0.13177083333333334 0.17962962962962964
0 0.8817708333333333 0.5768518518518518 0.221875 0.26851851851851855
2 0.47682291666666665 0.39861111111111114 0.0140625 0.006481481481481481
2 0.5192708333333333 0.3939814814814815 0.014583333333333334 0.006481481481481481
2 0.55546875 0.3912037037037037 0.013020833333333334 0.006481481481481481
1 0.6200520833333333 0.4708333333333333 0.0067708333333333336 0.032407407407407406
