3 0.7591145833333334 0.38055555555555554 0.04114583333333333 0.06481481481481481
0 0.2 0.4564814814814815 0.017708333333333333 0.03148148148148148
0 0.2171875 0.46296296296296297 0.019791666666666666 0.03148148148148148
0 0.22265625 0.4689814814814815 0.022395833333333334 0.03611111111111111
0 0.24947916666666667 0.48194444444444445 0.046875 0.06388888888888888
0 0.27291666666666664 0.46805555555555556 0.013541666666666667 0.032407407407407406
0 0.2765625 0.45925925925925926 0.019791666666666666 0.03518518518518519
0 0.3026041666666667 0.4685185185185185 0.014583333333333334 0.03148148148148148
0 0.32135416666666666 0.46435185185185185 0.030208333333333334 0.04722222222222222
0 0.3734375 0.4263888888888889 0.065625 0.11388888888888889
0 0.35442708333333334 0.5037037037037037 0.0234375 0.10185185185185185
0 0.43255208333333334 0.5583333333333333 0.18802083333333333 0.28888888888888886
0 0.5489583333333333 0.48935185185185187 0.07916666666666666 0.16018518518518518
0 0.7947916666666667 0.5685185185185185 0.25 0.2740740740740741
