0 0.12708333333333333 0.6 0.25416666666666665 0.43333333333333335
0 0.225 0.4847222222222222 0.03333333333333333 0.04351851851851852
0 0.31484375 0.48703703703703705 0.14739583333333334 0.28888888888888886
0 0.3958333333333333 0.5217592592592593 0.040625 0.12685185185185185
0 0.4375 0.48194444444444445 0.035416666666666666 0.06759259259259259
0 0.45755208333333336 0.4375 0.0359375 0.030555555555555555
0 0.42421875 0.43796296296296294 0.0296875 0.046296296296296294
0 0.4388020833333333 0.42685185185185187 0.03177083333333333 0.040740740740740744
0 0.51953125 0.41203703703703703 0.0453125 0.04259259259259259
0 0.5158854166666667 0.42407407407407405 0.03697916666666667 0.024074074074074074
0 0.55 0.6393518518518518 0.3020833333333333 0.41574074074074074
0 0.5885416666666666 0.39166666666666666 0.08125 0.08888888888888889
0 0.7299479166666667 0.4425925925925926 0.22864583333333333 0.37407407407407406
0 0.9263020833333333 0.6402777777777777 0.14635416666666667 0.41388888888888886
0 0.8776041666666666 0.42407407407407405 0.04895833333333333 0.037037037037037035
0 0.9221354166666667 0.42592592592592593 0.0140625 0.03888888888888889
1 0.8606770833333334 0.44907407407407407 0.018229166666666668 0.06111111111111111
2 0.4322916666666667 0.2824074074074074 0.034375 0.016666666666666666
2 0.49270833333333336 0.30925925925925923 0.021875 0.011111111111111112
2 0.5591145833333333 0.2726851851851852 0.033854166666666664 0.017592592592592594
2 0.55859375 0.30694444444444446 0.022395833333333334 0.012037037037037037
3 0.47890625 0.24814814814814815 0.0203125 0.037037037037037035
3 0.5424479166666667 0.24212962962962964 0.0140625 0.025
3 0.51328125 0.3023148148148148 0.0140625 0.023148148148148147
3 0.571875 0.3263888888888889 0.014583333333333334 0.023148148148148147
3 0.5786458333333333 0.32546296296296295 0.013541666666666667 0.021296296296296296
3 0.8614583333333333 0.3162037037037037 0.021875 0.03796296296296296
