0 0.025260416666666667 0.49583333333333335 0.03697916666666667 0.08425925925925926
0 0.10625 0.5013888888888889 0.057291666666666664 0.06388888888888888
0 0.15052083333333333 0.49953703703703706 0.041666666666666664 0.05648148148148148
0 0.18072916666666666 0.49166666666666664 0.029166666666666667 0.044444444444444446
0 0.21796875 0.49675925925925923 0.0453125 0.05462962962962963
0 0.2520833333333333 0.48333333333333334 0.027083333333333334 0.040740740740740744
0 0.27291666666666664 0.48518518518518516 0.042708333333333334 0.03888888888888889
0 0.41041666666666665 0.49212962962962964 0.013541666666666667 0.04351851851851852
0 0.47734375 0.5703703703703704 0.17760416666666667 0.25
0 0.5489583333333333 0.4310185185185185 0.09583333333333334 0.225
0 0.6119791666666666 0.49212962962962964 0.040625 0.06759259259259259
0 0.6817708333333333 0.55 0.15625 0.19074074074074074
0 0.9372395833333333 0.5574074074074075 0.12447916666666667 0.21481481481481482
