0 0.013802083333333333 0.5810185185185185 0.027604166666666666 0.24351851851851852
0 0.21979166666666666 0.5074074074074074 0.06875 0.07407407407407407
0 0.29609375 0.5310185185185186 0.16510416666666666 0.14166666666666666
0 0.38515625 0.49583333333333335 0.0515625 0.06018518518518518
0 0.43515625 0.4949074074074074 0.0703125 0.06944444444444445
0 0.4557291666666667 0.4875 0.042708333333333334 0.06388888888888888
0 0.48671875 0.4888888888888889 0.03177083333333333 0.05925925925925926
0 0.52109375 0.487962962962963 0.06197916666666667 0.06296296296296296
0 0.5403645833333334 0.4824074074074074 0.0296875 0.05740740740740741
0 0.5721354166666667 0.4842592592592593 0.0390625 0.05
0 0.603125 0.48009259259259257 0.036458333333333336 0.04722222222222222
0 0.62890625 0.47685185185185186 0.0328125 0.05
0 0.6575520833333334 0.475462962962963 0.034895833333333334 0.049074074074074076
0 0.6848958333333334 0.46944444444444444 0.03229166666666667 0.05555555555555555
0 0.70859375 0.4759259259259259 0.018229166666666668 0.03518518518518519
0 0.7247395833333333 0.475 0.022395833333333334 0.03518518518518519
0 0.74140625 0.47314814814814815 0.016145833333333335 0.03333333333333333
0 0.7674479166666667 0.47314814814814815 0.03697916666666667 0.05
0 0.846875 0.46620370370370373 0.022916666666666665 0.028703703703703703
3 0.4752604166666667 0.028703703703703703 0.030729166666666665 0.053703703703703705
3 0.3815104166666667 0.13472222222222222 0.0296875 0.05277777777777778
2 0.5125 0.12407407407407407 0.071875 0.03148148148148148
3 0.58515625 0.12916666666666668 0.044270833333333336 0.075
3 0.6325520833333333 0.13194444444444445 0.044270833333333336 0.07685185185185185
2 0.7140625 0.12638888888888888 0.071875 0.03425925925925926
