0 0.0296875 0.5074074074074074 0.059375 0.14814814814814814
0 0.14817708333333332 0.5027777777777778 0.07239583333333334 0.07222222222222222
0 0.5049479166666667 0.5675925925925925 0.0671875 0.17777777777777778
1 0.5046875 0.5212962962962963 0.04895833333333333 0.18888888888888888
0 0.6153645833333333 0.4550925925925926 0.03177083333333333 0.03796296296296296
0 0.6427083333333333 0.4537037037037037 0.035416666666666666 0.03333333333333333
0 0.6658854166666667 0.4527777777777778 0.0140625 0.025925925925925925
0 0.6799479166666667 0.45 0.0234375 0.027777777777777776
0 0.7057291666666666 0.4444444444444444 0.034375 0.037037037037037035
0 0.7671875 0.48148148148148145 0.046875 0.05925925925925926
0 0.8002604166666667 0.44351851851851853 0.024479166666666666 0.027777777777777776
