3 0.3138020833333333 0.20879629629629629 0.013020833333333334 0.023148148148148147
2 0.37473958333333335 0.18981481481481483 0.021354166666666667 0.012962962962962963
2 0.475 0.1824074074074074 0.022916666666666665 0.012962962962962963
1 0.6125 0.35833333333333334 0.0125 0.05925925925925926
0 0.4869791666666667 0.5509259259259259 0.21354166666666666 0.34629629629629627
0 0.10026041666666667 0.6296296296296297 0.20052083333333334 0.5055555555555555
0 0.18723958333333332 0.5263888888888889 0.19947916666666668 0.32685185185185184
0 0.2950520833333333 0.48657407407407405 0.0984375 0.21944444444444444
0 0.34921875 0.4537037037037037 0.08177083333333333 0.14444444444444443
0 0.3578125 0.40925925925925927 0.08645833333333333 0.11296296296296296
0 0.38645833333333335 0.4023148148148148 0.05 0.10092592592592593
0 0.41119791666666666 0.3939814814814815 0.028645833333333332 0.0712962962962963
0 0.31276041666666665 0.36712962962962964 0.030729166666666665 0.030555555555555555
0 0.8109375 0.32916666666666666 0.0375 0.028703703703703703
