2 0.51484375 0.37083333333333335 0.016145833333333335 0.008333333333333333
2 0.55 0.37175925925925923 0.015625 0.008333333333333333
3 0.5989583333333334 0.25555555555555554 0.01875 0.03333333333333333
3 0.61875 0.25601851851851853 0.01875 0.032407407407407406
0 0.028385416666666666 0.5935185185185186 0.05677083333333333 0.3055555555555556
0 0.3143229166666667 0.46296296296296297 0.04635416666666667 0.09814814814814815
0 0.3489583333333333 0.4777777777777778 0.025 0.04814814814814815
0 0.40338541666666666 0.4634259259259259 0.034895833333333334 0.06388888888888888
0 0.415625 0.47175925925925927 0.0375 0.05462962962962963
0 0.39557291666666666 0.4759259259259259 0.013020833333333334 0.04259259259259259
0 0.4453125 0.47314814814814815 0.020833333333333332 0.03518518518518519
0 0.4739583333333333 0.47453703703703703 0.020833333333333332 0.028703703703703703
0 0.51484375 0.475 0.05260416666666667 0.07962962962962963
0 0.5109375 0.4875 0.05520833333333333 0.06944444444444445
0 0.51015625 0.45 0.043229166666666666 0.044444444444444446
0 0.5565104166666667 0.4666666666666667 0.021354166666666667 0.04814814814814815
0 0.5578125 0.4703703703703704 0.015625 0.046296296296296294
0 0.5791666666666667 0.46944444444444444 0.040625 0.06666666666666667
0 0.5895833333333333 0.47962962962962963 0.019791666666666666 0.07037037037037037
0 0.6151041666666667 0.48703703703703705 0.059375 0.08518518518518518
0 0.7322916666666667 0.5148148148148148 0.1625 0.23148148148148148
0 0.8380208333333333 0.44907407407407407 0.06458333333333334 0.07037037037037037
0 0.9166666666666666 0.45185185185185184 0.15208333333333332 0.11851851851851852
