0 0.013020833333333334 0.4444444444444444 0.026041666666666668 0.037037037037037035
0 0.08125 0.4412037037037037 0.06666666666666667 0.04351851851851852
0 0.16640625 0.44675925925925924 0.030729166666666665 0.025
0 0.31640625 0.48518518518518516 0.10572916666666667 0.18333333333333332
0 0.4036458333333333 0.487962962962963 0.059375 0.07962962962962963
0 0.45677083333333335 0.44814814814814813 0.03229166666666667 0.08703703703703704
0 0.47734375 0.4449074074074074 0.0140625 0.026851851851851852
0 0.5088541666666667 0.4791666666666667 0.057291666666666664 0.08611111111111111
3 0.58828125 0.3425925925925926 0.0140625 0.027777777777777776
0 0.6502604166666667 0.41388888888888886 0.1328125 0.27037037037037037
