0 0.84453125 0.5287037037037037 0.1265625 0.15
0 0.6572916666666667 0.4337962962962963 0.17291666666666666 0.33240740740740743
0 0.5239583333333333 0.49907407407407406 0.04791666666666667 0.06111111111111111
0 0.5458333333333333 0.4898148148148148 0.016666666666666666 0.04259259259259259
0 0.49583333333333335 0.49074074074074076 0.020833333333333332 0.03518518518518519
0 0.4744791666666667 0.4962962962962963 0.019791666666666666 0.04814814814814815
0 0.45208333333333334 0.44814814814814813 0.04583333333333333 0.04814814814814815
0 0.3229166666666667 0.4699074074074074 0.03958333333333333 0.05092592592592592
0 0.3984375 0.5638888888888889 0.19583333333333333 0.2462962962962963
0 0.2546875 0.512962962962963 0.13645833333333332 0.18888888888888888
0 0.15234375 0.4537037037037037 0.07239583333333334 0.04814814814814815
3 0.32109375 0.2361111111111111 0.0296875 0.053703703703703705
3 0.62734375 0.22407407407407406 0.0296875 0.05555555555555555
3 0.7760416666666666 0.15925925925925927 0.041666666666666664 0.07407407407407407
