2 0.49583333333333335 0.3449074074074074 0.01875 0.008333333333333333
2 0.5372395833333333 0.34629629629629627 0.018229166666666668 0.009259259259259259
3 0.6127604166666667 0.16805555555555557 0.025520833333333333 0.04537037037037037
3 0.63984375 0.16805555555555557 0.025520833333333333 0.04537037037037037
0 0.98203125 0.4462962962962963 0.034895833333333334 0.12962962962962962
0 0.9505208333333334 0.45185185185185184 0.05625 0.10925925925925926
0 0.8190104166666666 0.5273148148148148 0.24739583333333334 0.3416666666666667
0 0.6440104166666667 0.48935185185185187 0.08697916666666666 0.125
0 0.6041666666666666 0.4791666666666667 0.03333333333333333 0.09907407407407408
0 0.5890625 0.46435185185185185 0.059375 0.09351851851851851
0 0.5606770833333333 0.4671296296296296 0.016145833333333335 0.06388888888888888
0 0.5541666666666667 0.46296296296296297 0.028125 0.06111111111111111
0 0.5494791666666666 0.4583333333333333 0.023958333333333335 0.06111111111111111
0 0.4973958333333333 0.475462962962963 0.08125 0.12314814814814815
0 0.49166666666666664 0.4236111111111111 0.059375 0.041666666666666664
0 0.49166666666666664 0.4981481481481482 0.09479166666666666 0.11481481481481481
0 0.41796875 0.4666666666666667 0.0140625 0.037037037037037035
0 0.39895833333333336 0.4652777777777778 0.03333333333333333 0.04722222222222222
0 0.37526041666666665 0.46944444444444444 0.0203125 0.046296296296296294
0 0.3671875 0.4375 0.036458333333333336 0.04722222222222222
0 0.33697916666666666 0.4703703703703704 0.06666666666666667 0.0962962962962963
0 0.29765625 0.4777777777777778 0.0296875 0.07222222222222222
0 0.20755208333333333 0.48148148148148145 0.06302083333333333 0.08888888888888889
0 0.06484375 0.4625 0.1171875 0.21388888888888888
3 0.5111979166666667 0.3337962962962963 0.009895833333333333 0.021296296296296296
