0 0.027604166666666666 0.4305555555555556 0.021875 0.03148148148148148
0 0.0546875 0.40324074074074073 0.015625 0.03796296296296296
0 0.022395833333333334 0.5532407407407407 0.04479166666666667 0.18055555555555555
0 0.30104166666666665 0.41898148148148145 0.014583333333333334 0.023148148148148147
0 0.3359375 0.41805555555555557 0.014583333333333334 0.025
0 0.4046875 0.4393518518518518 0.017708333333333333 0.025
0 0.3104166666666667 0.47638888888888886 0.0375 0.0712962962962963
0 0.42291666666666666 0.47638888888888886 0.05 0.06944444444444445
0 0.47109375 0.45 0.030729166666666665 0.044444444444444446
0 0.35989583333333336 0.5115740740740741 0.11354166666666667 0.14537037037037037
0 0.5666666666666667 0.4324074074074074 0.07291666666666667 0.12777777777777777
3 0.5020833333333333 0.3314814814814815 0.013541666666666667 0.022222222222222223
