0 0.115625 0.5476851851851852 0.035416666666666666 0.05277777777777778
0 0.21041666666666667 0.5296296296296297 0.058333333333333334 0.03518518518518519
0 0.23723958333333334 0.5305555555555556 0.030729166666666665 0.024074074074074074
0 0.2630208333333333 0.5291666666666667 0.035416666666666666 0.026851851851851852
0 0.37890625 0.5541666666666667 0.0796875 0.10277777777777777
0 0.453125 0.5222222222222223 0.016666666666666666 0.03148148148148148
0 0.4671875 0.5287037037037037 0.03125 0.04259259259259259
0 0.52734375 0.5578703703703703 0.0984375 0.14722222222222223
0 0.6609375 0.5412037037037037 0.12083333333333333 0.1675925925925926
0 0.7020833333333333 0.5069444444444444 0.019791666666666666 0.03425925925925926
0 0.7208333333333333 0.5222222222222223 0.035416666666666666 0.05185185185185185
0 0.7841145833333333 0.5194444444444445 0.11510416666666666 0.11481481481481481
0 0.8505208333333333 0.525 0.025 0.05
0 0.90078125 0.5027777777777778 0.0796875 0.08703703703703704
0 0.8494791666666667 0.49212962962962964 0.023958333333333335 0.03796296296296296
