0 0.19661458333333334 0.5162037037037037 0.0609375 0.08425925925925926
0 0.34375 0.4412037037037037 0.034375 0.05277777777777778
0 0.38567708333333334 0.44907407407407407 0.021354166666666667 0.027777777777777776
0 0.49661458333333336 0.4666666666666667 0.033854166666666664 0.053703703703703705
0 0.5450520833333333 0.4388888888888889 0.03802083333333333 0.06111111111111111
2 0.4283854166666667 0.041666666666666664 0.05364583333333333 0.03888888888888889
3 0.4981770833333333 0.030555555555555555 0.044270833333333336 0.06111111111111111
2 0.5721354166666667 0.04351851851851852 0.05364583333333333 0.03333333333333333
2 0.5049479166666667 0.2439814814814815 0.0296875 0.021296296296296296
3 0.5966145833333333 0.27314814814814814 0.022395833333333334 0.03888888888888889
3 0.61953125 0.2671296296296296 0.022395833333333334 0.03981481481481482
3 0.6427083333333333 0.262037037037037 0.028125 0.046296296296296294
2 0.47291666666666665 0.3675925925925926 0.010416666666666666 0.005555555555555556
2 0.4830729166666667 0.36203703703703705 0.008854166666666666 0.005555555555555556
2 0.4942708333333333 0.36157407407407405 0.0125 0.006481481481481481
2 0.521875 0.36064814814814816 0.0125 0.006481481481481481
2 0.5111979166666667 0.36203703703703705 0.009895833333333333 0.005555555555555556
