3 0.6981770833333333 0.10185185185185185 0.06197916666666667 0.10740740740740741
3 0.6572916666666667 0.28055555555555556 0.046875 0.08703703703703704
0 0.9825520833333333 0.4791666666666667 0.033854166666666664 0.1175925925925926
0 0.9559895833333333 0.4486111111111111 0.08697916666666666 0.07685185185185185
0 0.9859375 0.41388888888888886 0.027083333333333334 0.03518518518518519
0 0.9729166666666667 0.40925925925925927 0.020833333333333332 0.046296296296296294
0 0.7166666666666667 0.45231481481481484 0.09166666666666666 0.09722222222222222
0 0.6192708333333333 0.4634259259259259 0.028125 0.03796296296296296
0 0.6177083333333333 0.4398148148148148 0.029166666666666667 0.05
0 0.5205729166666667 0.42916666666666664 0.0234375 0.05462962962962963
0 0.4953125 0.46574074074074073 0.036458333333333336 0.07222222222222222
0 0.49140625 0.4787037037037037 0.0265625 0.07962962962962963
0 0.4510416666666667 0.475 0.06145833333333333 0.1259259259259259
0 0.3854166666666667 0.4777777777777778 0.058333333333333334 0.07777777777777778
0 0.36770833333333336 0.45740740740740743 0.03125 0.05925925925925926
0 0.31875 0.4759259259259259 0.05416666666666667 0.07037037037037037
0 0.30885416666666665 0.44537037037037036 0.057291666666666664 0.09814814814814815
0 0.2708333333333333 0.46064814814814814 0.030208333333333334 0.03611111111111111
0 0.19921875 0.4981481481481482 0.08489583333333334 0.11666666666666667
0 0.16380208333333332 0.4583333333333333 0.019270833333333334 0.040740740740740744
0 0.13333333333333333 0.46805555555555556 0.029166666666666667 0.049074074074074076
0 0.0671875 0.44027777777777777 0.134375 0.24722222222222223
0 0.027083333333333334 0.7208333333333333 0.05416666666666667 0.39166666666666666
