0 0.07265625 0.5486111111111112 0.1453125 0.2824074074074074
1 0.8239583333333333 0.5847222222222223 0.035416666666666666 0.21388888888888888
0 0.2994791666666667 0.31342592592592594 0.17291666666666666 0.09722222222222222
0 0.32317708333333334 0.2074074074074074 0.06614583333333333 0.07222222222222222
0 0.36692708333333335 0.21157407407407408 0.05677083333333333 0.0712962962962963
0 0.5984375 0.33240740740740743 0.1625 0.10925925925925926
0 0.66328125 0.2050925925925926 0.059895833333333336 0.07685185185185185
0 0.7322916666666667 0.20277777777777778 0.0625 0.08333333333333333
0 0.75390625 0.17407407407407408 0.059895833333333336 0.06296296296296296
1 0.8234375 0.1712962962962963 0.013541666666666667 0.06851851851851852
0 0.8684895833333334 0.19398148148148148 0.0546875 0.0787037037037037
0 0.8981770833333333 0.14675925925925926 0.0796875 0.04537037037037037
0 0.8338541666666667 0.34629629629629627 0.18958333333333333 0.13703703703703704
0 0.92890625 0.22777777777777777 0.14114583333333333 0.14444444444444443
0 0.9591145833333333 0.31296296296296294 0.08072916666666667 0.08518518518518518
3 0.9653645833333333 0.1865740740740741 0.06822916666666666 0.17685185185185184
