3 0.18177083333333333 0.40694444444444444 0.014583333333333334 0.026851851851851852
0 0.9611979166666667 0.4597222222222222 0.0765625 0.16203703703703703
0 0.7356770833333334 0.37546296296296294 0.0609375 0.05648148148148148
0 0.7377604166666667 0.4736111111111111 0.14635416666666667 0.1638888888888889
0 0.4596354166666667 0.6208333333333333 0.31302083333333336 0.44722222222222224
0 0.32395833333333335 0.5027777777777778 0.05625 0.12407407407407407
0 0.3033854166666667 0.4898148148148148 0.022395833333333334 0.06296296296296296
0 0.27578125 0.49212962962962964 0.04739583333333333 0.05277777777777778
0 0.21197916666666666 0.4912037037037037 0.053125 0.05462962962962963
0 0.24713541666666666 0.4722222222222222 0.0265625 0.025925925925925925
0 0.16536458333333334 0.4875 0.04635416666666667 0.04351851851851852
0 0.134375 0.5125 0.04375 0.06759259259259259
0 0.09322916666666667 0.5111111111111111 0.053125 0.12407407407407407
0 0.05390625 0.5425925925925926 0.1078125 0.1814814814814815
