3 0.23697916666666666 0.350462962962963 0.014583333333333334 0.025
3 0.28229166666666666 0.35694444444444445 0.014583333333333334 0.025
2 0.2140625 0.3699074074074074 0.016666666666666666 0.010185185185185186
2 0.26223958333333336 0.36712962962962964 0.016145833333333335 0.010185185185185186
2 0.21432291666666667 0.38564814814814813 0.0140625 0.008333333333333333
2 0.25286458333333334 0.3837962962962963 0.0140625 0.008333333333333333
0 0.023697916666666666 0.49212962962962964 0.04739583333333333 0.10648148148148148
0 0.020572916666666666 0.5259259259259259 0.016145833333333335 0.04814814814814815
0 0.009895833333333333 0.5236111111111111 0.019791666666666666 0.06018518518518518
0 0.061197916666666664 0.5185185185185185 0.027604166666666666 0.03148148148148148
0 0.08072916666666667 0.5152777777777777 0.01875 0.03425925925925926
0 0.08619791666666667 0.5157407407407407 0.013020833333333334 0.03148148148148148
0 0.10026041666666667 0.5152777777777777 0.022395833333333334 0.030555555555555555
0 0.18463541666666666 0.5106481481481482 0.0265625 0.032407407407407406
0 0.21822916666666667 0.5055555555555555 0.025 0.03518518518518519
0 0.2526041666666667 0.5106481481481482 0.041666666666666664 0.05277777777777778
1 0.3609375 0.4935185185185185 0.010416666666666666 0.040740740740740744
0 0.36223958333333334 0.5078703703703704 0.0140625 0.041666666666666664
0 0.43046875 0.49583333333333335 0.03697916666666667 0.05648148148148148
0 0.45625 0.49907407407407406 0.030208333333333334 0.05925925925925926
0 0.4734375 0.5083333333333333 0.04791666666666667 0.07407407407407407
0 0.5111979166666667 0.5175925925925926 0.0609375 0.11851851851851852
0 0.5911458333333334 0.4537037037037037 0.14583333333333334 0.07777777777777778
0 0.61953125 0.5893518518518519 0.24427083333333333 0.325
