0 0.11927083333333334 0.5472222222222223 0.042708333333333334 0.037037037037037035
0 0.17317708333333334 0.5398148148148149 0.0265625 0.025925925925925925
0 0.234375 0.5449074074074074 0.03125 0.026851851851851852
0 0.24427083333333333 0.5361111111111111 0.05 0.03518518518518519
0 0.33229166666666665 0.5356481481481481 0.01875 0.023148148148148147
0 0.4440104166666667 0.5527777777777778 0.0390625 0.06296296296296296
0 0.49114583333333334 0.5634259259259259 0.0625 0.0824074074074074
0 0.5903645833333333 0.5287037037037037 0.0171875 0.027777777777777776
0 0.6666666666666666 0.524074074074074 0.030208333333333334 0.07037037037037037
0 0.8380208333333333 0.5287037037037037 0.04479166666666667 0.05740740740740741
1 0.9109375 0.5486111111111112 0.021875 0.0712962962962963
2 0.47239583333333335 0.42777777777777776 0.0125 0.007407407407407408
2 0.5127604166666667 0.4273148148148148 0.013020833333333334 0.006481481481481481
2 0.5166666666666667 0.4546296296296296 0.008333333333333333 0.005555555555555556
3 0.5661458333333333 0.40046296296296297 0.0125 0.023148148148148147
