0 0.05260416666666667 0.5652777777777778 0.10416666666666667 0.18981481481481483
0 0.14270833333333333 0.5254629629629629 0.065625 0.075
0 0.12916666666666668 0.487962962962963 0.09791666666666667 0.12407407407407407
0 0.209375 0.5148148148148148 0.05416666666666667 0.06296296296296296
0 0.2643229166666667 0.5050925925925925 0.05572916666666667 0.08425925925925926
0 0.3140625 0.5013888888888889 0.053125 0.06574074074074074
0 0.37864583333333335 0.5078703703703704 0.08541666666666667 0.1287037037037037
0 0.5348958333333333 0.6 0.2791666666666667 0.4074074074074074
0 0.7434895833333334 0.5421296296296296 0.16197916666666667 0.2064814814814815
0 0.6520833333333333 0.5018518518518519 0.03333333333333333 0.09259259259259259
0 0.6752604166666667 0.48148148148148145 0.022395833333333334 0.040740740740740744
0 0.7796875 0.4449074074074074 0.134375 0.2361111111111111
0 0.8421875 0.5 0.028125 0.08333333333333333
0 0.8713541666666667 0.4898148148148148 0.05 0.07592592592592592
3 0.9161458333333333 0.19444444444444445 0.022916666666666665 0.03888888888888889
0 0.9388020833333334 0.4648148148148148 0.1203125 0.9296296296296296
2 0.5450520833333333 0.37546296296296294 0.0171875 0.010185185185185186
2 0.5796875 0.37175925925925923 0.016666666666666666 0.008333333333333333
2 0.6236979166666666 0.37037037037037035 0.018229166666666668 0.011111111111111112
2 0.52421875 0.38796296296296295 0.0140625 0.009259259259259259
2 0.5643229166666667 0.387037037037037 0.016145833333333335 0.009259259259259259
0 0.17526041666666667 0.5162037037037037 0.024479166666666666 0.05462962962962963
