0 0.26015625 0.40324074074074073 0.08489583333333334 0.10648148148148148
0 0.34479166666666666 0.3976851851851852 0.08958333333333333 0.1398148148148148
0 0.4940104166666667 0.3541666666666667 0.22447916666666667 0.32314814814814813
0 0.5940104166666667 0.4634259259259259 0.1984375 0.2675925925925926
0 0.7283854166666667 0.3662037037037037 0.015104166666666667 0.028703703703703703
0 0.7518229166666667 0.36064814814814816 0.015104166666666667 0.030555555555555555
0 0.7768229166666667 0.36018518518518516 0.015104166666666667 0.03148148148148148
0 0.7934895833333333 0.3472222222222222 0.021354166666666667 0.03518518518518519
1 0.9364583333333333 0.36018518518518516 0.022916666666666665 0.12407407407407407
1 0.9494791666666667 0.3597222222222222 0.017708333333333333 0.1175925925925926
0 0.8856770833333333 0.34953703703703703 0.0140625 0.05092592592592592
1 0.8494791666666667 0.399537037037037 0.030208333333333334 0.08981481481481482
