0 0.046875 0.3712962962962963 0.09375 0.3148148148148148
0 0.25807291666666665 0.5050925925925925 0.0546875 0.026851851851851852
0 0.3109375 0.4689814814814815 0.065625 0.09166666666666666
0 0.33046875 0.500462962962963 0.0578125 0.026851851851851852
0 0.45286458333333335 0.4888888888888889 0.0203125 0.03333333333333333
0 0.46588541666666666 0.49675925925925923 0.019270833333333334 0.028703703703703703
0 0.5184895833333333 0.47175925925925927 0.0203125 0.025
0 0.55234375 0.47824074074074074 0.0453125 0.10092592592592593
0 0.5067708333333333 0.5708333333333333 0.12916666666666668 0.175
0 0.6354166666666666 0.4699074074074074 0.06875 0.14166666666666666
