1 0.8184895833333333 0.47314814814814815 0.015104166666666667 0.09814814814814815
3 0.66953125 0.3587962962962963 0.0140625 0.025
3 0.62734375 0.45925925925925926 0.013020833333333334 0.02962962962962963
0 0.06067708333333333 0.5509259259259259 0.12135416666666667 0.21666666666666667
0 0.1140625 0.47685185185185186 0.06875 0.06851851851851852
0 0.16979166666666667 0.4449074074074074 0.06770833333333333 0.030555555555555555
0 0.19427083333333334 0.5180555555555556 0.146875 0.16018518518518518
0 0.2830729166666667 0.49953703703703706 0.08177083333333333 0.12129629629629629
0 0.3333333333333333 0.48518518518518516 0.06875 0.11666666666666667
0 0.36953125 0.48009259259259257 0.03802083333333333 0.10462962962962963
0 0.3893229166666667 0.475462962962963 0.04114583333333333 0.10277777777777777
0 0.41692708333333334 0.49212962962962964 0.0171875 0.06574074074074074
