0 0.007552083333333333 0.549537037037037 0.015104166666666667 0.10648148148148148
0 0.253125 0.5254629629629629 0.07291666666666667 0.10092592592592593
0 0.22734375 0.4861111111111111 0.03177083333333333 0.05
0 0.17135416666666667 0.44722222222222224 0.028125 0.027777777777777776
0 0.18177083333333333 0.44027777777777777 0.021875 0.025
0 0.20364583333333333 0.43287037037037035 0.026041666666666668 0.025
0 0.24375 0.43703703703703706 0.027083333333333334 0.02962962962962963
0 0.2911458333333333 0.44074074074074077 0.030208333333333334 0.03333333333333333
0 0.34427083333333336 0.4740740740740741 0.034375 0.040740740740740744
0 0.44088541666666664 0.4648148148148148 0.05364583333333333 0.09444444444444444
0 0.43645833333333334 0.5013888888888889 0.04895833333333333 0.0712962962962963
0 0.5 0.4703703703703704 0.07083333333333333 0.15185185185185185
0 0.7916666666666666 0.5560185185185185 0.178125 0.2101851851851852
1 0.5484375 0.45787037037037037 0.007291666666666667 0.03981481481481482
