1 0.027083333333333334 0.5532407407407407 0.019791666666666666 0.06574074074074074
3 0.030989583333333334 0.4356481481481482 0.0140625 0.028703703703703703
1 0.19973958333333333 0.5416666666666666 0.0067708333333333336 0.03518518518518519
1 0.21119791666666668 0.549537037037037 0.005729166666666666 0.041666666666666664
1 0.27395833333333336 0.5481481481481482 0.008333333333333333 0.040740740740740744
1 0.20416666666666666 0.5398148148148149 0.005208333333333333 0.037037037037037035
0 0.5072916666666667 0.5412037037037037 0.09479166666666666 0.14907407407407408
0 0.5677083333333334 0.5023148148148148 0.06770833333333333 0.13240740740740742
0 0.6135416666666667 0.5111111111111111 0.025 0.07592592592592592
1 0.65390625 0.5175925925925926 0.0109375 0.044444444444444446
1 0.653125 0.5337962962962963 0.011458333333333333 0.03611111111111111
1 0.6869791666666667 0.5268518518518519 0.011458333333333333 0.06111111111111111
1 0.7502604166666667 0.5162037037037037 0.0171875 0.0824074074074074
1 0.6309895833333333 0.5319444444444444 0.0140625 0.03796296296296296
3 0.66015625 0.14722222222222223 0.0234375 0.04259259259259259
2 0.6424479166666667 0.4393518518518518 0.011979166666666667 0.008333333333333333
2 0.5963541666666666 0.41898148148148145 0.010416666666666666 0.008333333333333333
1 0.38203125 0.5412037037037037 0.005729166666666666 0.028703703703703703
