0 0.271875 0.5009259259259259 0.06979166666666667 0.040740740740740744
0 0.46588541666666666 0.4666666666666667 0.0453125 0.07962962962962963
0 0.53125 0.48518518518518516 0.08541666666666667 0.05185185185185185
0 0.575 0.5106481481481482 0.020833333333333332 0.04722222222222222
0 0.6005208333333333 0.49212962962962964 0.027083333333333334 0.03981481481481482
0 0.5223958333333333 0.5847222222222223 0.13958333333333334 0.18425925925925926
0 0.6372395833333333 0.5337962962962963 0.06197916666666667 0.08055555555555556
0 0.66875 0.45231481481481484 0.025 0.03796296296296296
0 0.64921875 0.46620370370370373 0.0296875 0.05462962962962963
0 0.6520833333333333 0.48703703703703705 0.021875 0.02962962962962963
0 0.6708333333333333 0.47175925925925927 0.015625 0.025
0 0.6927083333333334 0.4550925925925926 0.022916666666666665 0.049074074074074076
0 0.71015625 0.45787037037037037 0.013020833333333334 0.032407407407407406
0 0.7200520833333334 0.46296296296296297 0.015104166666666667 0.03333333333333333
0 0.6979166666666666 0.48009259259259257 0.019791666666666666 0.032407407407407406
3 0.8546875 0.13148148148148148 0.051041666666666666 0.09259259259259259
3 0.9057291666666667 0.1259259259259259 0.05 0.09074074074074075
