0 0.59921875 0.40185185185185185 0.0484375 0.03888888888888889
0 0.43645833333333334 0.46944444444444444 0.020833333333333332 0.040740740740740744
0 0.39010416666666664 0.475462962962963 0.040625 0.062037037037037036
0 0.54140625 0.6134259259259259 0.2942708333333333 0.3972222222222222
0 0.3338541666666667 0.48518518518518516 0.09270833333333334 0.12222222222222222
0 0.228125 0.475 0.07291666666666667 0.09444444444444444
0 0.17135416666666667 0.4675925925925926 0.03229166666666667 0.04814814814814815
0 0.14895833333333333 0.47638888888888886 0.025 0.03611111111111111
0 0.12369791666666667 0.4773148148148148 0.0390625 0.04351851851851852
0 0.08776041666666666 0.4810185185185185 0.03697916666666667 0.04537037037037037
0 0.054427083333333334 0.48055555555555557 0.03802083333333333 0.053703703703703705
0 0.01953125 0.47129629629629627 0.0390625 0.07962962962962963
0 0.019270833333333334 0.4361111111111111 0.03854166666666667 0.04814814814814815
3 0.6854166666666667 0.3768518518518518 0.0125 0.022222222222222223
