0 0.6263020833333334 0.525 0.07552083333333333 0.09814814814814815
0 0.5763020833333333 0.5106481481481482 0.0421875 0.06018518518518518
0 0.5473958333333333 0.5013888888888889 0.023958333333333335 0.03425925925925926
0 0.49765625 0.5055555555555555 0.05260416666666667 0.07777777777777778
0 0.46432291666666664 0.5013888888888889 0.0234375 0.032407407407407406
0 0.37473958333333335 0.4930555555555556 0.0171875 0.021296296296296296
0 0.3046875 0.4935185185185185 0.019791666666666666 0.03333333333333333
0 0.27760416666666665 0.5013888888888889 0.058333333333333334 0.04537037037037037
0 0.23932291666666666 0.500462962962963 0.033854166666666664 0.03796296296296296
0 0.2046875 0.5018518518518519 0.040625 0.04259259259259259
0 0.15651041666666668 0.5069444444444444 0.04635416666666667 0.05648148148148148
0 0.09088541666666666 0.5064814814814815 0.06302083333333333 0.07407407407407407
0 0.0203125 0.5087962962962963 0.040625 0.08981481481481482
3 0.38567708333333334 0.4236111111111111 0.015104166666666667 0.026851851851851852
3 0.41510416666666666 0.4300925925925926 0.013541666666666667 0.023148148148148147
