2 0.49322916666666666 0.3162037037037037 0.030208333333333334 0.01574074074074074
3 0.51796875 0.30092592592592593 0.0171875 0.03333333333333333
3 0.53828125 0.3013888888888889 0.0171875 0.028703703703703703
2 0.5234375 0.3902777777777778 0.019791666666666666 0.008333333333333333
0 0.55 0.49722222222222223 0.03125 0.03888888888888889
0 0.5440104166666667 0.48564814814814816 0.04114583333333333 0.06388888888888888
0 0.3307291666666667 0.4930555555555556 0.05 0.06574074074074074
0 0.2791666666666667 0.5023148148148148 0.04375 0.05092592592592592
0 0.17604166666666668 0.5074074074074074 0.04375 0.07592592592592592
0 0.13255208333333332 0.5138888888888888 0.06927083333333334 0.09259259259259259
0 0.017447916666666667 0.5231481481481481 0.034895833333333334 0.07222222222222222
3 0.6177083333333333 0.2388888888888889 0.014583333333333334 0.027777777777777776
