0 0.21354166666666666 0.5115740740740741 0.03125 0.025
0 0.4440104166666667 0.5351851851851852 0.03802083333333333 0.08333333333333333
0 0.37265625 0.5662037037037037 0.013020833333333334 0.025
0 0.4015625 0.5578703703703703 0.040625 0.06388888888888888
0 0.4625 0.5625 0.05520833333333333 0.06944444444444445
0 0.31536458333333334 0.5805555555555556 0.0921875 0.11851851851851852
0 0.5317708333333333 0.5162037037037037 0.06458333333333334 0.1361111111111111
0 0.6200520833333333 0.5162037037037037 0.1296875 0.20462962962962963
3 0.6635416666666667 0.22268518518518518 0.0375 0.06574074074074074
3 0.7010416666666667 0.2222222222222222 0.036458333333333336 0.06666666666666667
