3 0.4752604166666667 0.20879629629629629 0.03177083333333333 0.05648148148148148
2 0.4421875 0.3824074074074074 0.016666666666666666 0.007407407407407408
2 0.47291666666666665 0.38101851851851853 0.013541666666666667 0.010185185185185186
0 0.04114583333333333 0.549537037037037 0.08229166666666667 0.1824074074074074
0 0.08229166666666667 0.5263888888888889 0.0875 0.14722222222222223
0 0.21744791666666666 0.49398148148148147 0.059895833333333336 0.08425925925925926
0 0.24401041666666667 0.48518518518518516 0.0328125 0.07037037037037037
0 0.26276041666666666 0.48657407407407405 0.016145833333333335 0.049074074074074076
0 0.2911458333333333 0.4810185185185185 0.036458333333333336 0.04351851851851852
0 0.40286458333333336 0.5967592592592592 0.2546875 0.36944444444444446
0 0.5411458333333333 0.5152777777777777 0.09270833333333334 0.1527777777777778
1 0.5770833333333333 0.4615740740740741 0.010416666666666666 0.032407407407407406
0 0.7473958333333334 0.4935185185185185 0.16354166666666667 0.2537037037037037
0 0.93359375 0.5060185185185185 0.13177083333333334 0.7175925925925926
