3 0.5315104166666667 0.14907407407407408 0.018229166666666668 0.03148148148148148
3 0.38776041666666666 0.48194444444444445 0.018229166666666668 0.025
0 0.022395833333333334 0.5671296296296297 0.03958333333333333 0.06944444444444445
0 0.17447916666666666 0.5546296296296296 0.04791666666666667 0.07407407407407407
0 0.25755208333333335 0.5962962962962963 0.1828125 0.2
0 0.39479166666666665 0.5462962962962963 0.07916666666666666 0.10740740740740741
0 0.3528645833333333 0.5319444444444444 0.0203125 0.04722222222222222
0 0.5213541666666667 0.5763888888888888 0.11354166666666667 0.15833333333333333
0 0.5203125 0.4703703703703704 0.041666666666666664 0.05555555555555555
0 0.6747395833333333 0.5055555555555555 0.15260416666666668 0.2351851851851852
