0 0.6302083333333334 0.5453703703703704 0.036458333333333336 0.053703703703703705
0 0.6877604166666667 0.5162037037037037 0.015104166666666667 0.03425925925925926
0 0.5526041666666667 0.5407407407407407 0.014583333333333334 0.025925925925925925
0 0.53203125 0.55 0.04114583333333333 0.05555555555555555
0 0.48098958333333336 0.5611111111111111 0.06822916666666666 0.08888888888888889
0 0.44192708333333336 0.5481481481481482 0.0328125 0.053703703703703705
3 0.43385416666666665 0.49722222222222223 0.013541666666666667 0.024074074074074074
0 0.40677083333333336 0.5449074074074074 0.013541666666666667 0.030555555555555555
0 0.32578125 0.6268518518518519 0.20885416666666667 0.2722222222222222
0 0.13255208333333332 0.5805555555555556 0.23072916666666668 0.24814814814814815
