1 0.9330729166666667 0.462037037037037 0.018229166666666668 0.10740740740740741
2 0.5236979166666667 0.35138888888888886 0.0109375 0.010185185185185186
0 0.90625 0.5055555555555555 0.035416666666666666 0.1259259259259259
0 0.8872395833333333 0.5282407407407408 0.0328125 0.1398148148148148
0 0.7716145833333333 0.5518518518518518 0.2140625 0.28703703703703703
0 0.6247395833333333 0.48194444444444445 0.027604166666666666 0.06759259259259259
0 0.5903645833333333 0.4962962962962963 0.0671875 0.11296296296296296
0 0.5455729166666666 0.41898148148148145 0.04114583333333333 0.10833333333333334
0 0.42526041666666664 0.6074074074074074 0.3171875 0.5018518518518519
0 0.19166666666666668 0.5143518518518518 0.06875 0.0824074074074074
0 0.029166666666666667 0.5472222222222223 0.05625 0.13148148148148148
0 0.24635416666666668 0.49212962962962964 0.013541666666666667 0.028703703703703703
