1 0.9223958333333333 0.5453703703703704 0.019791666666666666 0.1
0 0.013020833333333334 0.6125 0.021875 0.12129629629629629
0 0.028125 0.5675925925925925 0.052083333333333336 0.06111111111111111
0 0.08932291666666667 0.549074074074074 0.03697916666666667 0.044444444444444446
0 0.05859375 0.562037037037037 0.013020833333333334 0.022222222222222223
0 0.40572916666666664 0.5333333333333333 0.019791666666666666 0.03148148148148148
0 0.3880208333333333 0.5375 0.020833333333333332 0.04537037037037037
0 0.35989583333333336 0.5412037037037037 0.046875 0.06759259259259259
0 0.29140625 0.5555555555555556 0.08802083333333334 0.1111111111111111
0 0.4244791666666667 0.5185185185185185 0.019791666666666666 0.03148148148148148
0 0.4471354166666667 0.5087962962962963 0.024479166666666666 0.023148148148148147
0 0.44453125 0.5314814814814814 0.022395833333333334 0.03333333333333333
0 0.49765625 0.5388888888888889 0.049479166666666664 0.1
0 0.47552083333333334 0.6 0.057291666666666664 0.17777777777777778
1 0.47265625 0.5166666666666667 0.050520833333333334 0.10925925925925926
0 0.5270833333333333 0.5305555555555556 0.016666666666666666 0.027777777777777776
0 0.5419270833333333 0.5365740740740741 0.022395833333333334 0.04351851851851852
0 0.5697916666666667 0.5388888888888889 0.04895833333333333 0.06666666666666667
0 0.6421875 0.5425925925925926 0.029166666666666667 0.06481481481481481
0 0.67890625 0.5074074074074074 0.05572916666666667 0.04814814814814815
0 0.7216145833333333 0.5898148148148148 0.1703125 0.1962962962962963
2 0.48046875 0.41064814814814815 0.0203125 0.010185185185185186
2 0.5346354166666667 0.4101851851851852 0.0203125 0.009259259259259259
