2 0.37786458333333334 0.14675925925925926 0.06302083333333333 0.032407407407407406
2 0.51171875 0.14166666666666666 0.06302083333333333 0.027777777777777776
2 0.6447916666666667 0.14305555555555555 0.06354166666666666 0.028703703703703703
3 0.4453125 0.1162037037037037 0.03958333333333333 0.06944444444444445
0 0.04505208333333333 0.7569444444444444 0.09010416666666667 0.3453703703703704
0 0.9231770833333334 0.6916666666666667 0.15260416666666668 0.4425925925925926
0 0.9567708333333333 0.5050925925925925 0.08541666666666667 0.06944444444444445
0 0.48463541666666665 0.6842592592592592 0.10989583333333333 0.3814814814814815
1 0.48776041666666664 0.6287037037037037 0.1234375 0.40555555555555556
0 0.040364583333333336 0.5449074074074074 0.08072916666666667 0.075
0 0.13880208333333333 0.5439814814814815 0.1640625 0.125
0 0.24036458333333333 0.5328703703703703 0.058854166666666666 0.062037037037037036
0 0.26067708333333334 0.5148148148148148 0.04010416666666667 0.046296296296296294
0 0.28958333333333336 0.513425925925926 0.022916666666666665 0.03425925925925926
0 0.30911458333333336 0.5138888888888888 0.030729166666666665 0.04259259259259259
0 0.34479166666666666 0.5254629629629629 0.08020833333333334 0.05277777777777778
0 0.3567708333333333 0.4986111111111111 0.03333333333333333 0.03425925925925926
0 0.3776041666666667 0.4981481481481482 0.016666666666666666 0.037037037037037035
0 0.3971354166666667 0.5050925925925925 0.0328125 0.05277777777777778
0 0.41796875 0.5046296296296297 0.0171875 0.04259259259259259
0 0.43125 0.5157407407407407 0.030208333333333334 0.04259259259259259
1 0.58125 0.49953703703703706 0.00625 0.028703703703703703
0 0.5768229166666666 0.49907407407407406 0.021354166666666667 0.03148148148148148
1 0.6265625 0.49212962962962964 0.005208333333333333 0.028703703703703703
0 0.65546875 0.5138888888888888 0.058854166666666666 0.037037037037037035
0 0.7515625 0.5212962962962963 0.134375 0.09074074074074075
0 0.8190104166666666 0.49074074074074076 0.12239583333333333 0.12222222222222222
