0 0.3572916666666667 0.3472222222222222 0.06770833333333333 0.06481481481481481
0 0.184375 0.3939814814814815 0.057291666666666664 0.032407407407407406
0 0.1171875 0.38981481481481484 0.07708333333333334 0.03888888888888889
0 0.039322916666666666 0.4166666666666667 0.07864583333333333 0.07037037037037037
0 0.20651041666666667 0.39490740740740743 0.059895833333333336 0.028703703703703703
0 0.20572916666666666 0.4074074074074074 0.04895833333333333 0.024074074074074074
0 0.44947916666666665 0.4009259259259259 0.027083333333333334 0.046296296296296294
0 0.4354166666666667 0.4027777777777778 0.016666666666666666 0.046296296296296294
0 0.41901041666666666 0.4148148148148148 0.03802083333333333 0.07037037037037037
0 0.39401041666666664 0.4212962962962963 0.03802083333333333 0.07962962962962963
0 0.38229166666666664 0.4287037037037037 0.040625 0.08333333333333333
0 0.33932291666666664 0.43842592592592594 0.06822916666666666 0.12129629629629629
0 0.271875 0.46435185185185185 0.09479166666666666 0.15462962962962962
0 0.153125 0.6407407407407407 0.30625 0.4648148148148148
0 0.5736979166666667 0.3912037037037037 0.044270833333333336 0.03425925925925926
0 0.59921875 0.4013888888888889 0.013020833333333334 0.028703703703703703
0 0.6205729166666667 0.3990740740740741 0.0328125 0.053703703703703705
0 0.63984375 0.41574074074074074 0.049479166666666664 0.07037037037037037
0 0.6888020833333334 0.4444444444444444 0.07760416666666667 0.1259259259259259
0 0.72109375 0.49212962962962964 0.12864583333333332 0.16574074074074074
0 0.8799479166666667 0.5972222222222222 0.2390625 0.47962962962962963
0 0.5526041666666667 0.5300925925925926 0.17708333333333334 0.24351851851851852
0 0.90546875 0.30416666666666664 0.18802083333333333 0.1712962962962963
2 0.5692708333333333 0.06759259259259259 0.06666666666666667 0.03333333333333333
2 0.73125 0.058333333333333334 0.06458333333333334 0.03333333333333333
3 0.6705729166666666 0.03796296296296296 0.0328125 0.07222222222222222
