0 0.09140625 0.49675925925925923 0.1828125 0.4064814814814815
0 0.3216145833333333 0.5212962962962963 0.04635416666666667 0.05185185185185185
0 0.37890625 0.5486111111111112 0.06302083333333333 0.0824074074074074
0 0.79609375 0.5013888888888889 0.30052083333333335 0.4064814814814815
1 0.6502604166666667 0.5518518518518518 0.0171875 0.06666666666666667
1 0.24609375 0.5611111111111111 0.0171875 0.05
1 0.29583333333333334 0.5314814814814814 0.014583333333333334 0.04814814814814815
1 0.30052083333333335 0.549074074074074 0.020833333333333332 0.03518518518518519
2 0.4622395833333333 0.39537037037037037 0.018229166666666668 0.009259259259259259
2 0.4940104166666667 0.39490740740740743 0.015104166666666667 0.008333333333333333
3 0.7815104166666667 0.09212962962962963 0.0328125 0.05648148148148148
