0 0.055989583333333336 0.5412037037037037 0.11197916666666667 0.19722222222222222
0 0.14244791666666667 0.537962962962963 0.07552083333333333 0.1
0 0.25078125 0.5254629629629629 0.16927083333333334 0.1361111111111111
0 0.32005208333333335 0.5375 0.1921875 0.13240740740740742
1 0.4200520833333333 0.5101851851851852 0.0171875 0.1111111111111111
0 0.4947916666666667 0.5199074074074074 0.14583333333333334 0.10833333333333334
0 0.5216145833333333 0.4740740740740741 0.08177083333333333 0.037037037037037035
0 0.584375 0.5027777777777778 0.04791666666666667 0.06111111111111111
0 0.6268229166666667 0.5064814814814815 0.07864583333333333 0.08703703703703704
0 0.7020833333333333 0.5375 0.165625 0.14907407407407408
0 0.78203125 0.49166666666666664 0.0578125 0.05925925925925926
0 0.8208333333333333 0.47962962962962963 0.041666666666666664 0.06481481481481481
0 0.85625 0.48148148148148145 0.029166666666666667 0.037037037037037035
0 0.86953125 0.4930555555555556 0.05260416666666667 0.05462962962962963
0 0.9544270833333334 0.49166666666666664 0.0453125 0.05555555555555555
0 0.9770833333333333 0.4722222222222222 0.021875 0.04259259259259259
3 0.9565104166666667 0.1726851851851852 0.03177083333333333 0.058333333333333334
0 0.4158854166666667 0.524074074074074 0.0265625 0.06666666666666667
