0 0.09427083333333333 0.5763888888888888 0.18854166666666666 0.4305555555555556
0 0.18307291666666667 0.5009259259259259 0.07552083333333333 0.1037037037037037
0 0.22369791666666666 0.4708333333333333 0.03697916666666667 0.05462962962962963
0 0.27734375 0.512962962962963 0.0765625 0.09444444444444444
0 0.296875 0.48935185185185187 0.03854166666666667 0.05092592592592592
0 0.37916666666666665 0.4875 0.029166666666666667 0.049074074074074076
0 0.3875 0.4981481481481482 0.040625 0.05740740740740741
0 0.4359375 0.48333333333333334 0.03333333333333333 0.05925925925925926
0 0.4674479166666667 0.48055555555555557 0.028645833333333332 0.05
0 0.4947916666666667 0.4847222222222222 0.014583333333333334 0.028703703703703703
0 0.5153645833333333 0.4861111111111111 0.030729166666666665 0.046296296296296294
0 0.5203125 0.4740740740740741 0.028125 0.05740740740740741
0 0.5502604166666667 0.4703703703703704 0.0359375 0.0962962962962963
0 0.5700520833333333 0.4675925925925926 0.015104166666666667 0.040740740740740744
0 0.5809895833333333 0.46620370370370373 0.0234375 0.06944444444444445
0 0.6033854166666667 0.47314814814814815 0.0140625 0.027777777777777776
