0 0.9872395833333333 0.7976851851851852 0.024479166666666666 0.4027777777777778
0 0.07604166666666666 0.5180555555555556 0.15208333333333332 0.09351851851851851
0 0.22760416666666666 0.4587962962962963 0.265625 0.16018518518518518
0 0.2955729166666667 0.5212962962962963 0.08177083333333333 0.12962962962962962
0 0.38255208333333335 0.47129629629629627 0.04635416666666667 0.040740740740740744
0 0.4119791666666667 0.5046296296296297 0.071875 0.09444444444444444
0 0.4440104166666667 0.48148148148148145 0.034895833333333334 0.06111111111111111
0 0.45729166666666665 0.47129629629629627 0.06354166666666666 0.05
0 0.5080729166666667 0.4949074074074074 0.0609375 0.0787037037037037
0 0.5578125 0.4842592592592593 0.017708333333333333 0.04259259259259259
1 0.55625 0.4787037037037037 0.020833333333333332 0.053703703703703705
0 0.5151041666666667 0.45787037037037037 0.03958333333333333 0.03981481481481482
0 0.57109375 0.47962962962962963 0.07447916666666667 0.044444444444444446
0 0.5729166666666666 0.4634259259259259 0.06666666666666667 0.03425925925925926
0 0.6328125 0.4773148148148148 0.053125 0.03425925925925926
1 0.63125 0.46944444444444444 0.007291666666666667 0.03148148148148148
0 0.759375 0.487962962962963 0.029166666666666667 0.040740740740740744
0 0.8138020833333334 0.4791666666666667 0.0859375 0.05648148148148148
0 0.8559895833333333 0.48055555555555557 0.044270833333333336 0.03888888888888889
2 0.47421875 0.37407407407407406 0.013020833333333334 0.009259259259259259
2 0.4388020833333333 0.37546296296296294 0.013020833333333334 0.008333333333333333
