3 0.7838541666666666 0.4166666666666667 0.013541666666666667 0.022222222222222223
2 0.6822916666666666 0.12407407407407407 0.065625 0.03148148148148148
1 0.09401041666666667 0.5157407407407407 0.0234375 0.10740740740740741
1 0.1125 0.5125 0.01875 0.11203703703703703
0 0.02890625 0.524537037037037 0.0578125 0.08055555555555556
0 0.0890625 0.5222222222222223 0.06875 0.07962962962962963
0 0.14557291666666666 0.5231481481481481 0.04739583333333333 0.06666666666666667
0 0.17708333333333334 0.5027777777777778 0.036458333333333336 0.037037037037037035
0 0.3380208333333333 0.5217592592592593 0.359375 0.24537037037037038
0 0.5895833333333333 0.5166666666666667 0.15729166666666666 0.13518518518518519
0 0.7768229166666667 0.5125 0.16510416666666666 0.12129629629629629
0 0.9049479166666666 0.5555555555555556 0.1890625 0.2111111111111111
0 0.928125 0.41805555555555557 0.14270833333333333 0.2064814814814815
