1 0.04791666666666667 0.4888888888888889 0.010416666666666666 0.05555555555555555
1 0.32526041666666666 0.4185185185185185 0.008854166666666666 0.03333333333333333
1 0.31666666666666665 0.4740740740740741 0.030208333333333334 0.08888888888888889
2 0.4901041666666667 0.26296296296296295 0.023958333333333335 0.014814814814814815
2 0.57578125 0.25787037037037036 0.024479166666666666 0.013888888888888888
3 0.5341145833333333 0.2449074074074074 0.0203125 0.03425925925925926
0 0.31588541666666664 0.5046296296296297 0.03802083333333333 0.09259259259259259
0 0.3171875 0.4134259259259259 0.028125 0.0787037037037037
0 0.28567708333333336 0.42407407407407405 0.03177083333333333 0.05185185185185185
0 0.18098958333333334 0.48703703703703705 0.059895833333333336 0.046296296296296294
0 0.048177083333333336 0.49537037037037035 0.0328125 0.04259259259259259
0 0.05677083333333333 0.4847222222222222 0.040625 0.05277777777777778
0 0.10442708333333334 0.49444444444444446 0.028645833333333332 0.053703703703703705
0 0.13463541666666667 0.4925925925925926 0.05364583333333333 0.05925925925925926
0 0.01875 0.5023148148148148 0.0375 0.09166666666666666
0 0.2872395833333333 0.48055555555555557 0.0359375 0.06666666666666667
0 0.24401041666666667 0.48935185185185187 0.06927083333333334 0.09722222222222222
0 0.3614583333333333 0.47638888888888886 0.07291666666666667 0.10092592592592593
0 0.7010416666666667 0.4300925925925926 0.035416666666666666 0.11574074074074074
0 0.7536458333333333 0.4708333333333333 0.057291666666666664 0.09537037037037037
0 0.7979166666666667 0.4740740740740741 0.075 0.10555555555555556
0 0.8875 0.5990740740740741 0.22395833333333334 0.39444444444444443
0 0.5638020833333334 0.6092592592592593 0.3578125 0.5537037037037037
2 0.6229166666666667 0.08703703703703704 0.04479166666666667 0.025925925925925925
2 0.7408854166666666 0.08703703703703704 0.0453125 0.025925925925925925
