0 0.26875 0.5601851851851852 0.07395833333333333 0.08148148148148149
0 0.3893229166666667 0.5166666666666667 0.0390625 0.07962962962962963
0 0.41796875 0.5388888888888889 0.034895833333333334 0.05
0 0.43723958333333335 0.5388888888888889 0.013020833333333334 0.03888888888888889
0 0.4669270833333333 0.5402777777777777 0.033854166666666664 0.04722222222222222
0 0.5135416666666667 0.5282407407407408 0.021875 0.03796296296296296
0 0.5421875 0.5268518518518519 0.017708333333333333 0.025925925925925925
0 0.6 0.5314814814814814 0.036458333333333336 0.027777777777777776
0 0.70625 0.5310185185185186 0.053125 0.028703703703703703
0 0.8377604166666667 0.524537037037037 0.0671875 0.03425925925925926
2 0.484375 0.37222222222222223 0.019791666666666666 0.012962962962962963
2 0.5622395833333333 0.3680555555555556 0.0203125 0.013888888888888888
3 0.50234375 0.362962962962963 0.016145833333333335 0.027777777777777776
3 0.5184895833333333 0.3611111111111111 0.015104166666666667 0.027777777777777776
3 0.5145833333333333 0.300462962962963 0.015625 0.028703703703703703
0 0.51640625 0.5101851851851852 0.019270833333333334 0.02962962962962963
