0 0.014322916666666666 0.5504629629629629 0.028645833333333332 0.10092592592592593
0 0.00859375 0.5 0.0171875 0.03148148148148148
0 0.049479166666666664 0.5388888888888889 0.06458333333333334 0.07407407407407407
0 0.11380208333333333 0.5319444444444444 0.07760416666666667 0.08611111111111111
0 0.11302083333333333 0.4759259259259259 0.042708333333333334 0.046296296296296294
0 0.15364583333333334 0.5254629629629629 0.026041666666666668 0.06018518518518518
0 0.22109375 0.5236111111111111 0.06927083333333334 0.0824074074074074
0 0.23984375 0.5069444444444444 0.0390625 0.06018518518518518
0 0.2833333333333333 0.48842592592592593 0.05520833333333333 0.11574074074074074
0 0.3203125 0.49398148148148147 0.036458333333333336 0.06388888888888888
0 0.3263020833333333 0.4527777777777778 0.043229166666666666 0.03518518518518519
0 0.3614583333333333 0.45046296296296295 0.035416666666666666 0.032407407407407406
0 0.3684895833333333 0.5296296296296297 0.08802083333333334 0.13148148148148148
0 0.4236979166666667 0.5060185185185185 0.0453125 0.06388888888888888
0 0.4083333333333333 0.46574074074074073 0.019791666666666666 0.024074074074074074
0 0.50703125 0.47129629629629627 0.058854166666666666 0.13148148148148148
0 0.6083333333333333 0.4847222222222222 0.029166666666666667 0.04537037037037037
0 0.6963541666666667 0.4648148148148148 0.017708333333333333 0.037037037037037035
0 0.7140625 0.4583333333333333 0.025 0.040740740740740744
0 0.7328125 0.45694444444444443 0.023958333333333335 0.041666666666666664
0 0.8270833333333333 0.5851851851851851 0.2552083333333333 0.30185185185185187
1 0.9408854166666667 0.4638888888888889 0.0171875 0.09259259259259259
3 0.715625 0.11574074074074074 0.0375 0.06666666666666667
3 0.5703125 0.11296296296296296 0.03333333333333333 0.08148148148148149
3 0.5317708333333333 0.09953703703703703 0.036458333333333336 0.06388888888888888
2 0.47994791666666664 0.12453703703703704 0.0609375 0.030555555555555555
2 0.625 0.11898148148148148 0.06041666666666667 0.030555555555555555
2 0.4625 0.26944444444444443 0.036458333333333336 0.018518518518518517
3 0.5583333333333333 0.3300925925925926 0.013541666666666667 0.023148148148148147
0 0.578125 0.4791666666666667 0.011458333333333333 0.041666666666666664
