0 0.01796875 0.4064814814814815 0.025520833333333333 0.025925925925925925
0 0.08958333333333333 0.38981481481481484 0.06666666666666667 0.053703703703703705
0 0.16744791666666667 0.4356481481481482 0.04114583333333333 0.05092592592592592
0 0.25234375 0.3976851851851852 0.034895833333333334 0.032407407407407406
0 0.30963541666666666 0.42777777777777776 0.022395833333333334 0.025925925925925925
0 0.34088541666666666 0.425 0.016145833333333335 0.027777777777777776
0 0.33984375 0.49953703703703706 0.07135416666666666 0.08425925925925926
0 0.36640625 0.45925925925925926 0.0421875 0.05185185185185185
0 0.3971354166666667 0.42685185185185187 0.0171875 0.02962962962962963
0 0.40598958333333335 0.4476851851851852 0.034895833333333334 0.049074074074074076
0 0.4309895833333333 0.43796296296296294 0.019270833333333334 0.027777777777777776
0 0.43645833333333334 0.46805555555555556 0.021875 0.05277777777777778
0 0.4466145833333333 0.43148148148148147 0.013020833333333334 0.022222222222222223
0 0.5526041666666667 0.41574074074074074 0.22395833333333334 0.5296296296296297
