0 0.35234375 0.549537037037037 0.019270833333333334 0.03425925925925926
0 0.37135416666666665 0.5486111111111112 0.023958333333333335 0.04537037037037037
0 0.3828125 0.55 0.021875 0.05
0 0.40729166666666666 0.549537037037037 0.04375 0.05648148148148148
0 0.27760416666666665 0.5527777777777778 0.041666666666666664 0.06111111111111111
0 0.39427083333333335 0.3648148148148148 0.035416666666666666 0.03148148148148148
0 0.17734375 0.38425925925925924 0.033854166666666664 0.022222222222222223
0 0.13802083333333334 0.3912037037037037 0.026041666666666668 0.023148148148148147
1 0.011458333333333333 0.4166666666666667 0.007291666666666667 0.02962962962962963
1 0.5080729166666667 0.38425925925925924 0.0078125 0.02962962962962963
1 0.5755208333333334 0.40046296296296297 0.009375 0.030555555555555555
1 0.60390625 0.40324074074074073 0.011979166666666667 0.03611111111111111
3 0.03854166666666667 0.40879629629629627 0.0375 0.06759259259259259
3 0.7145833333333333 0.18055555555555555 0.019791666666666666 0.03148148148148148
3 0.7700520833333333 0.325 0.0203125 0.04259259259259259
