0 0.21901041666666668 0.5074074074074074 0.04635416666666667 0.07222222222222222
0 0.25078125 0.5027777777777778 0.025520833333333333 0.05
0 0.284375 0.48564814814814816 0.046875 0.062037037037037036
0 0.31015625 0.5370370370370371 0.11197916666666667 0.14444444444444443
0 0.3776041666666667 0.4925925925925926 0.053125 0.0962962962962963
0 0.4161458333333333 0.5013888888888889 0.03229166666666667 0.05277777777777778
0 0.4515625 0.5037037037037037 0.046875 0.06851851851851852
0 0.48385416666666664 0.44166666666666665 0.06145833333333333 0.08703703703703704
0 0.528125 0.5527777777777778 0.153125 0.20555555555555555
0 0.596875 0.44074074074074077 0.019791666666666666 0.02962962962962963
0 0.6052083333333333 0.4925925925925926 0.036458333333333336 0.07407407407407407
0 0.7065104166666667 0.47824074074074074 0.025520833333333333 0.041666666666666664
0 0.7575520833333333 0.475 0.049479166666666664 0.06851851851851852
0 0.8140625 0.4671296296296296 0.090625 0.08796296296296297
0 0.8510416666666667 0.46574074074074073 0.09375 0.09814814814814815
0 0.8776041666666666 0.4824074074074074 0.058333333333333334 0.12037037037037036
0 0.96953125 0.4759259259259259 0.059895833333333336 0.1111111111111111
