3 0.62734375 0.10787037037037037 0.04010416666666667 0.062037037037037036
3 0.5747395833333333 0.3087962962962963 0.0140625 0.025
3 0.5895833333333333 0.3087962962962963 0.014583333333333334 0.026851851851851852
2 0.5424479166666667 0.38796296296296295 0.0140625 0.007407407407407408
2 0.5119791666666667 0.387037037037037 0.013541666666666667 0.007407407407407408
0 0.8638020833333333 0.5018518518518519 0.20364583333333333 0.10925925925925926
0 0.77734375 0.45601851851851855 0.10572916666666667 0.07685185185185185
0 0.7333333333333333 0.44537037037037036 0.03333333333333333 0.027777777777777776
0 0.6716145833333333 0.5064814814814815 0.1234375 0.17777777777777778
0 0.5869791666666667 0.48333333333333334 0.04583333333333333 0.06851851851851852
0 0.5661458333333333 0.47824074074074074 0.017708333333333333 0.05277777777777778
0 0.55859375 0.4703703703703704 0.028645833333333332 0.05
0 0.54375 0.46944444444444444 0.013541666666666667 0.040740740740740744
0 0.50546875 0.4546296296296296 0.033854166666666664 0.02962962962962963
0 0.5098958333333333 0.4736111111111111 0.0375 0.05648148148148148
0 0.5049479166666667 0.48194444444444445 0.04010416666666667 0.049074074074074076
0 0.46015625 0.475462962962963 0.018229166666666668 0.026851851851851852
0 0.4388020833333333 0.47314814814814815 0.025520833333333333 0.037037037037037035
0 0.4203125 0.4671296296296296 0.028125 0.05277777777777778
0 0.3828125 0.45555555555555555 0.026041666666666668 0.044444444444444446
0 0.36692708333333335 0.48842592592592593 0.0578125 0.07685185185185185
