3 0.022916666666666665 0.43425925925925923 0.01875 0.037037037037037035
1 0.7520833333333333 0.449537037037037 0.011458333333333333 0.08611111111111111
0 0.17395833333333333 0.6148148148148148 0.29583333333333334 0.3574074074074074
0 0.29270833333333335 0.5162037037037037 0.040625 0.10092592592592593
0 0.3098958333333333 0.5120370370370371 0.03958333333333333 0.09259259259259259
0 0.4002604166666667 0.5138888888888888 0.09010416666666667 0.13333333333333333
0 0.43828125 0.48518518518518516 0.025520833333333333 0.06296296296296296
0 0.4622395833333333 0.47129629629629627 0.022395833333333334 0.03333333333333333
0 0.49140625 0.4828703703703704 0.03697916666666667 0.05462962962962963
0 0.315625 0.4912037037037037 0.05416666666666667 0.10277777777777777
0 0.3265625 0.47129629629629627 0.058333333333333334 0.12777777777777777
0 0.3609375 0.46805555555555556 0.020833333333333332 0.032407407407407406
