1 0.85546875 0.5462962962962963 0.0328125 0.053703703703703705
1 0.8546875 0.5217592592592593 0.025 0.07314814814814814
1 0.6283854166666667 0.5583333333333333 0.0140625 0.08888888888888889
2 0.36822916666666666 0.27824074074074073 0.04791666666666667 0.023148148148148147
0 0.3653645833333333 0.5731481481481482 0.03697916666666667 0.09814814814814815
0 0.44166666666666665 0.5699074074074074 0.146875 0.2101851851851852
0 0.3263020833333333 0.5819444444444445 0.04114583333333333 0.062037037037037036
0 0.27734375 0.5671296296296297 0.06822916666666666 0.1175925925925926
0 0.234375 0.587037037037037 0.09479166666666666 0.14814814814814814
0 0.23125 0.4888888888888889 0.10833333333333334 0.08518518518518518
0 0.10677083333333333 0.649074074074074 0.21354166666666666 0.5370370370370371
1 0.5278645833333333 0.5574074074074075 0.008854166666666666 0.02962962962962963
