0 0.24192708333333332 0.4203703703703704 0.07552083333333333 0.0962962962962963
0 0.31744791666666666 0.42777777777777776 0.0234375 0.02962962962962963
1 0.33255208333333336 0.4236111111111111 0.0067708333333333336 0.03611111111111111
1 0.3958333333333333 0.4166666666666667 0.004166666666666667 0.020370370370370372
0 0.5263020833333333 0.4199074074074074 0.033854166666666664 0.05648148148148148
0 0.49973958333333335 0.41898148148148145 0.019270833333333334 0.028703703703703703
0 0.6151041666666667 0.4111111111111111 0.071875 0.12222222222222222
3 0.6541666666666667 0.3226851851851852 0.019791666666666666 0.030555555555555555
2 0.5158854166666667 0.30185185185185187 0.0203125 0.011111111111111112
2 0.5606770833333333 0.29953703703703705 0.0203125 0.010185185185185186
2 0.5442708333333334 0.3138888888888889 0.017708333333333333 0.009259259259259259
2 0.5020833333333333 0.31296296296296294 0.016666666666666666 0.009259259259259259
2 0.5182291666666666 0.32731481481481484 0.014583333333333334 0.008333333333333333
2 0.48671875 0.3296296296296296 0.0140625 0.007407407407407408
