2 0.5059895833333333 0.08425925925925926 0.06614583333333333 0.03148148148148148
2 0.6716145833333333 0.07916666666666666 0.0671875 0.032407407407407406
2 0.5395833333333333 0.3263888888888889 0.019791666666666666 0.012037037037037037
2 0.6020833333333333 0.32731481481481484 0.019791666666666666 0.012037037037037037
3 0.56015625 0.3060185185185185 0.016145833333333335 0.026851851851851852
3 0.5645833333333333 0.07222222222222222 0.03958333333333333 0.07037037037037037
3 0.584375 0.1412037037037037 0.03958333333333333 0.06388888888888888
0 0.16796875 0.5893518518518519 0.22760416666666666 0.27685185185185185
0 0.3703125 0.5185185185185185 0.03854166666666667 0.05185185185185185
0 0.41458333333333336 0.5148148148148148 0.041666666666666664 0.06296296296296296
0 0.4432291666666667 0.5148148148148148 0.026041666666666668 0.04259259259259259
0 0.4661458333333333 0.5171296296296296 0.021875 0.032407407407407406
0 0.4861979166666667 0.5101851851851852 0.0234375 0.053703703703703705
0 0.5424479166666667 0.5361111111111111 0.1265625 0.16666666666666666
0 0.6125 0.5060185185185185 0.01875 0.032407407407407406
0 0.678125 0.4828703703703704 0.10729166666666666 0.21944444444444444
0 0.7768229166666667 0.487962962962963 0.028645833333333332 0.06111111111111111
