0 0.05807291666666667 0.5305555555555556 0.0796875 0.06666666666666667
0 0.12526041666666668 0.5347222222222222 0.044270833333333336 0.041666666666666664
0 0.7203125 0.5208333333333334 0.027083333333333334 0.041666666666666664
0 0.890625 0.5083333333333333 0.023958333333333335 0.08518518518518518
0 0.6346354166666667 0.5087962962962963 0.024479166666666666 0.04722222222222222
0 0.50859375 0.5231481481481481 0.033854166666666664 0.05
0 0.5375 0.5203703703703704 0.017708333333333333 0.03148148148148148
0 0.4817708333333333 0.5199074074074074 0.016666666666666666 0.026851851851851852
0 0.14557291666666666 0.5342592592592592 0.022395833333333334 0.04259259259259259
1 0.6002604166666666 0.5171296296296296 0.0067708333333333336 0.03611111111111111
