0 0.06640625 0.5453703703703704 0.1328125 0.2074074074074074
0 0.14505208333333333 0.5347222222222222 0.04010416666666667 0.10092592592592593
0 0.18958333333333333 0.43425925925925923 0.134375 0.2759259259259259
1 0.34609375 0.4537037037037037 0.013020833333333334 0.06111111111111111
0 0.4466145833333333 0.4546296296296296 0.024479166666666666 0.037037037037037035
0 0.53671875 0.4361111111111111 0.0734375 0.053703703703703705
0 0.534375 0.513425925925926 0.10520833333333333 0.1398148148148148
2 0.5119791666666667 0.21851851851851853 0.041666666666666664 0.020370370370370372
3 0.5497395833333333 0.20416666666666666 0.0203125 0.049074074074074076
2 0.6041666666666666 0.21944444444444444 0.042708333333333334 0.022222222222222223
3 0.7072916666666667 0.37407407407407406 0.015625 0.04259259259259259
0 0.8598958333333333 0.43425925925925923 0.278125 0.5074074074074074
0 0.946875 0.6509259259259259 0.10416666666666667 0.45925925925925926
1 0.67578125 0.4736111111111111 0.0078125 0.0712962962962963
0 0.6736979166666667 0.4810185185185185 0.0234375 0.041666666666666664
