1 0.016927083333333332 0.5486111111111112 0.009895833333333333 0.058333333333333334
1 0.12760416666666666 0.5263888888888889 0.005208333333333333 0.030555555555555555
0 0.19348958333333333 0.5162037037037037 0.028645833333333332 0.023148148148148147
0 0.24505208333333334 0.5444444444444444 0.034895833333333334 0.04814814814814815
0 0.27369791666666665 0.5166666666666667 0.028645833333333332 0.025925925925925925
0 0.3033854166666667 0.5166666666666667 0.018229166666666668 0.02962962962962963
1 0.51875 0.5041666666666667 0.007291666666666667 0.023148148148148147
0 0.5734375 0.5087962962962963 0.030208333333333334 0.028703703703703703
0 0.55546875 0.5305555555555556 0.0390625 0.05185185185185185
0 0.5322916666666667 0.5365740740740741 0.036458333333333336 0.05462962962962963
0 0.5411458333333333 0.5513888888888889 0.04479166666666667 0.058333333333333334
1 0.6309895833333333 0.5208333333333334 0.008854166666666666 0.062037037037037036
1 0.6177083333333333 0.5226851851851851 0.003125 0.04537037037037037
0 0.6744791666666666 0.5027777777777778 0.03125 0.044444444444444446
1 0.8013020833333333 0.4875 0.022395833333333334 0.03981481481481482
1 0.6760416666666667 0.5439814814814815 0.03333333333333333 0.04722222222222222
0 0.8255208333333334 0.5689814814814815 0.34791666666666665 0.3509259259259259
1 0.28802083333333334 0.5833333333333334 0.034375 0.1648148148148148
2 0.29140625 0.41435185185185186 0.011979166666666667 0.008333333333333333
2 0.32526041666666666 0.4134259259259259 0.011979166666666667 0.010185185185185186
3 0.5421875 0.3578703703703704 0.01875 0.03425925925925926
3 0.5609375 0.3523148148148148 0.023958333333333335 0.03796296296296296
3 0.61953125 0.37083333333333335 0.0171875 0.028703703703703703
3 0.7033854166666667 0.2722222222222222 0.03697916666666667 0.06481481481481481
2 0.05651041666666667 0.01990740740740741 0.09114583333333333 0.03981481481481482
2 0.3263020833333333 0.009259259259259259 0.0984375 0.018518518518518517
