3 0.5979166666666667 0.44166666666666665 0.014583333333333334 0.03888888888888889
3 0.3880208333333333 0.016203703703703703 0.03958333333333333 0.032407407407407406
3 0.21536458333333333 0.08518518518518518 0.044270833333333336 0.07777777777777778
2 0.2986979166666667 0.10648148148148148 0.07447916666666667 0.037037037037037035
2 0.13932291666666666 0.11342592592592593 0.0734375 0.03796296296296296
2 0.5359375 0.5023148148148148 0.009375 0.006481481481481481
0 0.7432291666666667 0.5597222222222222 0.09583333333333334 0.06759259259259259
0 0.5578125 0.5800925925925926 0.027083333333333334 0.028703703703703703
0 0.5200520833333333 0.5925925925925926 0.022395833333333334 0.03333333333333333
0 0.48385416666666664 0.5916666666666667 0.051041666666666666 0.07222222222222222
0 0.41302083333333334 0.6050925925925926 0.028125 0.03611111111111111
0 0.37994791666666666 0.5986111111111111 0.033854166666666664 0.058333333333333334
0 0.31744791666666666 0.5944444444444444 0.10989583333333333 0.11851851851851852
0 0.16067708333333333 0.5592592592592592 0.1234375 0.2111111111111111
0 0.05286458333333333 0.6134259259259259 0.10572916666666667 0.1175925925925926
