2 0.5151041666666667 0.4023148148148148 0.007291666666666667 0.004629629629629629
0 0.4283854166666667 0.4527777777777778 0.013020833333333334 0.027777777777777776
0 0.4161458333333333 0.47453703703703703 0.021875 0.03425925925925926
0 0.39296875 0.4847222222222222 0.028645833333333332 0.03796296296296296
0 0.43697916666666664 0.4837962962962963 0.03229166666666667 0.041666666666666664
0 0.12734375 0.48564814814814816 0.0265625 0.06574074074074074
0 0.23697916666666666 0.49212962962962964 0.022916666666666665 0.08611111111111111
0 0.259375 0.5046296296296297 0.046875 0.08703703703703704
1 0.31223958333333335 0.4898148148148148 0.0265625 0.1037037037037037
0 0.30104166666666665 0.5597222222222222 0.046875 0.17685185185185184
0 0.5588541666666667 0.4625 0.014583333333333334 0.026851851851851852
3 0.20546875 0.5032407407407408 0.0328125 0.06944444444444445
3 0.29713541666666665 0.49027777777777776 0.024479166666666666 0.04351851851851852
