3 0.6541666666666667 0.2898148148148148 0.03229166666666667 0.053703703703703705
2 0.42552083333333335 0.0032407407407407406 0.052083333333333336 0.006481481481481481
1 0.1203125 0.46111111111111114 0.023958333333333335 0.11851851851851852
1 0.22682291666666668 0.46574074074074073 0.015104166666666667 0.09444444444444444
1 0.31197916666666664 0.45092592592592595 0.015625 0.07222222222222222
1 0.3645833333333333 0.43703703703703706 0.00625 0.05925925925925926
1 0.3765625 0.43842592592592594 0.009375 0.06018518518518518
1 0.6828125 0.4513888888888889 0.017708333333333333 0.10833333333333334
1 0.746875 0.46064814814814814 0.020833333333333332 0.10462962962962963
1 0.759375 0.4203703703703704 0.0125 0.044444444444444446
1 0.7677083333333333 0.4546296296296296 0.014583333333333334 0.10925925925925926
1 0.87734375 0.44351851851851853 0.019270833333333334 0.12777777777777777
1 0.9098958333333333 0.4162037037037037 0.030208333333333334 0.07314814814814814
1 0.93828125 0.48148148148148145 0.04010416666666667 0.20185185185185187
1 0.9919270833333333 0.45092592592592595 0.015104166666666667 0.16111111111111112
0 0.38515625 0.46064814814814814 0.021354166666666667 0.05277777777777778
0 0.13645833333333332 0.45925925925925926 0.05520833333333333 0.1037037037037037
0 0.43776041666666665 0.45416666666666666 0.0546875 0.06944444444444445
0 0.44609375 0.42824074074074076 0.04114583333333333 0.05277777777777778
0 0.46979166666666666 0.4351851851851852 0.014583333333333334 0.03148148148148148
0 0.46901041666666665 0.4222222222222222 0.0203125 0.05185185185185185
0 0.4786458333333333 0.41574074074074074 0.026041666666666668 0.05740740740740741
0 0.53828125 0.37546296296296294 0.10677083333333333 0.11388888888888889
0 0.5533854166666666 0.5291666666666667 0.18802083333333333 0.2638888888888889
