0 0.040625 0.5800925925925926 0.08125 0.16018518518518518
0 0.21432291666666667 0.5328703703703703 0.08489583333333334 0.10648148148148148
0 0.23489583333333333 0.5537037037037037 0.06041666666666667 0.07407407407407407
0 0.32760416666666664 0.5597222222222222 0.06979166666666667 0.06574074074074074
0 0.5013020833333334 0.5439814814814815 0.03802083333333333 0.05462962962962963
0 0.52578125 0.5527777777777778 0.0421875 0.046296296296296294
0 0.5921875 0.5462962962962963 0.029166666666666667 0.03148148148148148
0 0.62421875 0.5527777777777778 0.033854166666666664 0.04259259259259259
0 0.6356770833333333 0.5481481481481482 0.022395833333333334 0.03333333333333333
0 0.678125 0.5435185185185185 0.017708333333333333 0.02962962962962963
0 0.9049479166666666 0.4930555555555556 0.1890625 0.3101851851851852
