0 0.02109375 0.3055555555555556 0.0421875 0.1814814814814815
0 0.15364583333333334 0.5259259259259259 0.3072916666666667 0.4425925925925926
0 0.3229166666666667 0.4587962962962963 0.06770833333333333 0.0787037037037037
0 0.34036458333333336 0.6087962962962963 0.1296875 0.38055555555555554
0 0.5791666666666667 0.6773148148148148 0.5104166666666666 0.6435185185185185
0 0.6760416666666667 0.35509259259259257 0.284375 0.08981481481481482
0 0.8002604166666667 0.44351851851851853 0.12135416666666667 0.10185185185185185
0 0.8307291666666666 0.5574074074074075 0.11979166666666667 0.22407407407407406
0 0.91640625 0.5861111111111111 0.16614583333333333 0.43148148148148147
2 0.5 0.32083333333333336 0.020833333333333332 0.012037037037037037
3 0.5325520833333334 0.31296296296296294 0.0171875 0.02962962962962963
