0 0.019270833333333334 0.5060185185185185 0.03854166666666667 0.11944444444444445
0 0.07526041666666666 0.48657407407407405 0.0453125 0.06388888888888888
0 0.09583333333333334 0.48333333333333334 0.015625 0.03518518518518519
0 0.19973958333333333 0.49537037037037035 0.015104166666666667 0.05185185185185185
0 0.2598958333333333 0.4981481481481482 0.020833333333333332 0.05
0 0.2328125 0.4962962962962963 0.05416666666666667 0.06296296296296296
0 0.16927083333333334 0.5027777777777778 0.04791666666666667 0.06481481481481481
0 0.12395833333333334 0.5092592592592593 0.059375 0.06111111111111111
0 0.3385416666666667 0.4930555555555556 0.027083333333333334 0.058333333333333334
0 0.37994791666666666 0.5087962962962963 0.0828125 0.10462962962962963
0 0.5651041666666666 0.48148148148148145 0.0375 0.05185185185185185
0 0.5244791666666667 0.4935185185185185 0.053125 0.06851851851851852
0 0.6359375 0.48055555555555557 0.03125 0.044444444444444446
