0 0.41380208333333335 0.41898148148148145 0.0140625 0.030555555555555555
0 0.45208333333333334 0.4375 0.013541666666666667 0.025
0 0.46901041666666665 0.4203703703703704 0.015104166666666667 0.03333333333333333
0 0.47682291666666665 0.42916666666666664 0.018229166666666668 0.03981481481481482
0 0.49765625 0.43796296296296294 0.013020833333333334 0.03518518518518519
0 0.5197916666666667 0.46805555555555556 0.01875 0.026851851851851852
0 0.5013020833333334 0.4842592592592593 0.03177083333333333 0.05
0 0.44765625 0.4787037037037037 0.028645833333333332 0.04814814814814815
0 0.41744791666666664 0.49444444444444446 0.0484375 0.07037037037037037
0 0.3802083333333333 0.4787037037037037 0.035416666666666666 0.04814814814814815
0 0.33828125 0.49074074074074076 0.04739583333333333 0.05925925925925926
0 0.2682291666666667 0.5 0.071875 0.08518518518518518
0 0.06510416666666667 0.5412037037037037 0.13020833333333334 0.1935185185185185
0 0.46197916666666666 0.475 0.013541666666666667 0.03148148148148148
