1 0.12005208333333334 0.5421296296296296 0.016145833333333335 0.08055555555555556
0 0.04296875 0.6129629629629629 0.0859375 0.30185185185185187
0 0.09322916666666667 0.5898148148148148 0.04583333333333333 0.12962962962962962
0 0.17265625 0.575925925925926 0.10052083333333334 0.1111111111111111
0 0.25416666666666665 0.5842592592592593 0.13020833333333334 0.12962962962962962
0 0.40729166666666666 0.5388888888888889 0.020833333333333332 0.03333333333333333
1 0.34713541666666664 0.5277777777777778 0.011979166666666667 0.04814814814814815
0 0.46432291666666664 0.5884259259259259 0.12552083333333333 0.1824074074074074
3 0.58359375 0.43796296296296294 0.018229166666666668 0.02962962962962963
3 0.6263020833333334 0.325 0.033854166666666664 0.05185185185185185
3 0.6229166666666667 0.274537037037037 0.027083333333333334 0.04722222222222222
3 0.53359375 0.18194444444444444 0.021354166666666667 0.03611111111111111
3 0.5692708333333333 0.18101851851851852 0.01875 0.03611111111111111
0 0.5609375 0.562962962962963 0.021875 0.06111111111111111
0 0.58984375 0.5666666666666667 0.030729166666666665 0.07592592592592592
1 0.6354166666666666 0.5402777777777777 0.016666666666666666 0.032407407407407406
0 0.5166666666666667 0.5273148148148148 0.01875 0.023148148148148147
