0 0.4 0.6962962962962963 0.5177083333333333 0.6055555555555555
0 0.74765625 0.612037037037037 0.3359375 0.3907407407407407
0 0.9229166666666667 0.5699074074074074 0.153125 0.33796296296296297
0 0.7536458333333333 0.399537037037037 0.16979166666666667 0.05277777777777778
0 0.8583333333333333 0.425 0.03958333333333333 0.03148148148148148
0 0.8184895833333333 0.4263888888888889 0.04635416666666667 0.023148148148148147
0 0.5838541666666667 0.475462962962963 0.071875 0.07314814814814814
3 0.6984375 0.3148148148148148 0.023958333333333335 0.04259259259259259
2 0.3606770833333333 0.2064814814814815 0.0484375 0.024074074074074074
2 0.21536458333333333 0.21203703703703702 0.04635416666666667 0.025925925925925925
3 0.26015625 0.19537037037037036 0.028645833333333332 0.05185185185185185
3 0.290625 0.19398148148148148 0.028125 0.049074074074074076
3 0.321875 0.17175925925925925 0.030208333333333334 0.05277777777777778
0 0.16770833333333332 0.5476851851851852 0.11354166666666667 0.20833333333333334
0 0.16770833333333332 0.42592592592592593 0.121875 0.2814814814814815
0 0.09973958333333334 0.46296296296296297 0.0171875 0.024074074074074074
0 0.017708333333333333 0.5356481481481481 0.035416666666666666 0.225
0 0.034375 0.5259259259259259 0.04375 0.14814814814814814
0 0.04583333333333333 0.5143518518518518 0.03958333333333333 0.12129629629629629
0 0.05364583333333333 0.5046296296296297 0.03229166666666667 0.10185185185185185
0 0.12682291666666667 0.49074074074074076 0.030729166666666665 0.07407407407407407
