3 0.475 0.027777777777777776 0.030208333333333334 0.05185185185185185
3 0.38125 0.1337962962962963 0.030208333333333334 0.05277777777777778
2 0.5127604166666667 0.12361111111111112 0.07135416666666666 0.032407407407407406
3 0.5854166666666667 0.1287037037037037 0.04479166666666667 0.07407407407407407
3 0.6330729166666667 0.13148148148148148 0.044270833333333336 0.07962962962962963
2 0.7135416666666666 0.12546296296296297 0.071875 0.032407407407407406
1 0.21692708333333333 0.5064814814814815 0.0234375 0.07407407407407407
1 0.25234375 0.500462962962963 0.013020833333333334 0.0787037037037037
0 0.7838541666666666 0.5041666666666667 0.06770833333333333 0.0824074074074074
1 0.78828125 0.48657407407407405 0.033854166666666664 0.10277777777777777
0 0.85859375 0.49074074074074076 0.0859375 0.09074074074074075
0 0.36328125 0.4976851851851852 0.0296875 0.062037037037037036
0 0.39817708333333335 0.49722222222222223 0.0828125 0.07222222222222222
0 0.4515625 0.48842592592592593 0.052083333333333336 0.06759259259259259
0 0.48776041666666664 0.487962962962963 0.0359375 0.05740740740740741
0 0.5213541666666667 0.48842592592592593 0.06145833333333333 0.062037037037037036
0 0.5684895833333333 0.48333333333333334 0.03177083333333333 0.05
0 0.6080729166666666 0.4666666666666667 0.0453125 0.07962962962962963
0 0.6341145833333334 0.487962962962963 0.05572916666666667 0.06481481481481481
0 0.6877604166666667 0.4787037037037037 0.04739583333333333 0.05185185185185185
0 0.7111979166666667 0.475 0.016145833333333335 0.03518518518518519
0 0.7255208333333333 0.4736111111111111 0.019791666666666666 0.03611111111111111
0 0.7440104166666667 0.4726851851851852 0.022395833333333334 0.030555555555555555
0 0.7559895833333333 0.4675925925925926 0.0140625 0.027777777777777776
0 0.77265625 0.46805555555555556 0.0296875 0.030555555555555555
0 0.6572916666666667 0.4736111111111111 0.029166666666666667 0.04722222222222222
