2 0.6197916666666666 0.14305555555555555 0.07083333333333333 0.03425925925925926
2 0.76171875 0.13657407407407407 0.0703125 0.03425925925925926
0 0.43307291666666664 0.5435185185185185 0.034895833333333334 0.05925925925925926
0 0.47265625 0.5703703703703704 0.08802083333333334 0.12037037037037036
0 0.5713541666666667 0.5337962962962963 0.053125 0.075
0 0.60703125 0.524074074074074 0.021354166666666667 0.037037037037037035
0 0.6252604166666667 0.524537037037037 0.0203125 0.028703703703703703
0 0.6291666666666667 0.4976851851851852 0.021875 0.021296296296296296
0 0.6622395833333333 0.524537037037037 0.022395833333333334 0.03611111111111111
0 0.7200520833333334 0.5254629629629629 0.0609375 0.06759259259259259
0 0.7575520833333333 0.4962962962962963 0.03177083333333333 0.03333333333333333
0 0.7471354166666667 0.5958333333333333 0.1296875 0.1712962962962963
0 0.7838541666666666 0.5138888888888888 0.022916666666666665 0.024074074074074074
0 0.7984375 0.4925925925925926 0.03229166666666667 0.04814814814814815
0 0.8041666666666667 0.47962962962962963 0.029166666666666667 0.03148148148148148
0 0.8140625 0.5231481481481481 0.053125 0.05740740740740741
0 0.8364583333333333 0.5587962962962963 0.08333333333333333 0.10648148148148148
