0 0.9864583333333333 0.43703703703703706 0.026041666666666668 0.13333333333333333
0 0.3263020833333333 0.6069444444444444 0.30572916666666666 0.4583333333333333
0 0.00703125 0.5217592592592593 0.013020833333333334 0.08425925925925926
0 0.18489583333333334 0.4912037037037037 0.03958333333333333 0.05648148148148148
0 0.5567708333333333 0.4583333333333333 0.028125 0.037037037037037035
0 0.15182291666666667 0.4842592592592593 0.0234375 0.03888888888888889
0 0.1140625 0.48842592592592593 0.034375 0.03425925925925926
0 0.09661458333333334 0.49074074074074076 0.016145833333333335 0.037037037037037035
0 0.47109375 0.4546296296296296 0.0140625 0.02962962962962963
0 0.709375 0.4532407407407407 0.05 0.05648148148148148
2 0.4 0.36944444444444446 0.0125 0.007407407407407408
2 0.4356770833333333 0.36666666666666664 0.011979166666666667 0.007407407407407408
2 0.44375 0.37407407407407406 0.011458333333333333 0.007407407407407408
1 0.04453125 0.4925925925925926 0.0109375 0.04814814814814815
1 0.07630208333333334 0.4925925925925926 0.0109375 0.040740740740740744
0 0.11380208333333333 0.4842592592592593 0.0515625 0.03888888888888889
0 0.5963541666666666 0.45185185185185184 0.036458333333333336 0.06481481481481481
0 0.44244791666666666 0.4726851851851852 0.015104166666666667 0.041666666666666664
3 0.6265625 0.020370370370370372 0.05520833333333333 0.040740740740740744
0 0.43723958333333335 0.44351851851851853 0.013020833333333334 0.024074074074074074
