0 0.21901041666666668 0.4810185185185185 0.43697916666666664 0.5916666666666667
0 0.58828125 0.6013888888888889 0.20572916666666666 0.2675925925925926
0 0.68203125 0.5120370370370371 0.016145833333333335 0.03148148148148148
0 0.69453125 0.5 0.019270833333333334 0.037037037037037035
0 0.7765625 0.49953703703703706 0.028125 0.06574074074074074
0 0.7919270833333333 0.5101851851851852 0.0234375 0.06296296296296296
0 0.8815104166666666 0.48935185185185187 0.059895833333333336 0.09907407407407408
0 0.4427083333333333 0.5504629629629629 0.021875 0.07314814814814814
0 0.5135416666666667 0.5083333333333333 0.015625 0.046296296296296294
3 0.7411458333333333 0.3384259259259259 0.013541666666666667 0.025
1 0.4591145833333333 0.5486111111111112 0.015104166666666667 0.10277777777777777
1 0.9197916666666667 0.5120370370370371 0.029166666666666667 0.16111111111111112
1 0.9411458333333333 0.5115740740740741 0.028125 0.14722222222222223
1 0.8010416666666667 0.524074074074074 0.0125 0.1259259259259259
1 0.83125 0.5615740740740741 0.05625 0.12129629629629629
1 0.8229166666666666 0.5648148148148148 0.042708333333333334 0.10555555555555556
