0 0.8927083333333333 0.562037037037037 0.21354166666666666 0.3296296296296296
0 0.775 0.5430555555555555 0.09375 0.18425925925925926
0 0.7661458333333333 0.5064814814814815 0.13229166666666667 0.20185185185185187
0 0.5736979166666667 0.6504629629629629 0.3067708333333333 0.5046296296296297
0 0.40390625 0.5787037037037037 0.13385416666666666 0.29444444444444445
0 0.046875 0.4689814814814815 0.09375 0.10833333333333334
0 0.029427083333333333 0.4152777777777778 0.058854166666666666 0.05277777777777778
0 0.11015625 0.4462962962962963 0.10260416666666666 0.09444444444444444
0 0.19583333333333333 0.49444444444444446 0.10520833333333333 0.15
1 0.23203125 0.4356481481481482 0.011979166666666667 0.06388888888888888
0 0.27109375 0.4449074074074074 0.027604166666666666 0.062037037037037036
0 0.31979166666666664 0.4449074074074074 0.07916666666666666 0.09907407407407408
0 0.3536458333333333 0.45601851851851855 0.090625 0.09537037037037037
2 0.5885416666666666 0.33240740740740743 0.019791666666666666 0.012962962962962963
2 0.5333333333333333 0.3300925925925926 0.019791666666666666 0.012037037037037037
3 0.5645833333333333 0.32314814814814813 0.016666666666666666 0.027777777777777776
0 0.6989583333333333 0.4935185185185185 0.029166666666666667 0.06481481481481481
