0 0.4546875 0.41805555555555557 0.023958333333333335 0.05092592592592592
0 0.478125 0.4152777777777778 0.014583333333333334 0.026851851851851852
0 0.4635416666666667 0.42453703703703705 0.022916666666666665 0.023148148148148147
0 0.49140625 0.4305555555555556 0.015104166666666667 0.02962962962962963
0 0.5067708333333333 0.4324074074074074 0.019791666666666666 0.03518518518518519
0 0.503125 0.43657407407407406 0.025 0.03425925925925926
0 0.46848958333333335 0.45555555555555555 0.0421875 0.06851851851851852
0 0.4265625 0.4337962962962963 0.013541666666666667 0.028703703703703703
0 0.41901041666666666 0.43472222222222223 0.0203125 0.030555555555555555
0 0.40520833333333334 0.45046296296296295 0.0375 0.05092592592592592
0 0.36302083333333335 0.46296296296296297 0.06145833333333333 0.08518518518518518
0 0.33098958333333334 0.4462962962962963 0.021354166666666667 0.044444444444444446
0 0.26796875 0.45046296296296295 0.049479166666666664 0.05092592592592592
0 0.23385416666666667 0.524537037037037 0.15104166666666666 0.19537037037037036
0 0.06145833333333333 0.5166666666666667 0.12291666666666666 0.15185185185185185
