0 0.06848958333333334 0.649537037037037 0.13697916666666668 0.462037037037037
0 0.11328125 0.5101851851851852 0.10989583333333333 0.12962962962962962
0 0.19947916666666668 0.49537037037037035 0.06979166666666667 0.0962962962962963
0 0.2875 0.45046296296296295 0.13125 0.19722222222222222
0 0.3692708333333333 0.4638888888888889 0.035416666666666666 0.06296296296296296
0 0.4109375 0.4634259259259259 0.028125 0.03796296296296296
0 0.4510416666666667 0.4861111111111111 0.05520833333333333 0.08333333333333333
0 0.39348958333333334 0.45740740740740743 0.0203125 0.040740740740740744
0 0.50390625 0.4375 0.034895833333333334 0.07685185185185185
0 0.5453125 0.4537037037037037 0.023958333333333335 0.05185185185185185
0 0.4786458333333333 0.44907407407407407 0.01875 0.03333333333333333
2 0.484375 0.36898148148148147 0.011458333333333333 0.006481481481481481
3 0.5606770833333333 0.40046296296296297 0.011979166666666667 0.023148148148148147
0 0.09791666666666667 0.425462962962963 0.051041666666666666 0.04722222222222222
0 0.15104166666666666 0.4513888888888889 0.040625 0.03611111111111111
2 0.49921875 0.39351851851851855 0.0067708333333333336 0.003703703703703704
0 0.46145833333333336 0.44074074074074077 0.016666666666666666 0.024074074074074074
