3 0.6880208333333333 0.4222222222222222 0.0125 0.024074074074074074
3 0.646875 0.3189814814814815 0.014583333333333334 0.026851851851851852
2 0.6182291666666667 0.32685185185185184 0.01875 0.012962962962962963
2 0.5627604166666667 0.32731481481481484 0.019270833333333334 0.012037037037037037
2 0.5786458333333333 0.4166666666666667 0.011458333333333333 0.005555555555555556
2 0.5549479166666667 0.41574074074074074 0.0109375 0.005555555555555556
1 0.17838541666666666 0.48194444444444445 0.015104166666666667 0.03981481481481482
1 0.3489583333333333 0.47824074074074074 0.00625 0.026851851851851852
1 0.35625 0.48148148148148145 0.00625 0.03333333333333333
1 0.70078125 0.46064814814814814 0.008854166666666666 0.023148148148148147
1 0.82734375 0.4875 0.0234375 0.05648148148148148
0 0.6002604166666666 0.48148148148148145 0.018229166666666668 0.024074074074074074
0 0.5755208333333334 0.48148148148148145 0.016666666666666666 0.024074074074074074
0 0.5130208333333334 0.5532407407407407 0.140625 0.21388888888888888
0 0.6033854166666667 0.4837962962962963 0.03802083333333333 0.019444444444444445
