0 0.5921875 0.46435185185185185 0.05625 0.08981481481481482
0 0.6411458333333333 0.45925925925925926 0.0375 0.04814814814814815
0 0.66796875 0.45092592592592595 0.022395833333333334 0.03148148148148148
0 0.7294270833333333 0.4412037037037037 0.021354166666666667 0.03796296296296296
0 0.7880208333333333 0.45 0.022916666666666665 0.053703703703703705
0 0.7721354166666666 0.449537037037037 0.015104166666666667 0.049074074074074076
0 0.75703125 0.4449074074074074 0.0171875 0.028703703703703703
0 0.5588541666666667 0.43425925925925923 0.034375 0.046296296296296294
0 0.55703125 0.4310185185185185 0.030729166666666665 0.03981481481481482
0 0.5466145833333333 0.46064814814814814 0.0421875 0.05462962962962963
0 0.5158854166666667 0.4439814814814815 0.030729166666666665 0.06759259259259259
0 0.4588541666666667 0.4625 0.07916666666666666 0.12129629629629629
0 0.3658854166666667 0.4976851851851852 0.12239583333333333 0.14907407407407408
0 0.2671875 0.4708333333333333 0.08958333333333333 0.10277777777777777
0 0.20859375 0.449537037037037 0.0296875 0.023148148148148147
