0 0.31015625 0.4310185185185185 0.0328125 0.04722222222222222
0 0.3528645833333333 0.4740740740740741 0.04635416666666667 0.06666666666666667
0 0.33177083333333335 0.5106481481481482 0.08645833333333333 0.10648148148148148
0 0.27630208333333334 0.49537037037037035 0.058854166666666666 0.09444444444444444
0 0.36328125 0.4217592592592593 0.015104166666666667 0.028703703703703703
0 0.32526041666666666 0.4486111111111111 0.016145833333333335 0.021296296296296296
0 0.43723958333333335 0.4810185185185185 0.0390625 0.05277777777777778
0 0.4979166666666667 0.4625 0.08333333333333333 0.2175925925925926
0 0.5598958333333334 0.5652777777777778 0.184375 0.24722222222222223
0 0.6526041666666667 0.5097222222222222 0.06145833333333333 0.10462962962962963
