0 0.8973958333333333 0.4930555555555556 0.20416666666666666 0.175
0 0.4640625 0.5388888888888889 0.09895833333333333 0.07407407407407407
0 0.10651041666666666 0.5032407407407408 0.1328125 0.16018518518518518
0 0.25859375 0.5537037037037037 0.08385416666666666 0.11481481481481481
0 0.40963541666666664 0.5212962962962963 0.024479166666666666 0.03333333333333333
0 0.42682291666666666 0.5115740740740741 0.016145833333333335 0.023148148148148147
0 0.3653645833333333 0.5296296296296297 0.04010416666666667 0.05185185185185185
0 0.3296875 0.5268518518518519 0.03333333333333333 0.044444444444444446
0 0.3026041666666667 0.5175925925925926 0.030208333333333334 0.05
2 0.43359375 0.31851851851851853 0.0328125 0.014814814814814815
2 0.36692708333333335 0.3194444444444444 0.0328125 0.014814814814814815
3 0.4390625 0.38101851851851853 0.014583333333333334 0.023148148148148147
