0 0.07682291666666667 0.44166666666666665 0.15364583333333334 0.20555555555555555
0 0.4578125 0.5837962962962963 0.21458333333333332 0.4361111111111111
0 0.9143229166666667 0.487962962962963 0.1703125 0.5018518518518519
0 0.7408854166666666 0.4537037037037037 0.0421875 0.07777777777777778
0 0.215625 0.49027777777777776 0.103125 0.08425925925925926
0 0.57578125 0.5537037037037037 0.049479166666666664 0.19814814814814816
0 0.7046875 0.4810185185185185 0.0375 0.05648148148148148
1 0.7776041666666667 0.5217592592592593 0.04791666666666667 0.20277777777777778
3 0.30442708333333335 0.3574074074074074 0.0328125 0.05925925925925926
3 0.55625 0.3685185185185185 0.015625 0.027777777777777776
3 0.5567708333333333 0.39814814814814814 0.015625 0.027777777777777776
3 0.7244791666666667 0.34120370370370373 0.03125 0.05092592592592592
