0 0.25859375 0.5064814814814815 0.0546875 0.1037037037037037
0 0.3229166666666667 0.5101851851851852 0.1125 0.16111111111111112
0 0.41041666666666665 0.49583333333333335 0.06875 0.08981481481481482
0 0.5013020833333334 0.5037037037037037 0.08177083333333333 0.10740740740740741
0 0.5354166666666667 0.49722222222222223 0.04375 0.09444444444444444
0 0.5658854166666667 0.49074074074074076 0.05260416666666667 0.08518518518518518
0 0.46848958333333335 0.42916666666666664 0.0546875 0.028703703703703703
1 0.19973958333333333 0.45925925925925926 0.0046875 0.03148148148148148
0 0.6098958333333333 0.4287037037037037 0.059375 0.046296296296296294
0 0.6143229166666667 0.4777777777777778 0.0453125 0.07222222222222222
0 0.65390625 0.5032407407407408 0.0890625 0.11388888888888889
0 0.67734375 0.4847222222222222 0.09010416666666667 0.08796296296296297
0 0.7557291666666667 0.4847222222222222 0.06458333333333334 0.08055555555555556
0 0.8127604166666667 0.47685185185185186 0.06614583333333333 0.07222222222222222
0 0.8458333333333333 0.4537037037037037 0.017708333333333333 0.04814814814814815
0 0.8088541666666667 0.4203703703703704 0.03333333333333333 0.04814814814814815
0 0.7234375 0.4185185185185185 0.153125 0.13333333333333333
0 0.8921875 0.44814814814814813 0.013541666666666667 0.037037037037037035
0 0.8567708333333334 0.40046296296296297 0.08333333333333333 0.06388888888888888
0 0.9609375 0.45787037037037037 0.07708333333333334 0.3861111111111111
