3 0.5869791666666667 0.287962962962963 0.016666666666666666 0.025925925925925925
3 0.6052083333333333 0.28703703703703703 0.016666666666666666 0.022222222222222223
2 0.5567708333333333 0.3648148148148148 0.015625 0.007407407407407408
0 0.17630208333333333 0.5462962962962963 0.21614583333333334 0.27037037037037037
0 0.2953125 0.5180555555555556 0.059375 0.14537037037037037
0 0.41041666666666665 0.47129629629629627 0.028125 0.027777777777777776
0 0.43463541666666666 0.49722222222222223 0.05572916666666667 0.07407407407407407
0 0.4765625 0.4527777777777778 0.042708333333333334 0.09814814814814815
0 0.50078125 0.4703703703703704 0.013020833333333334 0.03518518518518519
0 0.5497395833333333 0.4976851851851852 0.09635416666666667 0.14351851851851852
0 0.59296875 0.48703703703703705 0.0171875 0.07592592592592592
0 0.6270833333333333 0.4875 0.04895833333333333 0.058333333333333334
0 0.6815104166666667 0.5115740740740741 0.0859375 0.13240740740740742
0 0.6041666666666666 0.4615740740740741 0.015625 0.021296296296296296
0 0.62109375 0.4671296296296296 0.016145833333333335 0.023148148148148147
1 0.3489583333333333 0.4666666666666667 0.007291666666666667 0.04259259259259259
