0 0.4578125 0.45185185185185184 0.020833333333333332 0.02962962962962963
0 0.396875 0.44675925925925924 0.022916666666666665 0.04537037037037037
0 0.3690104166666667 0.4412037037037037 0.04635416666666667 0.125
0 0.30807291666666664 0.48518518518518516 0.0390625 0.05
0 0.2359375 0.4597222222222222 0.06145833333333333 0.04351851851851852
0 0.22760416666666666 0.45185185185185184 0.052083333333333336 0.04259259259259259
0 0.1921875 0.45601851851851855 0.029166666666666667 0.03611111111111111
0 0.18229166666666666 0.4513888888888889 0.034375 0.032407407407407406
0 0.15807291666666667 0.4425925925925926 0.05364583333333333 0.04259259259259259
0 0.11354166666666667 0.4625 0.078125 0.05092592592592592
3 0.640625 0.2587962962962963 0.020833333333333332 0.03796296296296296
1 0.6190104166666667 0.45694444444444443 0.0067708333333333336 0.041666666666666664
2 0.5466145833333333 0.35648148148148145 0.016145833333333335 0.007407407407407408
2 0.5216145833333333 0.3648148148148148 0.0140625 0.007407407407407408
2 0.5075520833333333 0.35694444444444445 0.016145833333333335 0.006481481481481481
3 0.6609375 0.2587962962962963 0.015625 0.03796296296296296
3 0.5643229166666667 0.3490740740740741 0.009895833333333333 0.018518518518518517
3 0.52421875 0.350462962962963 0.0109375 0.019444444444444445
