3 0.6174479166666667 0.36574074074074076 0.0140625 0.025925925925925925
3 0.5028645833333333 0.26435185185185184 0.018229166666666668 0.032407407407407406
3 0.43359375 0.27175925925925926 0.019270833333333334 0.032407407407407406
2 0.48020833333333335 0.2759259259259259 0.021875 0.012962962962962963
2 0.40260416666666665 0.28379629629629627 0.021875 0.013888888888888888
0 0.02421875 0.5046296296296297 0.0484375 0.13148148148148148
0 0.07864583333333333 0.5046296296296297 0.07291666666666667 0.09444444444444444
0 0.14244791666666667 0.49027777777777776 0.0609375 0.0712962962962963
0 0.18333333333333332 0.4675925925925926 0.03333333333333333 0.03333333333333333
0 0.21432291666666667 0.4671296296296296 0.043229166666666666 0.032407407407407406
0 0.24348958333333334 0.4648148148148148 0.0140625 0.03518518518518519
0 0.28541666666666665 0.46064814814814814 0.030208333333333334 0.03611111111111111
0 0.29791666666666666 0.4550925925925926 0.013541666666666667 0.025
0 0.728125 0.45 0.0625 0.08148148148148149
1 0.7885416666666667 0.42685185185185187 0.022916666666666665 0.06111111111111111
0 0.7106770833333333 0.4310185185185185 0.12552083333333333 0.10833333333333334
1 0.63828125 0.44537037037037036 0.0109375 0.053703703703703705
0 0.47604166666666664 0.48194444444444445 0.08020833333333334 0.10277777777777777
0 0.53046875 0.4625 0.03802083333333333 0.05277777777777778
0 0.44427083333333334 0.45092592592592595 0.016666666666666666 0.025925925925925925
1 0.6143229166666667 0.4476851851851852 0.0078125 0.06944444444444445
