3 0.7989583333333333 0.052314814814814814 0.051041666666666666 0.08981481481481482
3 0.5151041666666667 0.27685185185185185 0.022916666666666665 0.037037037037037035
2 0.48072916666666665 0.44675925925925924 0.013541666666666667 0.008333333333333333
2 0.50625 0.44583333333333336 0.013541666666666667 0.008333333333333333
2 0.5317708333333333 0.4444444444444444 0.013541666666666667 0.009259259259259259
2 0.48723958333333334 0.45740740740740743 0.011979166666666667 0.007407407407407408
0 0.03411458333333333 0.5472222222222223 0.06822916666666666 0.15555555555555556
0 0.17708333333333334 0.6412037037037037 0.30520833333333336 0.32314814814814813
0 0.30052083333333335 0.5254629629629629 0.03854166666666667 0.058333333333333334
0 0.328125 0.5361111111111111 0.030208333333333334 0.03888888888888889
0 0.3640625 0.5375 0.05520833333333333 0.0712962962962963
0 0.42526041666666664 0.5277777777777778 0.0203125 0.025925925925925925
0 0.44557291666666665 0.5259259259259259 0.022395833333333334 0.03148148148148148
0 0.47109375 0.5254629629629629 0.028645833333333332 0.04537037037037037
0 0.49973958333333335 0.55 0.021354166666666667 0.1
0 0.5533854166666666 0.5666666666666667 0.1265625 0.19074074074074074
0 0.6317708333333333 0.5314814814814814 0.029166666666666667 0.05
0 0.6479166666666667 0.5324074074074074 0.026041666666666668 0.05555555555555555
0 0.6768229166666667 0.5324074074074074 0.059895833333333336 0.06481481481481481
0 0.7763020833333333 0.5009259259259259 0.0515625 0.053703703703703705
0 0.8091145833333333 0.49537037037037035 0.049479166666666664 0.06111111111111111
0 0.9270833333333334 0.575925925925926 0.14479166666666668 0.6111111111111112
