0 0.9049479166666666 0.41203703703703703 0.025520833333333333 0.03333333333333333
0 0.9424479166666667 0.46574074074074073 0.07552083333333333 0.07592592592592592
3 0.5916666666666667 0.25833333333333336 0.022916666666666665 0.03333333333333333
2 0.5614583333333333 0.2652777777777778 0.0375 0.010185185185185186
0 0.4861979166666667 0.6324074074074074 0.4765625 0.7333333333333333
0 0.18645833333333334 0.5523148148148148 0.19479166666666667 0.2972222222222222
1 0.009635416666666667 0.5555555555555556 0.019270833333333334 0.11296296296296296
0 0.0203125 0.5680555555555555 0.040625 0.08796296296296297
0 0.8455729166666667 0.48009259259259257 0.14322916666666666 0.08796296296296297
2 0.8989583333333333 0.3263888888888889 0.015625 0.08611111111111111
