0 0.06484375 0.562962962962963 0.1296875 0.2388888888888889
0 0.37994791666666666 0.46111111111111114 0.0921875 0.1
0 0.48463541666666665 0.4046296296296296 0.06927083333333334 0.05740740740740741
0 0.45416666666666666 0.4648148148148148 0.057291666666666664 0.07592592592592592
0 0.49296875 0.4736111111111111 0.07447916666666667 0.08981481481481482
0 0.58125 0.4101851851851852 0.10833333333333334 0.29074074074074074
0 0.6841145833333333 0.43796296296296294 0.04739583333333333 0.05555555555555555
0 0.7278645833333334 0.41898148148148145 0.049479166666666664 0.0712962962962963
0 0.8802083333333334 0.387037037037037 0.020833333333333332 0.027777777777777776
0 0.9455729166666667 0.39490740740740743 0.033854166666666664 0.030555555555555555
0 0.74765625 0.3861111111111111 0.03177083333333333 0.02962962962962963
0 0.76796875 0.3902777777777778 0.016145833333333335 0.025
