0 0.5875 0.5074074074074074 0.06458333333333334 0.07592592592592592
0 0.47682291666666665 0.5643518518518519 0.19114583333333332 0.2935185185185185
0 0.44765625 0.4412037037037037 0.10885416666666667 0.12314814814814815
0 0.33515625 0.4962962962962963 0.03697916666666667 0.046296296296296294
0 0.3125 0.48333333333333334 0.01875 0.02962962962962963
0 0.28046875 0.512962962962963 0.06302083333333333 0.11296296296296296
0 0.1984375 0.5504629629629629 0.15104166666666666 0.18981481481481483
0 0.020833333333333332 0.4532407407407407 0.041666666666666664 0.08055555555555556
0 0.08098958333333334 0.46944444444444444 0.05364583333333333 0.07222222222222222
3 0.7330729166666666 0.13796296296296295 0.04739583333333333 0.07592592592592592
3 0.6984375 0.3527777777777778 0.03125 0.05
