1 0.04765625 0.45231481481481484 0.0109375 0.058333333333333334
1 0.06458333333333334 0.45416666666666666 0.016666666666666666 0.058333333333333334
1 0.06666666666666667 0.46296296296296297 0.023958333333333335 0.040740740740740744
2 0.2921875 0.27361111111111114 0.030208333333333334 0.01574074074074074
2 0.34869791666666666 0.27175925925925926 0.030729166666666665 0.01574074074074074
3 0.32083333333333336 0.25787037037037036 0.01875 0.03425925925925926
1 0.4119791666666667 0.45601851851851855 0.027083333333333334 0.09537037037037037
0 0.4127604166666667 0.47824074074074074 0.0328125 0.07685185185185185
1 0.3606770833333333 0.45555555555555555 0.0109375 0.05555555555555555
1 0.4856770833333333 0.4305555555555556 0.0109375 0.03333333333333333
1 0.4947916666666667 0.43657407407407406 0.009375 0.04537037037037037
1 0.5096354166666667 0.44537037037037036 0.0109375 0.06481481481481481
1 0.55390625 0.46064814814814814 0.013020833333333334 0.06574074074074074
1 0.5645833333333333 0.4587962962962963 0.022916666666666665 0.10277777777777777
0 0.5684895833333333 0.4398148148148148 0.027604166666666666 0.06111111111111111
0 0.41848958333333336 0.44814814814814813 0.1234375 0.06666666666666667
0 0.35598958333333336 0.4444444444444444 0.0390625 0.07962962962962963
0 0.25729166666666664 0.45231481481481484 0.11770833333333333 0.06018518518518518
0 0.3111979166666667 0.45694444444444443 0.0234375 0.05277777777777778
0 0.3263020833333333 0.46435185185185185 0.016145833333333335 0.03425925925925926
0 0.25104166666666666 0.4648148148148148 0.08125 0.11666666666666667
0 0.15260416666666668 0.4740740740740741 0.08645833333333333 0.09259259259259259
