0 0.030989583333333334 0.5800925925925926 0.06197916666666667 0.11944444444444445
0 0.17395833333333333 0.562037037037037 0.10625 0.15185185185185185
0 0.27317708333333335 0.5194444444444445 0.018229166666666668 0.03518518518518519
0 0.29010416666666666 0.5333333333333333 0.04479166666666667 0.05925925925925926
0 0.3106770833333333 0.524074074074074 0.015104166666666667 0.04259259259259259
0 0.31223958333333335 0.5175925925925926 0.022395833333333334 0.03888888888888889
0 0.34609375 0.5162037037037037 0.022395833333333334 0.03611111111111111
0 0.38567708333333334 0.5175925925925926 0.021354166666666667 0.03333333333333333
0 0.41171875 0.5217592592592593 0.03177083333333333 0.04351851851851852
0 0.46145833333333336 0.5351851851851852 0.075 0.10740740740740741
3 0.4864583333333333 0.16157407407407406 0.026041666666666668 0.06018518518518518
2 0.42135416666666664 0.19583333333333333 0.05520833333333333 0.023148148148148147
2 0.5528645833333333 0.19814814814814816 0.05572916666666667 0.024074074074074074
