1 0.02578125 0.5194444444444445 0.008854166666666666 0.053703703703703705
0 0.10234375 0.512962962962963 0.09427083333333333 0.1037037037037037
0 0.13932291666666666 0.48518518518518516 0.019270833333333334 0.024074074074074074
0 0.16901041666666666 0.5208333333333334 0.04114583333333333 0.06388888888888888
0 0.21380208333333334 0.5157407407407407 0.016145833333333335 0.037037037037037035
2 0.26927083333333335 0.38935185185185184 0.011458333333333333 0.008333333333333333
2 0.2994791666666667 0.38981481481481484 0.011458333333333333 0.009259259259259259
0 0.32109375 0.48564814814814816 0.027604166666666666 0.026851851851851852
0 0.34739583333333335 0.48518518518518516 0.028125 0.03148148148148148
0 0.37213541666666666 0.4875 0.025520833333333333 0.030555555555555555
1 0.39296875 0.46944444444444444 0.0109375 0.040740740740740744
0 0.4734375 0.5101851851851852 0.22708333333333333 0.17037037037037037
3 0.4934895833333333 0.34814814814814815 0.016145833333333335 0.02962962962962963
3 0.5088541666666667 0.3439814814814815 0.01875 0.032407407407407406
3 0.590625 0.3189814814814815 0.023958333333333335 0.03981481481481482
1 0.58125 0.4986111111111111 0.034375 0.14166666666666666
1 0.6197916666666666 0.5050925925925925 0.03333333333333333 0.12685185185185185
1 0.7192708333333333 0.49212962962962964 0.016666666666666666 0.11388888888888889
1 0.7666666666666667 0.45046296296296295 0.023958333333333335 0.05092592592592592
1 0.8622395833333333 0.4439814814814815 0.021354166666666667 0.08796296296296297
1 0.9005208333333333 0.4449074074074074 0.017708333333333333 0.09351851851851851
2 0.1984375 0.16666666666666666 0.05625 0.027777777777777776
2 0.3625 0.16064814814814815 0.058333333333333334 0.026851851851851852
1 0.9291666666666667 0.4601851851851852 0.0125 0.027777777777777776
