2 0.4627604166666667 0.4550925925925926 0.005729166666666666 0.006481481481481481
2 0.47760416666666666 0.4550925925925926 0.00625 0.006481481481481481
0 0.9166666666666666 0.6587962962962963 0.165625 0.39351851851851855
0 0.8783854166666667 0.5268518518518519 0.0765625 0.08703703703703704
0 0.5513020833333333 0.5402777777777777 0.034895833333333334 0.04537037037037037
0 0.5794270833333334 0.549537037037037 0.027604166666666666 0.06759259259259259
0 0.6143229166666667 0.55 0.0609375 0.08888888888888889
0 0.496875 0.5560185185185185 0.0625 0.09351851851851851
0 0.5265625 0.5319444444444444 0.013541666666666667 0.023148148148148147
0 0.3541666666666667 0.5342592592592592 0.025 0.04259259259259259
0 0.26276041666666666 0.6041666666666666 0.16927083333333334 0.19537037037037036
0 0.17239583333333333 0.5861111111111111 0.07604166666666666 0.12037037037037036
0 0.0796875 0.5925925925925926 0.13229166666666667 0.17407407407407408
0 0.02109375 0.6268518518518519 0.0421875 0.1685185185185185
