0 0.0484375 0.6300925925925925 0.096875 0.5342592592592592
0 0.14765625 0.6162037037037037 0.1640625 0.3490740740740741
0 0.22942708333333334 0.5106481481481482 0.17135416666666667 0.3287037037037037
0 0.4395833333333333 0.4675925925925926 0.04479166666666667 0.08518518518518518
0 0.48385416666666664 0.4824074074074074 0.04583333333333333 0.07962962962962963
0 0.534375 0.4888888888888889 0.014583333333333334 0.044444444444444446
0 0.55078125 0.49212962962962964 0.0359375 0.058333333333333334
0 0.5924479166666666 0.4935185185185185 0.06197916666666667 0.08888888888888889
0 0.6283854166666667 0.4828703703703704 0.028645833333333332 0.05277777777777778
0 0.6341145833333334 0.4888888888888889 0.019270833333333334 0.05185185185185185
0 0.6625 0.48842592592592593 0.05 0.075
0 0.7317708333333334 0.4708333333333333 0.08645833333333333 0.15092592592592594
0 0.7989583333333333 0.5 0.09375 0.13333333333333333
0 0.8830729166666667 0.5203703703703704 0.0828125 0.14814814814814814
0 0.9432291666666667 0.5310185185185186 0.1125 0.1675925925925926
2 0.5359375 0.3449074074074074 0.015625 0.010185185185185186
2 0.5731770833333333 0.3435185185185185 0.016145833333333335 0.009259259259259259
3 0.8114583333333333 0.2689814814814815 0.020833333333333332 0.03611111111111111
2 0.5106770833333333 0.46620370370370373 0.008854166666666666 0.004629629629629629
