0 0.06927083333333334 0.5907407407407408 0.13854166666666667 0.21296296296296297
0 0.3216145833333333 0.538425925925926 0.04114583333333333 0.05277777777777778
0 0.44635416666666666 0.6523148148148148 0.27708333333333335 0.3490740740740741
0 0.578125 0.5708333333333333 0.075 0.13240740740740742
0 0.6098958333333333 0.5458333333333333 0.03333333333333333 0.0787037037037037
0 0.6505208333333333 0.5462962962962963 0.046875 0.06296296296296296
0 0.6393229166666666 0.5083333333333333 0.0171875 0.03148148148148148
3 0.8229166666666666 0.4222222222222222 0.025 0.05
2 0.58046875 0.38101851851851853 0.0203125 0.013888888888888888
2 0.63984375 0.38101851851851853 0.019270833333333334 0.013888888888888888
3 0.6091145833333333 0.375 0.019270833333333334 0.03333333333333333
1 0.9276041666666667 0.5569444444444445 0.013541666666666667 0.06574074074074074
1 0.9466145833333334 0.5597222222222222 0.0109375 0.06944444444444445
1 0.9541666666666667 0.5509259259259259 0.011458333333333333 0.04814814814814815
1 0.96875 0.5472222222222223 0.017708333333333333 0.046296296296296294
2 0.5606770833333333 0.029166666666666667 0.0671875 0.041666666666666664
2 0.75859375 0.028703703703703703 0.0671875 0.04259259259259259
3 0.81953125 0.01990740740740741 0.05260416666666667 0.03981481481481482
3 0.6359375 0.020833333333333332 0.04479166666666667 0.03981481481481482
0 0.7197916666666667 0.5138888888888888 0.014583333333333334 0.03518518518518519
2 0.69140625 0.43287037037037035 0.0067708333333333336 0.023148148148148147
2 0.596875 0.45601851851851855 0.009375 0.006481481481481481
2 0.61953125 0.45694444444444443 0.008854166666666666 0.006481481481481481
