1 0.0609375 0.5236111111111111 0.008333333333333333 0.06944444444444445
1 0.21171875 0.5277777777777778 0.0140625 0.03518518518518519
0 0.23776041666666667 0.5074074074074074 0.0390625 0.07962962962962963
0 0.265625 0.512962962962963 0.022916666666666665 0.03518518518518519
0 0.3033854166666667 0.5175925925925926 0.0390625 0.05185185185185185
0 0.34713541666666664 0.5162037037037037 0.033854166666666664 0.041666666666666664
0 0.4513020833333333 0.5226851851851851 0.0953125 0.1675925925925926
1 0.5247395833333334 0.5143518518518518 0.0078125 0.06574074074074074
1 0.5328125 0.5203703703703704 0.010416666666666666 0.053703703703703705
1 0.5640625 0.4949074074074074 0.011458333333333333 0.032407407407407406
0 0.6763020833333333 0.5814814814814815 0.17239583333333333 0.2037037037037037
2 0.31588541666666664 0.3902777777777778 0.0203125 0.010185185185185186
2 0.35885416666666664 0.3888888888888889 0.020833333333333332 0.011111111111111112
3 0.34010416666666665 0.3814814814814815 0.010416666666666666 0.022222222222222223
