3 0.78359375 0.4162037037037037 0.013020833333333334 0.023148148148148147
2 0.6825520833333333 0.12407407407407407 0.06510416666666667 0.03148148148148148
1 0.5984375 0.6652777777777777 0.209375 0.562037037037037
0 0.58671875 0.737037037037037 0.19427083333333334 0.49074074074074076
0 0.07447916666666667 0.5106481481481482 0.14895833333333333 0.15092592592592594
0 0.184375 0.5171296296296296 0.07083333333333333 0.0787037037037037
0 0.1984375 0.4634259259259259 0.08645833333333333 0.06388888888888888
0 0.15182291666666667 0.5097222222222222 0.018229166666666668 0.041666666666666664
0 0.22057291666666667 0.5125 0.0328125 0.06574074074074074
0 0.26197916666666665 0.4634259259259259 0.051041666666666666 0.05277777777777778
0 0.2638020833333333 0.5143518518518518 0.06822916666666666 0.07685185185185185
0 0.3020833333333333 0.5115740740740741 0.03229166666666667 0.06574074074074074
0 0.32005208333333335 0.5074074074074074 0.021354166666666667 0.05925925925925926
0 0.39557291666666666 0.5023148148148148 0.1359375 0.11574074074074074
0 0.50234375 0.5041666666666667 0.06197916666666667 0.07314814814814814
0 0.5518229166666667 0.4925925925925926 0.0421875 0.06296296296296296
0 0.5697916666666667 0.4726851851851852 0.026041666666666668 0.04351851851851852
0 0.6450520833333333 0.4666666666666667 0.0359375 0.11666666666666667
0 0.9151041666666667 0.5777777777777777 0.16875 0.26851851851851855
