1 0.8598958333333333 0.47962962962962963 0.023958333333333335 0.17037037037037037
1 0.8302083333333333 0.4740740740740741 0.034375 0.21481481481481482
1 0.5119791666666667 0.49027777777777776 0.084375 0.25092592592592594
1 0.5130208333333334 0.5101851851851852 0.08645833333333333 0.29074074074074074
0 0.5036458333333333 0.5685185185185185 0.08229166666666667 0.20185185185185187
1 0.278125 0.46944444444444444 0.020833333333333332 0.07777777777777778
2 0.5434895833333333 0.2412037037037037 0.0359375 0.019444444444444445
2 0.46640625 0.2518518518518518 0.0359375 0.020370370370370372
3 0.49270833333333336 0.23333333333333334 0.014583333333333334 0.025925925925925925
3 0.5114583333333333 0.2310185185185185 0.021875 0.03796296296296296
0 0.73125 0.4615740740740741 0.03958333333333333 0.08981481481481482
0 0.6651041666666667 0.4625 0.12083333333333333 0.15462962962962962
0 0.575 0.45 0.06458333333333334 0.11481481481481481
0 0.4901041666666667 0.5050925925925925 0.16145833333333334 0.24537037037037038
0 0.42239583333333336 0.3958333333333333 0.051041666666666666 0.05277777777777778
0 0.4171875 0.4310185185185185 0.022916666666666665 0.021296296296296296
0 0.3614583333333333 0.4689814814814815 0.11979166666666667 0.15462962962962962
