3 0.18333333333333332 0.4050925925925926 0.015625 0.028703703703703703
3 0.27265625 0.26435185185185184 0.015104166666666667 0.026851851851851852
0 0.09557291666666666 0.6 0.19114583333333332 0.3296296296296296
0 0.13697916666666668 0.5370370370370371 0.13020833333333334 0.23148148148148148
0 0.18333333333333332 0.4597222222222222 0.014583333333333334 0.025
0 0.228125 0.48055555555555557 0.06666666666666667 0.09444444444444444
0 0.33489583333333334 0.5060185185185185 0.09791666666666667 0.1712962962962963
0 0.4583333333333333 0.5685185185185185 0.25625 0.32222222222222224
0 0.8713541666666667 0.49583333333333335 0.25625 0.3138888888888889
1 0.6302083333333334 0.4930555555555556 0.027083333333333334 0.2712962962962963
1 0.7427083333333333 0.4962962962962963 0.046875 0.23703703703703705
