0 0.2171875 0.674074074074074 0.028125 0.03333333333333333
0 0.42291666666666666 0.6550925925925926 0.023958333333333335 0.025
0 0.4861979166666667 0.674537037037037 0.0328125 0.05462962962962963
0 0.5427083333333333 0.675 0.0875 0.12222222222222222
0 0.5932291666666667 0.6722222222222223 0.036458333333333336 0.06296296296296296
0 0.6135416666666667 0.6675925925925926 0.019791666666666666 0.03148148148148148
0 0.73203125 0.625 0.0578125 0.0962962962962963
3 0.37109375 0.5967592592592592 0.0140625 0.026851851851851852
3 0.37161458333333336 0.6231481481481481 0.0140625 0.025925925925925925
3 0.7109375 0.5912037037037037 0.013541666666666667 0.025
3 0.7111979166666667 0.6185185185185185 0.0140625 0.025925925925925925
0 0.6580729166666667 0.6263888888888889 0.018229166666666668 0.03981481481481482
