0 0.3768229166666667 0.5388888888888889 0.0359375 0.046296296296296294
0 0.4265625 0.5375 0.036458333333333336 0.04537037037037037
0 0.48125 0.5310185185185186 0.036458333333333336 0.03796296296296296
0 0.5481770833333334 0.5425925925925926 0.0484375 0.06851851851851852
0 0.6484375 0.5546296296296296 0.14895833333333333 0.1685185185185185
0 0.45390625 0.524537037037037 0.019270833333333334 0.028703703703703703
2 0.525 0.3435185185185185 0.035416666666666666 0.014814814814814815
2 0.5671875 0.3587962962962963 0.029166666666666667 0.013888888888888888
3 0.5653645833333333 0.3212962962962963 0.016145833333333335 0.027777777777777776
3 0.5825520833333333 0.39444444444444443 0.0140625 0.027777777777777776
3 0.5997395833333333 0.38981481481481484 0.013020833333333334 0.02962962962962963
0 0.9143229166666667 0.5898148148148148 0.09427083333333333 0.15185185185185185
1 0.9169270833333333 0.5574074074074075 0.03177083333333333 0.13333333333333333
0 0.9802083333333333 0.5712962962962963 0.03854166666666667 0.14444444444444443
