1 0.82578125 0.5375 0.0140625 0.11203703703703703
2 0.5276041666666667 0.4449074074074074 0.0125 0.006481481481481481
2 0.49322916666666666 0.4444444444444444 0.0125 0.005555555555555556
0 0.1078125 0.5902777777777778 0.20208333333333334 0.2212962962962963
0 0.33203125 0.5125 0.0515625 0.10277777777777777
0 0.39010416666666664 0.5282407407407408 0.042708333333333334 0.04351851851851852
0 0.4236979166666667 0.5268518518518519 0.024479166666666666 0.03518518518518519
0 0.44088541666666664 0.5226851851851851 0.0171875 0.03425925925925926
0 0.5 0.5337962962962963 0.06041666666666667 0.09537037037037037
0 0.5372395833333333 0.525 0.0140625 0.03148148148148148
0 0.5473958333333333 0.5268518518518519 0.015625 0.03888888888888889
0 0.5700520833333333 0.5277777777777778 0.0421875 0.05740740740740741
0 0.5955729166666667 0.5231481481481481 0.0234375 0.046296296296296294
0 0.6122395833333333 0.5171296296296296 0.022395833333333334 0.030555555555555555
0 0.7075520833333333 0.5763888888888888 0.1359375 0.16018518518518518
0 0.8143229166666667 0.5162037037037037 0.0140625 0.06944444444444445
0 0.49661458333333336 0.600925925925926 0.058854166666666666 0.17592592592592593
1 0.49609375 0.5064814814814815 0.0546875 0.08518518518518518
