0 0.05677083333333333 0.538425925925926 0.109375 0.11944444444444445
0 0.23619791666666667 0.5027777777777778 0.07447916666666667 0.10185185185185185
0 0.30104166666666665 0.4550925925925926 0.015625 0.021296296296296296
0 0.28671875 0.46064814814814814 0.028645833333333332 0.028703703703703703
0 0.34453125 0.45555555555555555 0.050520833333333334 0.10185185185185185
0 0.39947916666666666 0.4810185185185185 0.05 0.06574074074074074
0 0.5138020833333333 0.4550925925925926 0.025520833333333333 0.03981481481481482
0 0.521875 0.44814814814814813 0.016666666666666666 0.027777777777777776
0 0.46953125 0.5365740740740741 0.1265625 0.1712962962962963
0 0.5442708333333334 0.4699074074074074 0.041666666666666664 0.06574074074074074
0 0.578125 0.4361111111111111 0.014583333333333334 0.022222222222222223
0 0.5903645833333333 0.43796296296296294 0.0203125 0.022222222222222223
0 0.6026041666666667 0.4550925925925926 0.014583333333333334 0.030555555555555555
0 0.5763020833333333 0.487962962962963 0.0640625 0.07962962962962963
0 0.6328125 0.45694444444444443 0.052083333333333336 0.062037037037037036
0 0.6645833333333333 0.513425925925926 0.115625 0.1398148148148148
0 0.7971354166666667 0.48148148148148145 0.12239583333333333 0.07407407407407407
2 0.42942708333333335 0.25555555555555554 0.0359375 0.016666666666666666
2 0.5291666666666667 0.25324074074074077 0.036458333333333336 0.017592592592592594
3 0.46640625 0.24444444444444444 0.018229166666666668 0.040740740740740744
3 0.48854166666666665 0.24259259259259258 0.022916666666666665 0.03888888888888889
