2 0.58359375 0.4689814814814815 0.011979166666666667 0.006481481481481481
2 0.4856770833333333 0.45185185185185184 0.016145833333333335 0.009259259259259259
2 0.51953125 0.45 0.0171875 0.009259259259259259
2 0.5520833333333334 0.44537037037037036 0.017708333333333333 0.011111111111111112
0 0.01640625 0.5416666666666666 0.0328125 0.044444444444444446
0 0.17473958333333334 0.5527777777777778 0.044270833333333336 0.022222222222222223
0 0.5434895833333333 0.5416666666666666 0.024479166666666666 0.03518518518518519
0 0.5174479166666667 0.5361111111111111 0.0265625 0.03518518518518519
0 0.50625 0.5412037037037037 0.027083333333333334 0.03796296296296296
0 0.48072916666666665 0.5402777777777777 0.036458333333333336 0.04351851851851852
0 0.4546875 0.5412037037037037 0.016666666666666666 0.03981481481481482
0 0.4390625 0.5375 0.027083333333333334 0.05462962962962963
0 0.41510416666666666 0.5402777777777777 0.04583333333333333 0.06944444444444445
0 0.3658854166666667 0.5476851851851852 0.07760416666666667 0.09907407407407408
0 0.29010416666666666 0.5375 0.0625 0.08796296296296297
2 0.6059895833333333 0.4888888888888889 0.0046875 0.022222222222222223
