0 0.8888020833333333 0.5837962962962963 0.22135416666666666 0.30277777777777776
3 0.90078125 0.3486111111111111 0.021354166666666667 0.0712962962962963
0 0.7088541666666667 0.4962962962962963 0.05625 0.07037037037037037
0 0.59765625 0.4930555555555556 0.0640625 0.10648148148148148
0 0.4921875 0.5884259259259259 0.22708333333333333 0.3212962962962963
0 0.3932291666666667 0.48703703703703705 0.034375 0.07407407407407407
0 0.23463541666666668 0.5273148148148148 0.10364583333333334 0.1175925925925926
0 0.15677083333333333 0.5092592592592593 0.057291666666666664 0.10740740740740741
0 0.09375 0.5185185185185185 0.0875 0.11666666666666667
0 0.02734375 0.5523148148148148 0.030729166666666665 0.10833333333333334
1 0.02890625 0.5337962962962963 0.0359375 0.12685185185185185
2 0.5481770833333334 0.006481481481481481 0.06510416666666667 0.012962962962962963
3 0.19739583333333333 0.5046296296296297 0.026041666666666668 0.04814814814814815
3 0.34010416666666665 0.4912037037037037 0.013541666666666667 0.026851851851851852
