0 0.09270833333333334 0.575 0.18541666666666667 0.37777777777777777
0 0.22838541666666667 0.5083333333333333 0.09010416666666667 0.11666666666666667
0 0.34713541666666664 0.524074074074074 0.08385416666666666 0.10925925925925926
0 0.4125 0.5041666666666667 0.041666666666666664 0.062037037037037036
0 0.44505208333333335 0.49074074074074076 0.0359375 0.06666666666666667
0 0.46432291666666664 0.4861111111111111 0.015104166666666667 0.046296296296296294
0 0.49947916666666664 0.5212962962962963 0.084375 0.1111111111111111
0 0.49921875 0.44074074074074077 0.033854166666666664 0.04814814814814815
0 0.52890625 0.46574074074074073 0.025520833333333333 0.05
0 0.52421875 0.46435185185185185 0.016145833333333335 0.028703703703703703
0 0.5549479166666667 0.49583333333333335 0.03802083333333333 0.058333333333333334
0 0.5619791666666667 0.4648148148148148 0.027083333333333334 0.06111111111111111
0 0.5973958333333333 0.4824074074074074 0.015625 0.03148148148148148
0 0.64296875 0.5199074074074074 0.07552083333333333 0.10277777777777777
0 0.78125 0.44583333333333336 0.19166666666666668 0.4361111111111111
