2 0.6197916666666666 0.14305555555555555 0.07083333333333333 0.03425925925925926
2 0.7619791666666667 0.13657407407407407 0.071875 0.03425925925925926
1 0.09765625 0.5476851851851852 0.015104166666666667 0.09351851851851851
0 0.22083333333333333 0.5685185185185185 0.09375 0.1111111111111111
0 0.375 0.55 0.06354166666666666 0.07777777777777778
0 0.390625 0.49953703703703706 0.11354166666666667 0.058333333333333334
0 0.525 0.5365740740740741 0.04791666666666667 0.058333333333333334
0 0.55703125 0.5291666666666667 0.030729166666666665 0.032407407407407406
0 0.6244791666666667 0.5217592592592593 0.026041666666666668 0.03981481481481482
0 0.6528645833333333 0.5254629629629629 0.0265625 0.03796296296296296
0 0.6760416666666667 0.4930555555555556 0.015625 0.18796296296296297
0 0.7416666666666667 0.5013888888888889 0.15208333333333332 0.3398148148148148
0 0.7895833333333333 0.6166666666666667 0.1625 0.23333333333333334
0 0.85625 0.5546296296296296 0.034375 0.09814814814814815
0 0.9260416666666667 0.5546296296296296 0.146875 0.6055555555555555
