0 0.6669270833333333 0.30972222222222223 0.0265625 0.032407407407407406
0 0.684375 0.30925925925925923 0.023958333333333335 0.03148148148148148
0 0.7252604166666666 0.31296296296296294 0.044270833333333336 0.07777777777777778
0 0.7783854166666667 0.32546296296296295 0.1171875 0.09351851851851851
0 0.8453125 0.44351851851851853 0.153125 0.24074074074074073
0 0.91328125 0.4041666666666667 0.0265625 0.14351851851851852
0 0.5395833333333333 0.36018518518518516 0.08333333333333333 0.1111111111111111
1 0.5263020833333333 0.30462962962962964 0.03802083333333333 0.1259259259259259
1 0.584375 0.4152777777777778 0.03229166666666667 0.08611111111111111
0 0.034895833333333334 0.6902777777777778 0.06979166666666667 0.36574074074074076
0 0.13776041666666666 0.6074074074074074 0.2755208333333333 0.39814814814814814
0 0.30885416666666665 0.5560185185185185 0.19166666666666668 0.2935185185185185
0 0.42864583333333334 0.46944444444444444 0.15208333333333332 0.3055555555555556
1 0.6203125 0.32083333333333336 0.015625 0.03981481481481482
