0 0.8869791666666667 0.48564814814814816 0.015625 0.062037037037037036
0 0.8109375 0.4787037037037037 0.034375 0.044444444444444446
0 0.6859375 0.5337962962962963 0.09270833333333334 0.10462962962962963
3 0.72890625 0.3 0.016145833333333335 0.02962962962962963
0 0.5919270833333333 0.4935185185185185 0.0171875 0.025925925925925925
0 0.42473958333333334 0.6412037037037037 0.40260416666666665 0.5990740740740741
0 0.20416666666666666 0.5851851851851851 0.10625 0.21296296296296297
0 0.12994791666666666 0.5328703703703703 0.12447916666666667 0.1398148148148148
0 0.034375 0.5189814814814815 0.06875 0.10277777777777777
1 0.79375 0.4736111111111111 0.005208333333333333 0.03981481481481482
