0 0.20729166666666668 0.5467592592592593 0.11145833333333334 0.13796296296296295
0 0.32447916666666665 0.4949074074074074 0.06875 0.12129629629629629
1 0.3765625 0.4898148148148148 0.007291666666666667 0.03888888888888889
0 0.41380208333333335 0.4537037037037037 0.018229166666666668 0.03888888888888889
0 0.4953125 0.6217592592592592 0.24375 0.38055555555555554
0 0.5091145833333334 0.3902777777777778 0.1296875 0.11944444444444445
1 0.6072916666666667 0.4699074074074074 0.00625 0.03425925925925926
1 0.6127604166666667 0.47175925925925927 0.005729166666666666 0.03981481481481482
0 0.5888020833333333 0.46620370370370373 0.03177083333333333 0.0787037037037037
0 0.7549479166666667 0.4351851851851852 0.25052083333333336 0.4166666666666667
