0 0.7213541666666666 0.6847222222222222 0.55625 0.625
2 0.8106770833333333 0.08888888888888889 0.05364583333333333 0.027777777777777776
2 0.6609375 0.09675925925925925 0.05625 0.026851851851851852
0 0.8861979166666667 0.2125 0.2265625 0.42314814814814816
0 0.7541666666666667 0.33287037037037037 0.07395833333333333 0.08055555555555556
3 0.7221354166666667 0.2625 0.015104166666666667 0.025
2 0.68359375 0.22453703703703703 0.028645833333333332 0.013888888888888888
0 0.50703125 0.4134259259259259 0.025520833333333333 0.04537037037037037
0 0.5856770833333333 0.41805555555555557 0.19947916666666668 0.33796296296296297
0 0.4505208333333333 0.41435185185185186 0.029166666666666667 0.04351851851851852
0 0.46875 0.4111111111111111 0.017708333333333333 0.037037037037037035
0 0.1375 0.42407407407407405 0.029166666666666667 0.06296296296296296
0 0.028385416666666666 0.4388888888888889 0.05677083333333333 0.06851851851851852
0 0.034375 0.4101851851851852 0.04479166666666667 0.03518518518518519
0 0.59765625 0.3449074074074074 0.15572916666666667 0.18425925925925926
