2 0.44192708333333336 0.14444444444444443 0.06510416666666667 0.03333333333333333
2 0.5809895833333333 0.1412037037037037 0.06614583333333333 0.032407407407407406
3 0.5104166666666666 0.11851851851851852 0.040625 0.07222222222222222
3 0.6736979166666667 0.12453703703703704 0.06822916666666666 0.049074074074074076
1 0.8252604166666667 0.5518518518518518 0.049479166666666664 0.17222222222222222
1 0.8276041666666667 0.5412037037037037 0.053125 0.17685185185185184
1 0.88359375 0.5365740740740741 0.030729166666666665 0.14351851851851852
1 0.9276041666666667 0.5356481481481481 0.028125 0.14166666666666666
0 0.021614583333333333 0.7893518518518519 0.043229166666666666 0.2564814814814815
0 0.06041666666666667 0.5694444444444444 0.12083333333333333 0.09074074074074075
0 0.13411458333333334 0.5546296296296296 0.11927083333333334 0.06851851851851852
0 0.3411458333333333 0.5541666666666667 0.121875 0.09722222222222222
0 0.5455729166666666 0.5541666666666667 0.022395833333333334 0.028703703703703703
0 0.94296875 0.5148148148148148 0.11302083333333333 0.09444444444444444
0 0.2734375 0.5527777777777778 0.013541666666666667 0.044444444444444446
1 0.5934895833333333 0.5518518518518518 0.005729166666666666 0.025925925925925925
1 0.58046875 0.5532407407407407 0.0046875 0.023148148148148147
