3 0.475 0.027777777777777776 0.030208333333333334 0.053703703703703705
3 0.3815104166666667 0.13425925925925927 0.0296875 0.053703703703703705
2 0.5127604166666667 0.12361111111111112 0.0703125 0.030555555555555555
3 0.58515625 0.12824074074074074 0.044270833333333336 0.075
3 0.6328125 0.13148148148148148 0.04479166666666667 0.07777777777777778
2 0.7143229166666667 0.12777777777777777 0.07239583333333334 0.03333333333333333
1 0.6473958333333333 0.49074074074074076 0.017708333333333333 0.07777777777777778
0 0.7502604166666667 0.5101851851851852 0.05572916666666667 0.07592592592592592
1 0.7541666666666667 0.4787037037037037 0.022916666666666665 0.08333333333333333
0 0.040364583333333336 0.5842592592592593 0.08072916666666667 0.26851851851851855
0 0.06640625 0.5060185185185185 0.06822916666666666 0.06944444444444445
0 0.27005208333333336 0.5194444444444445 0.1890625 0.17962962962962964
0 0.37265625 0.4981481481481482 0.0296875 0.053703703703703705
0 0.3875 0.49537037037037035 0.04479166666666667 0.05925925925925926
0 0.4348958333333333 0.49444444444444446 0.06875 0.06666666666666667
0 0.45338541666666665 0.4726851851851852 0.044270833333333336 0.03425925925925926
0 0.484375 0.4703703703703704 0.026041666666666668 0.024074074074074074
0 0.5325520833333334 0.5055555555555555 0.15052083333333333 0.12222222222222222
0 0.6059895833333333 0.48148148148148145 0.030729166666666665 0.046296296296296294
0 0.6283854166666667 0.4759259259259259 0.0328125 0.04814814814814815
0 0.6575520833333334 0.47453703703703703 0.034895833333333334 0.04722222222222222
0 0.6861979166666666 0.4708333333333333 0.0328125 0.05092592592592592
0 0.70859375 0.475462962962963 0.0171875 0.03611111111111111
0 0.7236979166666667 0.4740740740740741 0.022395833333333334 0.03333333333333333
0 0.7416666666666667 0.47175925925925927 0.017708333333333333 0.028703703703703703
0 0.8466145833333333 0.46620370370370373 0.022395833333333334 0.028703703703703703
