0 0.21432291666666667 0.4981481481481482 0.10260416666666666 0.05555555555555555
0 0.40989583333333335 0.475462962962963 0.071875 0.08796296296296297
0 0.4671875 0.4532407407407407 0.0875 0.1175925925925926
0 0.559375 0.47175925925925927 0.08645833333333333 0.0712962962962963
0 0.71796875 0.4759259259259259 0.021354166666666667 0.03888888888888889
0 0.6911458333333333 0.4828703703703704 0.04791666666666667 0.06018518518518518
0 0.8190104166666666 0.4685185185185185 0.034895833333333334 0.05555555555555555
0 0.7502604166666667 0.49074074074074076 0.06510416666666667 0.09444444444444444
0 0.88046875 0.549537037037037 0.17135416666666667 0.20833333333333334
2 0.6497395833333334 0.16944444444444445 0.04010416666666667 0.025925925925925925
2 0.7765625 0.1625 0.03958333333333333 0.026851851851851852
