0 0.026041666666666668 0.5916666666666667 0.04791666666666667 0.10925925925925926
0 0.040364583333333336 0.5398148148148149 0.0765625 0.08888888888888889
0 0.027604166666666666 0.5555555555555556 0.051041666666666666 0.05185185185185185
0 0.19401041666666666 0.5412037037037037 0.0515625 0.032407407407407406
0 0.22552083333333334 0.538425925925926 0.042708333333333334 0.03796296296296296
0 0.25052083333333336 0.5351851851851852 0.04895833333333333 0.040740740740740744
0 0.2950520833333333 0.5439814814814815 0.04010416666666667 0.05462962962962963
0 0.34375 0.5259259259259259 0.01875 0.027777777777777776
0 0.42161458333333335 0.5254629629629629 0.016145833333333335 0.023148148148148147
0 0.45026041666666666 0.513425925925926 0.013020833333333334 0.021296296296296296
0 0.4752604166666667 0.5277777777777778 0.0234375 0.03333333333333333
0 0.54765625 0.5300925925925926 0.043229166666666666 0.06759259259259259
0 0.5721354166666667 0.5268518518518519 0.013020833333333334 0.03148148148148148
0 0.5846354166666666 0.5287037037037037 0.018229166666666668 0.046296296296296294
0 0.6223958333333334 0.5282407407407408 0.07395833333333333 0.12685185185185185
0 0.7135416666666666 0.5791666666666667 0.12083333333333333 0.15462962962962962
2 0.5513020833333333 0.4671296296296296 0.0078125 0.004629629629629629
2 0.5671875 0.46620370370370373 0.008333333333333333 0.004629629629629629
2 0.56328125 0.4699074074074074 0.0067708333333333336 0.004629629629629629
2 0.5885416666666666 0.46574074074074073 0.008333333333333333 0.005555555555555556
2 0.5778645833333333 0.46805555555555556 0.0078125 0.004629629629629629
0 0.50625 0.5143518518518518 0.013541666666666667 0.023148148148148147
