0 0.33515625 0.4930555555555556 0.0328125 0.026851851851851852
0 0.32760416666666664 0.47129629629629627 0.03854166666666667 0.05740740740740741
0 0.3020833333333333 0.4976851851851852 0.03854166666666667 0.021296296296296296
0 0.6078125 0.47962962962962963 0.07604166666666666 0.17222222222222222
0 0.5421875 0.5476851851851852 0.13229166666666667 0.22685185185185186
0 0.47942708333333334 0.4722222222222222 0.0140625 0.022222222222222223
0 0.4765625 0.4837962962962963 0.015625 0.021296296296296296
0 0.46875 0.4875 0.01875 0.021296296296296296
0 0.4635416666666667 0.5027777777777778 0.027083333333333334 0.037037037037037035
0 0.42916666666666664 0.5217592592592593 0.046875 0.06018518518518518
0 0.37057291666666664 0.549537037037037 0.0890625 0.11388888888888889
