0 0.12239583333333333 0.5342592592592592 0.13854166666666667 0.1537037037037037
0 0.32916666666666666 0.46435185185185185 0.04375 0.025
0 0.38125 0.5013888888888889 0.051041666666666666 0.062037037037037036
0 0.4786458333333333 0.4981481481481482 0.042708333333333334 0.053703703703703705
0 0.5111979166666667 0.49722222222222223 0.024479166666666666 0.037037037037037035
0 0.5419270833333333 0.5023148148148148 0.04739583333333333 0.06388888888888888
0 0.5640625 0.47129629629629627 0.026041666666666668 0.03888888888888889
0 0.6020833333333333 0.5263888888888889 0.09270833333333334 0.12129629629629629
0 0.6479166666666667 0.49398148148148147 0.026041666666666668 0.04722222222222222
0 0.6697916666666667 0.4740740740740741 0.03958333333333333 0.08518518518518518
0 0.79765625 0.4532407407407407 0.1296875 0.2101851851851852
