0 0.010416666666666666 0.6824074074074075 0.020833333333333332 0.21296296296296297
0 0.09583333333333334 0.5546296296296296 0.19166666666666668 0.29814814814814816
0 0.03125 0.38935185185185184 0.0625 0.032407407407407406
0 0.06614583333333333 0.38935185185185184 0.03958333333333333 0.032407407407407406
0 0.14895833333333333 0.43148148148148147 0.020833333333333332 0.046296296296296294
0 0.18177083333333333 0.4449074074074074 0.03958333333333333 0.05092592592592592
0 0.24166666666666667 0.425462962962963 0.053125 0.0712962962962963
0 0.22395833333333334 0.5231481481481481 0.115625 0.16111111111111112
0 0.3143229166666667 0.48703703703703705 0.07552083333333333 0.14814814814814814
0 0.35104166666666664 0.48518518518518516 0.020833333333333332 0.1037037037037037
0 0.36770833333333336 0.4773148148148148 0.0375 0.06574074074074074
0 0.3802083333333333 0.46435185185185185 0.035416666666666666 0.05462962962962963
0 0.39140625 0.45 0.027604166666666666 0.040740740740740744
0 0.40677083333333336 0.42777777777777776 0.019791666666666666 0.03333333333333333
0 0.45625 0.4064814814814815 0.04375 0.027777777777777776
0 0.4440104166666667 0.48333333333333334 0.11927083333333334 0.12962962962962962
0 0.48802083333333335 0.6023148148148149 0.234375 0.3416666666666667
0 0.5791666666666667 0.4740740740740741 0.015625 0.02962962962962963
