0 0.165625 0.44074074074074077 0.014583333333333334 0.040740740740740744
0 0.19947916666666668 0.45740740740740743 0.0375 0.05
0 0.37395833333333334 0.42777777777777776 0.016666666666666666 0.02962962962962963
0 0.5049479166666667 0.4532407407407407 0.0171875 0.026851851851851852
0 0.4830729166666667 0.48055555555555557 0.0359375 0.053703703703703705
0 0.42916666666666664 0.49166666666666664 0.040625 0.053703703703703705
0 0.32369791666666664 0.5 0.049479166666666664 0.06296296296296296
0 0.384375 0.512962962962963 0.075 0.0962962962962963
0 0.5486979166666667 0.45092592592592595 0.05572916666666667 0.10555555555555556
0 0.11015625 0.6018518518518519 0.21927083333333333 0.31296296296296294
0 0.38125 0.41805555555555557 0.014583333333333334 0.025
