0 0.29739583333333336 0.48333333333333334 0.041666666666666664 0.06111111111111111
0 0.33203125 0.5064814814814815 0.0296875 0.04259259259259259
0 0.4669270833333333 0.49166666666666664 0.0328125 0.05185185185185185
0 0.53125 0.4736111111111111 0.04479166666666667 0.07314814814814814
2 0.4786458333333333 0.16898148148148148 0.04791666666666667 0.030555555555555555
3 0.6174479166666667 0.22407407407407406 0.033854166666666664 0.05925925925925926
3 0.6513020833333333 0.21388888888888888 0.033854166666666664 0.05925925925925926
3 0.68671875 0.20787037037037037 0.0421875 0.06944444444444445
2 0.5028645833333333 0.387037037037037 0.0140625 0.007407407407407408
2 0.49140625 0.3902777777777778 0.011979166666666667 0.006481481481481481
2 0.4713541666666667 0.3888888888888889 0.014583333333333334 0.007407407407407408
2 0.4609375 0.39166666666666666 0.0125 0.007407407407407408
2 0.47291666666666665 0.3962962962962963 0.011458333333333333 0.005555555555555556
2 0.44869791666666664 0.3976851851851852 0.0109375 0.006481481481481481
