0 0.10963541666666667 0.7013888888888888 0.21927083333333333 0.5953703703703703
0 0.17109375 0.5777777777777777 0.12239583333333333 0.3055555555555556
0 0.2265625 0.5425925925925926 0.07708333333333334 0.19444444444444445
0 0.37447916666666664 0.48935185185185187 0.06770833333333333 0.08425925925925926
0 0.42109375 0.48194444444444445 0.044270833333333336 0.06574074074074074
0 0.44114583333333335 0.4777777777777778 0.016666666666666666 0.05555555555555555
0 0.44921875 0.47129629629629627 0.022395833333333334 0.04259259259259259
0 0.48489583333333336 0.4837962962962963 0.06041666666666667 0.09907407407407408
0 0.57890625 0.45925925925925926 0.028645833333333332 0.07962962962962963
0 0.5395833333333333 0.4527777777777778 0.023958333333333335 0.05925925925925926
0 0.3065104166666667 0.44722222222222224 0.05572916666666667 0.11851851851851852
0 0.37838541666666664 0.42592592592592593 0.04114583333333333 0.05
2 0.49557291666666664 0.3375 0.015104166666666667 0.010185185185185186
2 0.5244791666666667 0.33611111111111114 0.014583333333333334 0.009259259259259259
1 0.6934895833333333 0.4791666666666667 0.016145833333333335 0.08981481481481482
1 0.815625 0.44583333333333336 0.020833333333333332 0.13425925925925927
1 0.8390625 0.487962962962963 0.036458333333333336 0.2074074074074074
1 0.8924479166666667 0.5407407407407407 0.04010416666666667 0.2722222222222222
2 0.49635416666666665 0.4263888888888889 0.009375 0.004629629629629629
2 0.5151041666666667 0.425462962962963 0.008333333333333333 0.004629629629629629
2 0.6291666666666667 0.21388888888888888 0.030208333333333334 0.14444444444444443
