0 0.02890625 0.4375 0.0578125 0.11388888888888889
0 0.07994791666666666 0.4597222222222222 0.07135416666666666 0.06759259259259259
0 0.12864583333333332 0.44583333333333336 0.057291666666666664 0.09166666666666666
0 0.16875 0.4513888888888889 0.06875 0.08055555555555556
0 0.2328125 0.4583333333333333 0.046875 0.02962962962962963
0 0.35572916666666665 0.44351851851851853 0.030208333333333334 0.040740740740740744
0 0.3346354166666667 0.449537037037037 0.0203125 0.028703703703703703
0 0.27447916666666666 0.45092592592592595 0.03229166666666667 0.024074074074074074
0 0.29583333333333334 0.45925925925925926 0.03125 0.03148148148148148
0 0.17161458333333332 0.5435185185185185 0.0796875 0.12407407407407407
0 0.26510416666666664 0.5527777777777778 0.14270833333333333 0.17962962962962964
0 0.34348958333333335 0.5287037037037037 0.0734375 0.11666666666666667
0 0.39348958333333334 0.49953703703703706 0.0265625 0.04722222222222222
0 0.4197916666666667 0.5083333333333333 0.041666666666666664 0.06666666666666667
0 0.50625 0.5189814814814815 0.146875 0.2490740740740741
0 0.5890625 0.45555555555555555 0.057291666666666664 0.1388888888888889
0 0.5981770833333333 0.49074074074074076 0.04010416666666667 0.08888888888888889
0 0.6057291666666667 0.5050925925925925 0.046875 0.07314814814814814
0 0.6552083333333333 0.5157407407407407 0.0875 0.1111111111111111
0 0.7013020833333333 0.4861111111111111 0.03697916666666667 0.06111111111111111
0 0.7645833333333333 0.5435185185185185 0.15625 0.19074074074074074
0 0.9213541666666667 0.6129629629629629 0.15625 0.5388888888888889
