3 0.475 0.10972222222222222 0.0375 0.06574074074074074
2 0.42083333333333334 0.12175925925925926 0.06041666666666667 0.030555555555555555
2 0.55078125 0.12268518518518519 0.059895833333333336 0.028703703703703703
3 0.5572916666666666 0.20555555555555555 0.014583333333333334 0.03148148148148148
3 0.6591145833333333 0.37037037037037035 0.0234375 0.040740740740740744
3 0.659375 0.4111111111111111 0.022916666666666665 0.040740740740740744
2 0.4744791666666667 0.3888888888888889 0.014583333333333334 0.007407407407407408
2 0.5036458333333333 0.38842592592592595 0.013541666666666667 0.008333333333333333
0 0.3302083333333333 0.44722222222222224 0.11458333333333333 0.2074074074074074
0 0.39921875 0.4888888888888889 0.0265625 0.06481481481481481
0 0.41354166666666664 0.48703703703703705 0.022916666666666665 0.05740740740740741
0 0.47604166666666664 0.4740740740740741 0.020833333333333332 0.027777777777777776
0 0.515625 0.47685185185185186 0.026041666666666668 0.03518518518518519
0 0.7604166666666666 0.5365740740740741 0.3625 0.23796296296296296
0 0.51796875 0.46064814814814814 0.027604166666666666 0.058333333333333334
