2 0.6817708333333333 0.12685185185185185 0.06458333333333334 0.03148148148148148
3 0.7830729166666667 0.41574074074074074 0.013020833333333334 0.024074074074074074
1 0.6703125 0.44675925925925924 0.0125 0.023148148148148147
1 0.053385416666666664 0.5125 0.027604166666666666 0.08055555555555556
1 0.05286458333333333 0.5328703703703703 0.04635416666666667 0.06574074074074074
0 0.014583333333333334 0.5287037037037037 0.029166666666666667 0.07037037037037037
0 0.04375 0.5236111111111111 0.059375 0.08055555555555556
0 0.09166666666666666 0.5194444444444445 0.06666666666666667 0.07962962962962963
0 0.3072916666666667 0.5111111111111111 0.3802083333333333 0.2759259259259259
0 0.5640625 0.4912037037037037 0.18958333333333333 0.125
0 0.6794270833333333 0.5680555555555555 0.40677083333333336 0.2324074074074074
