0 0.4359375 0.5175925925925926 0.11458333333333333 0.14444444444444443
0 0.6216145833333333 0.4842592592592593 0.0546875 0.08518518518518518
0 0.6713541666666667 0.4962962962962963 0.08229166666666667 0.10555555555555556
0 0.7067708333333333 0.46064814814814814 0.028125 0.06018518518518518
0 0.7481770833333333 0.4625 0.0609375 0.08981481481481482
0 0.7796875 0.4532407407407407 0.019791666666666666 0.05462962962962963
0 0.79140625 0.4615740740740741 0.013020833333333334 0.058333333333333334
0 0.82109375 0.4703703703703704 0.06197916666666667 0.1111111111111111
0 0.8833333333333333 0.5578703703703703 0.19791666666666666 0.2490740740740741
3 0.23802083333333332 0.024074074074074074 0.051041666666666666 0.04814814814814815
