0 0.06614583333333333 0.5518518518518518 0.052083333333333336 0.06296296296296296
0 0.15390625 0.5597222222222222 0.04114583333333333 0.03981481481481482
0 0.19765625 0.5583333333333333 0.050520833333333334 0.046296296296296294
0 0.25442708333333336 0.5578703703703703 0.0359375 0.032407407407407406
0 0.2986979166666667 0.5574074074074075 0.04114583333333333 0.03518518518518519
0 0.37604166666666666 0.5546296296296296 0.03333333333333333 0.037037037037037035
0 0.4276041666666667 0.5481481481481482 0.03229166666666667 0.04259259259259259
0 0.5197916666666667 0.5578703703703703 0.019791666666666666 0.025
0 0.54609375 0.5462962962962963 0.0296875 0.046296296296296294
0 0.5776041666666667 0.5537037037037037 0.01875 0.03148148148148148
0 0.628125 0.5333333333333333 0.04375 0.07592592592592592
0 0.63828125 0.5555555555555556 0.0234375 0.03333333333333333
0 0.66953125 0.5287037037037037 0.04635416666666667 0.09259259259259259
0 0.71875 0.5416666666666666 0.06041666666666667 0.07222222222222222
0 0.7768229166666667 0.5402777777777777 0.04739583333333333 0.08055555555555556
0 0.8869791666666667 0.5208333333333334 0.09583333333333334 0.14351851851851852
0 0.9651041666666667 0.5138888888888888 0.06875 0.17037037037037037
