0 0.16302083333333334 0.4587962962962963 0.10520833333333333 0.06018518518518518
0 0.371875 0.5162037037037037 0.184375 0.25833333333333336
0 0.4825520833333333 0.48518518518518516 0.10260416666666666 0.16296296296296298
0 0.5731770833333333 0.47175925925925927 0.08177083333333333 0.12314814814814815
0 0.6385416666666667 0.4759259259259259 0.05625 0.07407407407407407
0 0.6666666666666666 0.44212962962962965 0.021875 0.028703703703703703
0 0.6802083333333333 0.4425925925925926 0.015625 0.027777777777777776
0 0.6932291666666667 0.4388888888888889 0.013541666666666667 0.03148148148148148
0 0.7208333333333333 0.42916666666666664 0.013541666666666667 0.023148148148148147
0 0.73515625 0.42824074074074076 0.018229166666666668 0.026851851851851852
0 0.7361979166666667 0.4773148148148148 0.050520833333333334 0.06944444444444445
0 0.76015625 0.4412037037037037 0.013020833333333334 0.03425925925925926
0 0.803125 0.49074074074074076 0.10208333333333333 0.17592592592592593
0 0.90078125 0.5689814814814815 0.19739583333333333 0.2675925925925926
0 0.8703125 0.42916666666666664 0.025 0.023148148148148147
0 0.8552083333333333 0.40370370370370373 0.017708333333333333 0.03518518518518519
0 0.8609375 0.39861111111111114 0.013541666666666667 0.03611111111111111
