0 0.2557291666666667 0.5736111111111111 0.22708333333333333 0.2601851851851852
0 0.6052083333333333 0.4671296296296296 0.05625 0.08611111111111111
0 0.63984375 0.48703703703703705 0.0734375 0.09444444444444444
0 0.54375 0.45185185185185184 0.036458333333333336 0.024074074074074074
0 0.6486979166666667 0.43287037037037035 0.0234375 0.025
0 0.6822916666666666 0.4513888888888889 0.026041666666666668 0.06388888888888888
0 0.7140625 0.4537037037037037 0.04479166666666667 0.07962962962962963
0 0.8010416666666667 0.43796296296296294 0.021875 0.044444444444444446
0 0.7645833333333333 0.4708333333333333 0.07291666666666667 0.12129629629629629
0 0.8916666666666667 0.5703703703703704 0.215625 0.2740740740740741
3 0.4479166666666667 0.29305555555555557 0.042708333333333334 0.062037037037037036
3 0.4473958333333333 0.3527777777777778 0.036458333333333336 0.05740740740740741
3 0.6822916666666666 0.36435185185185187 0.020833333333333332 0.032407407407407406
