0 0.48515625 0.17916666666666667 0.025520833333333333 0.032407407407407406
0 0.5328125 0.17546296296296296 0.023958333333333335 0.030555555555555555
0 0.48098958333333336 0.2671296296296296 0.0640625 0.08611111111111111
0 0.5955729166666667 0.17407407407407408 0.0140625 0.025925925925925925
0 0.6130208333333333 0.1736111111111111 0.029166666666666667 0.03611111111111111
0 0.6549479166666666 0.17175925925925925 0.015104166666666667 0.030555555555555555
0 0.671875 0.17037037037037037 0.03229166666666667 0.03888888888888889
0 0.7213541666666666 0.19074074074074074 0.03125 0.05
0 0.7348958333333333 0.16296296296296298 0.059375 0.03333333333333333
0 0.6895833333333333 0.18611111111111112 0.03333333333333333 0.046296296296296294
0 0.7028645833333333 0.2037037037037037 0.0515625 0.053703703703703705
0 0.7421875 0.19490740740740742 0.028125 0.04537037037037037
0 0.7526041666666666 0.2 0.036458333333333336 0.05185185185185185
0 0.76640625 0.2111111111111111 0.0296875 0.05555555555555555
0 0.7786458333333334 0.2175925925925926 0.03854166666666667 0.06481481481481481
0 0.7825520833333334 0.22870370370370371 0.030729166666666665 0.06481481481481481
0 0.8200520833333333 0.23333333333333334 0.0609375 0.09259259259259259
0 0.66796875 0.23055555555555557 0.08177083333333333 0.040740740740740744
0 0.6578125 0.4060185185185185 0.203125 0.3101851851851852
1 0.27239583333333334 0.3013888888888889 0.058333333333333334 0.06944444444444445
1 0.2682291666666667 0.28564814814814815 0.021875 0.09537037037037037
1 0.20416666666666666 0.2722222222222222 0.0125 0.10185185185185185
1 0.13619791666666667 0.2773148148148148 0.0171875 0.11388888888888889
1 0.9184895833333333 0.2712962962962963 0.0171875 0.08703703703703704
2 0.60390625 0.056018518518518516 0.018229166666666668 0.008333333333333333
2 0.6403645833333333 0.055092592592592596 0.018229166666666668 0.008333333333333333
2 0.58671875 0.10324074074074074 0.008854166666666666 0.004629629629629629
1 0.4390625 0.17222222222222222 0.005208333333333333 0.03148148148148148
3 0.8252604166666667 0.1476851851851852 0.013020833333333334 0.023148148148148147
