3 0.23020833333333332 0.36527777777777776 0.014583333333333334 0.026851851851851852
0 0.0421875 0.5203703703703704 0.084375 0.12962962962962962
0 0.09244791666666667 0.5055555555555555 0.03177083333333333 0.06296296296296296
0 0.1234375 0.5087962962962963 0.04791666666666667 0.08796296296296297
0 0.16875 0.5351851851851852 0.1125 0.14074074074074075
0 0.22395833333333334 0.5087962962962963 0.036458333333333336 0.062037037037037036
2 0.14166666666666666 0.43287037037037035 0.0125 0.006481481481481481
2 0.165625 0.4324074074074074 0.0125 0.007407407407407408
0 0.3489583333333333 0.5111111111111111 0.04479166666666667 0.06851851851851852
0 0.42994791666666665 0.5689814814814815 0.17552083333333332 0.24537037037037038
0 0.5286458333333334 0.5157407407407407 0.08020833333333334 0.13333333333333333
0 0.603125 0.525 0.027083333333333334 0.07962962962962963
0 0.6864583333333333 0.49953703703703706 0.15833333333333333 0.2175925925925926
0 0.9325520833333333 0.5046296296296297 0.13385416666666666 0.12407407407407407
0 0.9763020833333333 0.6083333333333333 0.04635416666666667 0.21296296296296297
3 0.46927083333333336 0.4375 0.015625 0.023148148148148147
3 0.7630208333333334 0.3541666666666667 0.008333333333333333 0.026851851851851852
3 0.7635416666666667 0.37962962962962965 0.009375 0.022222222222222223
