1 0.22786458333333334 0.49398148148148147 0.0067708333333333336 0.028703703703703703
1 0.2359375 0.48657407407407405 0.009375 0.04351851851851852
1 0.029947916666666668 0.4976851851851852 0.009895833333333333 0.05648148148148148
1 0.04375 0.4981481481481482 0.0125 0.05555555555555555
2 0.45755208333333336 0.36944444444444446 0.019270833333333334 0.009259259259259259
2 0.5671875 0.375 0.017708333333333333 0.007407407407407408
0 0.13958333333333334 0.5074074074074074 0.03854166666666667 0.02962962962962963
0 0.26276041666666666 0.4976851851851852 0.049479166666666664 0.06574074074074074
0 0.33515625 0.4777777777777778 0.03697916666666667 0.040740740740740744
0 0.39166666666666666 0.4773148148148148 0.023958333333333335 0.023148148148148147
0 0.4388020833333333 0.47453703703703703 0.0234375 0.03981481481481482
0 0.49661458333333336 0.5421296296296296 0.1421875 0.19537037037037036
0 0.49635416666666665 0.42453703703703705 0.05416666666666667 0.041666666666666664
0 0.5518229166666667 0.45787037037037037 0.018229166666666668 0.026851851851851852
0 0.5700520833333333 0.47175925925925927 0.04114583333333333 0.05092592592592592
0 0.5734375 0.4773148148148148 0.04583333333333333 0.05462962962962963
0 0.5713541666666667 0.49583333333333335 0.029166666666666667 0.08611111111111111
0 0.6065104166666667 0.5078703703703704 0.0828125 0.10648148148148148
3 0.6494791666666667 0.4337962962962963 0.014583333333333334 0.021296296296296296
