3 0.790625 0.3333333333333333 0.014583333333333334 0.025925925925925925
0 0.8708333333333333 0.4074074074074074 0.04791666666666667 0.03333333333333333
0 0.8747395833333333 0.40925925925925927 0.05364583333333333 0.05185185185185185
0 0.79296875 0.39814814814814814 0.022395833333333334 0.02962962962962963
0 0.79140625 0.4115740740740741 0.024479166666666666 0.03981481481481482
0 0.7877604166666666 0.41805555555555557 0.024479166666666666 0.03611111111111111
0 0.7377604166666667 0.3972222222222222 0.016145833333333335 0.022222222222222223
0 0.7192708333333333 0.4 0.019791666666666666 0.025925925925925925
0 0.6911458333333333 0.4148148148148148 0.022916666666666665 0.03518518518518519
0 0.67734375 0.4222222222222222 0.03177083333333333 0.040740740740740744
0 0.6471354166666666 0.4398148148148148 0.044270833333333336 0.05740740740740741
0 0.6057291666666667 0.4212962962962963 0.025 0.03518518518518519
0 0.57578125 0.4263888888888889 0.0265625 0.04722222222222222
0 0.5877604166666667 0.4337962962962963 0.04010416666666667 0.04722222222222222
0 0.54140625 0.4009259259259259 0.028645833333333332 0.037037037037037035
0 0.5130208333333334 0.45092592592592595 0.06041666666666667 0.08333333333333333
0 0.45703125 0.42314814814814816 0.03177083333333333 0.03518518518518519
1 0.3453125 0.42268518518518516 0.005208333333333333 0.03425925925925926
0 0.3502604166666667 0.425462962962963 0.024479166666666666 0.032407407407407406
0 0.3703125 0.4217592592592593 0.022916666666666665 0.03796296296296296
0 0.39895833333333336 0.41712962962962963 0.036458333333333336 0.06018518518518518
0 0.22916666666666666 0.5504629629629629 0.28125 0.36018518518518516
