2 0.6825520833333333 0.12407407407407407 0.06510416666666667 0.03148148148148148
3 0.7833333333333333 0.4162037037037037 0.013541666666666667 0.023148148148148147
1 0.5997395833333333 0.6648148148148149 0.2078125 0.562962962962963
0 0.5888020833333333 0.7379629629629629 0.19427083333333334 0.4888888888888889
0 0.029166666666666667 0.524074074074074 0.058333333333333334 0.07962962962962963
0 0.08880208333333334 0.5212962962962963 0.06927083333333334 0.07962962962962963
0 0.14036458333333332 0.5226851851851851 0.04114583333333333 0.06759259259259259
0 0.18359375 0.5171296296296296 0.0734375 0.0787037037037037
0 0.21953125 0.5120370370370371 0.033854166666666664 0.06666666666666667
0 0.2625 0.5138888888888888 0.065625 0.07592592592592592
0 0.3015625 0.4976851851851852 0.03125 0.03796296296296296
0 0.31354166666666666 0.4689814814814815 0.05625 0.04351851851851852
0 0.3260416666666667 0.49212962962962964 0.03229166666666667 0.028703703703703703
0 0.39765625 0.5217592592592593 0.2203125 0.125
0 0.6356770833333333 0.4912037037037037 0.0140625 0.023148148148148147
0 0.1984375 0.46111111111111114 0.0875 0.05925925925925926
