3 0.8330729166666667 0.24814814814814815 0.05364583333333333 0.0962962962962963
2 0.5197916666666667 0.38935185185185184 0.029166666666666667 0.013888888888888888
2 0.45755208333333336 0.39305555555555555 0.028645833333333332 0.013888888888888888
3 0.4856770833333333 0.37592592592592594 0.0140625 0.03333333333333333
3 0.5486979166666667 0.37777777777777777 0.018229166666666668 0.03333333333333333
3 0.7020833333333333 0.3675925925925926 0.016666666666666666 0.04259259259259259
0 0.6239583333333333 0.5370370370370371 0.08333333333333333 0.12407407407407407
0 0.6653645833333334 0.538425925925926 0.015104166666666667 0.0712962962962963
0 0.5833333333333334 0.5481481481481482 0.019791666666666666 0.07407407407407407
0 0.44557291666666665 0.6504629629629629 0.2942708333333333 0.41203703703703703
0 0.1875 0.5694444444444444 0.06979166666666667 0.09814814814814815
0 0.05859375 0.5787037037037037 0.1171875 0.15185185185185185
