1 0.8283854166666667 0.46435185185185185 0.0359375 0.05277777777777778
0 0.48671875 0.5185185185185185 0.1328125 0.18333333333333332
0 0.26875 0.5092592592592593 0.134375 0.18703703703703703
2 0.6018229166666667 0.1375 0.0546875 0.028703703703703703
2 0.71640625 0.125 0.0546875 0.027777777777777776
2 0.8184895833333333 0.11481481481481481 0.0546875 0.027777777777777776
2 0.5723958333333333 0.22870370370370371 0.03854166666666667 0.018518518518518517
2 0.6541666666666667 0.22361111111111112 0.03854166666666667 0.019444444444444445
3 0.6104166666666667 0.20462962962962963 0.023958333333333335 0.04259259259259259
3 0.6888020833333334 0.2101851851851852 0.0234375 0.04259259259259259
3 0.7481770833333333 0.36435185185185187 0.0140625 0.025
