0 0.10078125 0.5069444444444444 0.0515625 0.04722222222222222
0 0.06979166666666667 0.5064814814814815 0.017708333333333333 0.04814814814814815
0 0.09348958333333333 0.4861111111111111 0.030729166666666665 0.03888888888888889
0 0.13385416666666666 0.500462962962963 0.030208333333333334 0.041666666666666664
0 0.16770833333333332 0.49444444444444446 0.04375 0.04814814814814815
0 0.3125 0.5101851851851852 0.04791666666666667 0.07037037037037037
0 0.38359375 0.5416666666666666 0.09947916666666666 0.13518518518518519
0 0.46640625 0.5143518518518518 0.06927083333333334 0.08611111111111111
0 0.58984375 0.4861111111111111 0.08177083333333333 0.11481481481481481
0 0.8458333333333333 0.5537037037037037 0.19583333333333333 0.23703703703703705
3 0.16953125 0.20787037037037037 0.0765625 0.12129629629629629
