3 0.7572916666666667 0.2833333333333333 0.025 0.05740740740740741
3 0.5463541666666667 0.31203703703703706 0.020833333333333332 0.03888888888888889
3 0.47369791666666666 0.3087962962962963 0.016145833333333335 0.03796296296296296
2 0.5127604166666667 0.324537037037037 0.0328125 0.01574074074074074
2 0.44088541666666664 0.3287037037037037 0.033854166666666664 0.016666666666666666
0 0.7247395833333333 0.49583333333333335 0.06510416666666667 0.08611111111111111
0 0.6510416666666666 0.5078703703703704 0.10729166666666666 0.15833333333333333
0 0.5942708333333333 0.5194444444444445 0.034375 0.1
0 0.4515625 0.6171296296296296 0.29375 0.4064814814814815
0 0.2609375 0.524537037037037 0.090625 0.11944444444444445
0 0.13958333333333334 0.5444444444444444 0.08645833333333333 0.10555555555555556
