0 0.7958333333333333 0.575462962962963 0.016666666666666666 0.05648148148148148
0 0.7203125 0.5921296296296297 0.15104166666666666 0.075
0 0.63125 0.5731481481481482 0.041666666666666664 0.040740740740740744
0 0.5825520833333333 0.5842592592592593 0.0734375 0.053703703703703705
1 0.5591145833333333 0.5666666666666667 0.0067708333333333336 0.025925925925925925
0 0.5239583333333333 0.5805555555555556 0.04583333333333333 0.037037037037037035
1 0.5135416666666667 0.6212962962962963 0.016666666666666666 0.08518518518518518
0 0.49322916666666666 0.6203703703703703 0.08645833333333333 0.09074074074074075
0 0.43776041666666665 0.5449074074074074 0.028645833333333332 0.03611111111111111
2 0.44453125 0.4722222222222222 0.0171875 0.007407407407407408
2 0.46901041666666665 0.47129629629629627 0.018229166666666668 0.007407407407407408
0 0.440625 0.5828703703703704 0.046875 0.04537037037037037
0 0.39296875 0.6240740740740741 0.08489583333333334 0.11296296296296296
0 0.35260416666666666 0.6101851851851852 0.026041666666666668 0.06296296296296296
0 0.34348958333333335 0.5856481481481481 0.0421875 0.04351851851851852
0 0.2942708333333333 0.612037037037037 0.07604166666666666 0.10555555555555556
0 0.1890625 0.6222222222222222 0.14583333333333334 0.16296296296296298
