0 0.9130208333333333 0.5962962962962963 0.17291666666666666 0.32222222222222224
0 0.7544270833333333 0.5708333333333333 0.11614583333333334 0.13240740740740742
0 0.6869791666666667 0.5513888888888889 0.07291666666666667 0.10648148148148148
0 0.63515625 0.5458333333333333 0.0453125 0.062037037037037036
0 0.603125 0.5388888888888889 0.03333333333333333 0.05
0 0.5752604166666667 0.5333333333333333 0.0234375 0.02962962962962963
0 0.528125 0.524074074074074 0.0125 0.027777777777777776
0 0.4947916666666667 0.5319444444444444 0.020833333333333332 0.025
0 0.43255208333333334 0.5287037037037037 0.025520833333333333 0.05185185185185185
1 0.54921875 0.5282407407407408 0.005729166666666666 0.023148148148148147
