1 0.8161458333333333 0.5537037037037037 0.026041666666666668 0.14629629629629629
1 0.8013020833333333 0.5782407407407407 0.033854166666666664 0.10462962962962963
0 0.17161458333333332 0.5634259259259259 0.14635416666666667 0.14907407407407408
0 0.42604166666666665 0.5194444444444445 0.05625 0.07962962962962963
0 0.45546875 0.5175925925925926 0.0171875 0.05925925925925926
0 0.53828125 0.5217592592592593 0.0765625 0.14166666666666666
3 0.5479166666666667 0.24212962962962964 0.020833333333333332 0.04351851851851852
2 0.5903645833333333 0.2722222222222222 0.0421875 0.018518518518518517
2 0.50703125 0.2740740740740741 0.04114583333333333 0.018518518518518517
0 0.9375 0.5537037037037037 0.016666666666666666 0.046296296296296294
