0 0.043229166666666666 0.3013888888888889 0.08645833333333333 0.2101851851851852
0 0.05651041666666667 0.5342592592592592 0.11302083333333333 0.2814814814814815
0 0.128125 0.4449074074074074 0.13125 0.15462962962962962
0 0.1734375 0.39305555555555555 0.13854166666666667 0.11388888888888889
0 0.18333333333333332 0.5652777777777778 0.19375 0.2324074074074074
0 0.24817708333333333 0.44537037037037036 0.06197916666666667 0.024074074074074074
0 0.29661458333333335 0.5407407407407407 0.0953125 0.17407407407407408
0 0.33932291666666664 0.49074074074074076 0.0515625 0.07592592592592592
0 0.3567708333333333 0.4634259259259259 0.03958333333333333 0.032407407407407406
0 0.45416666666666666 0.6189814814814815 0.23958333333333334 0.3787037037037037
0 0.5544270833333333 0.43796296296296294 0.028645833333333332 0.06481481481481481
0 0.5859375 0.43796296296296294 0.023958333333333335 0.05
0 0.6065104166666667 0.43657407407407406 0.013020833333333334 0.03425925925925926
1 0.6333333333333333 0.44027777777777777 0.004166666666666667 0.032407407407407406
1 0.6481770833333333 0.4398148148148148 0.0078125 0.03888888888888889
1 0.659375 0.4398148148148148 0.00625 0.037037037037037035
0 0.6859375 0.44166666666666665 0.023958333333333335 0.05
0 0.74140625 0.5592592592592592 0.19114583333333332 0.23333333333333334
0 0.80078125 0.49398148148148147 0.06822916666666666 0.10833333333333334
0 0.9291666666666667 0.4439814814814815 0.071875 0.0787037037037037
0 0.9807291666666667 0.4615740740740741 0.0375 0.08055555555555556
1 0.95 0.4583333333333333 0.00625 0.06666666666666667
1 0.9625 0.4546296296296296 0.00625 0.07037037037037037
3 0.7046875 0.21944444444444444 0.025 0.046296296296296294
2 0.521875 0.36527777777777776 0.010416666666666666 0.006481481481481481
2 0.5513020833333333 0.3638888888888889 0.009895833333333333 0.005555555555555556
2 0.5552083333333333 0.36898148148148147 0.009375 0.004629629629629629
