0 0.48151041666666666 0.6472222222222223 0.0203125 0.025925925925925925
0 0.49453125 0.6532407407407408 0.011979166666666667 0.03981481481481482
0 0.5440104166666667 0.6171296296296296 0.08697916666666666 0.11203703703703703
0 0.6190104166666667 0.6486111111111111 0.0484375 0.049074074074074076
0 0.6731770833333334 0.6587962962962963 0.025520833333333333 0.026851851851851852
0 0.7794270833333333 0.625462962962963 0.0515625 0.08981481481481482
0 0.27291666666666664 0.6620370370370371 0.028125 0.024074074074074074
3 0.43802083333333336 0.5935185185185186 0.0125 0.022222222222222223
3 0.43854166666666666 0.6171296296296296 0.0125 0.023148148148148147
3 0.7471354166666667 0.5888888888888889 0.011979166666666667 0.024074074074074074
3 0.746875 0.6129629629629629 0.0125 0.022222222222222223
0 0.70234375 0.6296296296296297 0.019270833333333334 0.04814814814814815
