2 0.37838541666666664 0.14722222222222223 0.06197916666666667 0.03148148148148148
2 0.51171875 0.14166666666666666 0.06302083333333333 0.027777777777777776
2 0.6442708333333333 0.14305555555555555 0.06354166666666666 0.030555555555555555
3 0.4453125 0.1162037037037037 0.03958333333333333 0.06944444444444445
0 0.04505208333333333 0.7569444444444444 0.09010416666666667 0.3453703703703704
0 0.9231770833333334 0.6916666666666667 0.15260416666666668 0.4425925925925926
0 0.9565104166666667 0.5060185185185185 0.0859375 0.06759259259259259
0 0.48515625 0.6893518518518519 0.1078125 0.38981481481481484
1 0.48828125 0.6282407407407408 0.12447916666666667 0.4064814814814815
0 0.19505208333333332 0.5356481481481481 0.09114583333333333 0.058333333333333334
0 0.28802083333333334 0.5305555555555556 0.1125 0.06296296296296296
0 0.2591145833333333 0.5046296296296297 0.0359375 0.025925925925925925
0 0.3138020833333333 0.5060185185185185 0.027604166666666666 0.025
0 0.33177083333333335 0.5078703703703704 0.016666666666666666 0.032407407407407406
0 0.35520833333333335 0.5069444444444444 0.035416666666666666 0.05092592592592592
0 0.378125 0.5018518518518519 0.015625 0.044444444444444446
0 0.3966145833333333 0.5055555555555555 0.030729166666666665 0.053703703703703705
0 0.41822916666666665 0.5041666666666667 0.016666666666666666 0.04351851851851852
0 0.4328125 0.5171296296296296 0.03229166666666667 0.04537037037037037
0 0.5455729166666666 0.5078703703703704 0.05364583333333333 0.041666666666666664
0 0.596875 0.5254629629629629 0.15416666666666667 0.10833333333333334
0 0.7966145833333333 0.5106481481481482 0.12135416666666667 0.08611111111111111
0 0.86171875 0.5162037037037037 0.0140625 0.032407407407407406
