0 0.3651041666666667 0.4787037037037037 0.019791666666666666 0.04259259259259259
0 0.44635416666666666 0.47685185185185186 0.022916666666666665 0.03518518518518519
0 0.45078125 0.5111111111111111 0.021354166666666667 0.03333333333333333
0 0.47161458333333334 0.48657407407407405 0.013020833333333334 0.03425925925925926
0 0.5015625 0.49074074074074076 0.040625 0.08333333333333333
0 0.48489583333333336 0.5583333333333333 0.08645833333333333 0.1111111111111111
0 0.54765625 0.5171296296296296 0.025520833333333333 0.03425925925925926
0 0.62890625 0.5180555555555556 0.049479166666666664 0.08981481481481482
3 0.7434895833333334 0.23703703703703705 0.03802083333333333 0.05925925925925926
3 0.5380208333333333 0.2722222222222222 0.01875 0.03333333333333333
0 0.4544270833333333 0.5175925925925926 0.013020833333333334 0.027777777777777776
