3 0.30807291666666664 0.30277777777777776 0.034895833333333334 0.05740740740740741
0 0.02890625 0.500462962962963 0.05364583333333333 0.049074074074074076
0 0.05625 0.5023148148148148 0.019791666666666666 0.04537037037037037
0 0.06848958333333334 0.49537037037037035 0.0203125 0.027777777777777776
0 0.0921875 0.5027777777777778 0.04895833333333333 0.046296296296296294
0 0.12369791666666667 0.49907407407407406 0.024479166666666666 0.03888888888888889
0 0.31354166666666666 0.5333333333333333 0.128125 0.1574074074074074
0 0.4315104166666667 0.5064814814814815 0.04635416666666667 0.08333333333333333
0 0.5072916666666667 0.5361111111111111 0.13645833333333332 0.22777777777777777
0 0.56875 0.5092592592592593 0.022916666666666665 0.09444444444444444
0 0.59765625 0.4824074074074074 0.024479166666666666 0.03518518518518519
0 0.6356770833333333 0.4740740740740741 0.0140625 0.025925925925925925
0 0.646875 0.47824074074074074 0.016666666666666666 0.025
0 0.7088541666666667 0.49027777777777776 0.04375 0.06018518518518518
0 0.7526041666666666 0.5023148148148148 0.06666666666666667 0.08425925925925926
0 0.9848958333333333 0.5564814814814815 0.029166666666666667 0.17592592592592593
