2 0.6825520833333333 0.12407407407407407 0.06510416666666667 0.03148148148148148
0 0.057291666666666664 0.5421296296296296 0.11458333333333333 0.14907407407407408
0 0.14817708333333332 0.462037037037037 0.2734375 0.2462962962962963
0 0.27838541666666666 0.512962962962963 0.03697916666666667 0.07222222222222222
0 0.30234375 0.5111111111111111 0.0328125 0.06481481481481481
0 0.33125 0.5078703703703704 0.041666666666666664 0.06018518518518518
0 0.34921875 0.5032407407407408 0.019270833333333334 0.05092592592592592
0 0.4015625 0.5064814814814815 0.014583333333333334 0.024074074074074074
0 0.4197916666666667 0.5009259259259259 0.025 0.037037037037037035
0 0.44114583333333335 0.5009259259259259 0.015625 0.027777777777777776
0 0.42213541666666665 0.4837962962962963 0.030729166666666665 0.026851851851851852
0 0.6049479166666667 0.5037037037037037 0.16302083333333334 0.1388888888888889
0 0.8013020833333333 0.5268518518518519 0.3151041666666667 0.21296296296296297
0 0.8559895833333333 0.45601851851851855 0.05260416666666667 0.05092592592592592
0 0.9604166666666667 0.5018518518518519 0.078125 0.08518518518518518
1 0.965625 0.6013888888888889 0.06770833333333333 0.39537037037037037
0 0.31197916666666664 0.4634259259259259 0.05416666666666667 0.028703703703703703
