0 0.03125 0.6513888888888889 0.0625 0.5231481481481481
1 0.18177083333333333 0.49212962962962964 0.017708333333333333 0.0712962962962963
1 0.23072916666666668 0.4828703703703704 0.0125 0.05277777777777778
1 0.2171875 0.49675925925925923 0.015625 0.04351851851851852
0 0.32734375 0.49212962962962964 0.08072916666666667 0.075
1 0.35651041666666666 0.48333333333333334 0.0140625 0.08333333333333333
1 0.39557291666666666 0.4675925925925926 0.005729166666666666 0.040740740740740744
0 0.36432291666666666 0.4476851851851852 0.05677083333333333 0.11944444444444445
0 0.42473958333333334 0.47685185185185186 0.04010416666666667 0.05185185185185185
0 0.5010416666666667 0.5212962962962963 0.13229166666666667 0.18333333333333332
0 0.6036458333333333 0.44537037037037036 0.06770833333333333 0.12407407407407407
0 0.6072916666666667 0.48009259259259257 0.06145833333333333 0.0787037037037037
0 0.6520833333333333 0.49166666666666664 0.022916666666666665 0.053703703703703705
0 0.6986979166666667 0.48518518518518516 0.05364583333333333 0.10925925925925926
0 0.7950520833333333 0.5194444444444445 0.19010416666666666 0.27037037037037037
3 0.6723958333333333 0.33194444444444443 0.023958333333333335 0.03611111111111111
2 0.5067708333333333 0.32407407407407407 0.022916666666666665 0.011111111111111112
2 0.5578125 0.32175925925925924 0.022916666666666665 0.012037037037037037
0 0.5578125 0.45092592592592595 0.017708333333333333 0.022222222222222223
1 0.05260416666666667 0.4773148148148148 0.0125 0.030555555555555555
3 0.5268229166666667 0.31527777777777777 0.0109375 0.025
3 0.6361979166666667 0.37777777777777777 0.013020833333333334 0.020370370370370372
