0 0.05859375 0.5263888888888889 0.10572916666666667 0.10833333333333334
0 0.23932291666666666 0.5023148148148148 0.044270833333333336 0.0712962962962963
0 0.2708333333333333 0.513425925925926 0.06354166666666666 0.08796296296296297
0 0.3528645833333333 0.4912037037037037 0.0453125 0.0787037037037037
0 0.3888020833333333 0.4875 0.0296875 0.058333333333333334
0 0.4205729166666667 0.475 0.0453125 0.12222222222222222
0 0.453125 0.4925925925925926 0.023958333333333335 0.05555555555555555
0 0.4583333333333333 0.48055555555555557 0.029166666666666667 0.06481481481481481
0 0.4778645833333333 0.475462962962963 0.0171875 0.05277777777777778
0 0.5059895833333333 0.4666666666666667 0.04010416666666667 0.1259259259259259
