0 0.14921875 0.5375 0.07239583333333334 0.04722222222222222
0 0.20364583333333333 0.5518518518518518 0.035416666666666666 0.05555555555555555
0 0.23645833333333333 0.5583333333333333 0.05625 0.08703703703703704
0 0.3067708333333333 0.5606481481481481 0.11145833333333334 0.13796296296296295
0 0.33203125 0.49675925925925923 0.07760416666666667 0.12314814814814815
0 0.38307291666666665 0.5023148148148148 0.0296875 0.05092592592592592
0 0.40234375 0.5337962962962963 0.043229166666666666 0.05092592592592592
0 0.4078125 0.49907407407407406 0.019791666666666666 0.025925925925925925
0 0.4361979166666667 0.5074074074074074 0.022395833333333334 0.027777777777777776
0 0.46328125 0.5263888888888889 0.04010416666666667 0.041666666666666664
0 0.4752604166666667 0.4875 0.016145833333333335 0.03425925925925926
0 0.54609375 0.5462962962962963 0.0703125 0.10925925925925926
0 0.6359375 0.5037037037037037 0.019791666666666666 0.03333333333333333
0 0.6479166666666667 0.5097222222222222 0.029166666666666667 0.03796296296296296
0 0.7020833333333333 0.5282407407407408 0.058333333333333334 0.08055555555555556
2 0.59921875 0.48842592592592593 0.008854166666666666 0.004629629629629629
2 0.6174479166666667 0.4027777777777778 0.016145833333333335 0.009259259259259259
2 0.6575520833333334 0.4013888888888889 0.0171875 0.008333333333333333
1 0.05859375 0.5453703703703704 0.0109375 0.04814814814814815
0 0.4200520833333333 0.5032407407407408 0.0171875 0.025
2 0.43697916666666664 0.4111111111111111 0.016666666666666666 0.009259259259259259
