0 0.054427083333333334 0.5689814814814815 0.1078125 0.5324074074074074
0 0.16145833333333334 0.4981481481481482 0.022916666666666665 0.03148148148148148
0 0.18463541666666666 0.5074074074074074 0.03177083333333333 0.04814814814814815
0 0.21119791666666668 0.5180555555555556 0.04739583333333333 0.062037037037037036
0 0.23828125 0.4875 0.027604166666666666 0.05648148148148148
0 0.32265625 0.4703703703703704 0.07135416666666666 0.13148148148148148
0 0.35963541666666665 0.5416666666666666 0.0546875 0.13148148148148148
0 0.46067708333333335 0.5768518518518518 0.2015625 0.30925925925925923
0 0.75546875 0.5699074074074074 0.21614583333333334 0.23981481481481481
0 0.8932291666666666 0.5504629629629629 0.128125 0.1638888888888889
