0 0.7598958333333333 0.5773148148148148 0.18020833333333333 0.21944444444444444
1 0.6268229166666667 0.5222222222222223 0.0036458333333333334 0.027777777777777776
0 0.5940104166666667 0.5402777777777777 0.043229166666666666 0.05648148148148148
0 0.5666666666666667 0.5328703703703703 0.019791666666666666 0.032407407407407406
2 0.5510416666666667 0.46435185185185185 0.009375 0.004629629629629629
2 0.53203125 0.4652777777777778 0.009895833333333333 0.006481481481481481
0 0.5315104166666667 0.5458333333333333 0.0484375 0.07314814814814814
0 0.4940104166666667 0.5268518518518519 0.019270833333333334 0.03888888888888889
0 0.47109375 0.5412037037037037 0.04010416666666667 0.05648148148148148
0 0.43463541666666666 0.5351851851851852 0.028645833333333332 0.04259259259259259
0 0.38958333333333334 0.538425925925926 0.03229166666666667 0.041666666666666664
1 0.34270833333333334 0.5365740740740741 0.00625 0.026851851851851852
1 0.30885416666666665 0.5430555555555555 0.019791666666666666 0.05092592592592592
0 0.3098958333333333 0.5611111111111111 0.021875 0.04814814814814815
0 0.18645833333333334 0.5833333333333334 0.1125 0.14074074074074075
