0 0.21848958333333332 0.5509259259259259 0.11927083333333334 0.10925925925925926
0 0.35 0.5407407407407407 0.013541666666666667 0.022222222222222223
0 0.3924479166666667 0.5402777777777777 0.0265625 0.03611111111111111
0 0.46901041666666665 0.5912037037037037 0.13489583333333333 0.18425925925925926
0 0.58046875 0.5388888888888889 0.0171875 0.025925925925925925
0 0.59453125 0.5398148148148149 0.022395833333333334 0.03148148148148148
0 0.6065104166666667 0.5430555555555555 0.016145833333333335 0.030555555555555555
0 0.62421875 0.5421296296296296 0.030729166666666665 0.041666666666666664
0 0.6609375 0.5402777777777777 0.041666666666666664 0.06018518518518518
0 0.7677083333333333 0.5537037037037037 0.12604166666666666 0.08703703703703704
1 0.8075520833333333 0.5254629629629629 0.008854166666666666 0.026851851851851852
1 0.8130208333333333 0.5296296296296297 0.007291666666666667 0.022222222222222223
2 0.5755208333333334 0.36574074074074076 0.027083333333333334 0.011111111111111112
3 0.6013020833333333 0.35462962962962963 0.0171875 0.02962962962962963
2 0.63046875 0.3675925925925926 0.025520833333333333 0.011111111111111112
2 0.05 0.34814814814814815 0.014583333333333334 0.018518518518518517
