0 0.9903645833333333 0.6046296296296296 0.018229166666666668 0.11851851851851852
0 0.71171875 0.6078703703703704 0.15885416666666666 0.20092592592592592
0 0.7838541666666666 0.5777777777777777 0.03958333333333333 0.11296296296296296
0 0.7645833333333333 0.5143518518518518 0.06666666666666667 0.06944444444444445
0 0.6466145833333333 0.5277777777777778 0.0265625 0.05925925925925926
0 0.6270833333333333 0.5268518518518519 0.014583333333333334 0.06111111111111111
0 0.5934895833333333 0.5722222222222222 0.07447916666666667 0.09074074074074075
0 0.47734375 0.5587962962962963 0.06822916666666666 0.09537037037037037
0 0.37057291666666664 0.5675925925925925 0.0703125 0.1037037037037037
0 0.4080729166666667 0.5601851851851852 0.0328125 0.07962962962962963
0 0.3265625 0.513425925925926 0.04375 0.062037037037037036
0 0.2671875 0.5745370370370371 0.07291666666666667 0.08796296296296297
0 0.1953125 0.5703703703703704 0.06354166666666666 0.08333333333333333
0 0.13072916666666667 0.5814814814814815 0.0875 0.08888888888888889
0 0.865625 0.5314814814814814 0.08541666666666667 0.12962962962962962
2 0.76171875 0.2601851851851852 0.0484375 0.024074074074074074
2 0.88515625 0.2611111111111111 0.04739583333333333 0.022222222222222223
3 0.8005208333333333 0.22361111111111112 0.030208333333333334 0.05462962962962963
3 0.828125 0.2375 0.029166666666666667 0.062037037037037036
