0 0.03515625 0.6523148148148148 0.0703125 0.2935185185185185
0 0.14479166666666668 0.4740740740740741 0.06979166666666667 0.03888888888888889
0 0.24140625 0.3824074074074074 0.022395833333333334 0.03518518518518519
0 0.2630208333333333 0.5282407407407408 0.13020833333333334 0.16203703703703703
0 0.32135416666666666 0.49583333333333335 0.065625 0.10277777777777777
0 0.3606770833333333 0.4787037037037037 0.0546875 0.08888888888888889
0 0.3885416666666667 0.47685185185185186 0.023958333333333335 0.06296296296296296
0 0.40520833333333334 0.462037037037037 0.03229166666666667 0.06851851851851852
0 0.4205729166666667 0.45092592592592595 0.013020833333333334 0.03333333333333333
0 0.4747395833333333 0.39166666666666666 0.0546875 0.027777777777777776
0 0.47161458333333334 0.5393518518518519 0.1421875 0.27314814814814814
0 0.5359375 0.6212962962962963 0.28541666666666665 0.4074074074074074
0 0.6609375 0.49074074074074076 0.05416666666666667 0.08518518518518518
0 0.7119791666666667 0.49444444444444446 0.08958333333333333 0.09259259259259259
0 0.7184895833333333 0.4462962962962963 0.058854166666666666 0.03333333333333333
0 0.9591145833333333 0.41759259259259257 0.08072916666666667 0.053703703703703705
3 0.4166666666666667 0.2875 0.014583333333333334 0.026851851851851852
3 0.646875 0.025925925925925925 0.008333333333333333 0.040740740740740744
