0 0.8427083333333333 0.4152777777777778 0.31354166666666666 0.425
0 0.6677083333333333 0.4787037037037037 0.057291666666666664 0.17037037037037037
3 0.5197916666666667 0.17083333333333334 0.03229166666666667 0.05648148148148148
2 0.40286458333333336 0.3300925925925926 0.022395833333333334 0.010185185185185186
2 0.4479166666666667 0.33055555555555555 0.021875 0.009259259259259259
0 0.5307291666666667 0.6421296296296296 0.34791666666666665 0.5398148148148149
0 0.40078125 0.39490740740740743 0.06302083333333333 0.058333333333333334
0 0.36380208333333336 0.44074074074074077 0.09635416666666667 0.07222222222222222
0 0.33671875 0.5324074074074074 0.12239583333333333 0.1962962962962963
0 0.21328125 0.39305555555555555 0.20677083333333332 0.3416666666666667
0 0.08854166666666667 0.3490740740740741 0.04375 0.1
0 0.08203125 0.4115740740740741 0.07864583333333333 0.06574074074074074
0 0.16848958333333333 0.6138888888888889 0.22760416666666666 0.3611111111111111
0 0.04635416666666667 0.6231481481481481 0.09270833333333334 0.7518518518518519
