1 0.8841145833333334 0.2037037037037037 0.0078125 0.05925925925925926
1 0.9078125 0.2763888888888889 0.0125 0.041666666666666664
3 0.6661458333333333 0.28194444444444444 0.019791666666666666 0.03611111111111111
0 0.18697916666666667 0.49675925925925923 0.05416666666666667 0.03796296296296296
0 0.48723958333333334 0.5305555555555556 0.14322916666666666 0.21666666666666667
0 0.5697916666666667 0.4842592592592593 0.042708333333333334 0.05925925925925926
0 0.6177083333333333 0.48935185185185187 0.04479166666666667 0.06018518518518518
0 0.625 0.4375 0.06041666666666667 0.04537037037037037
0 0.6739583333333333 0.5337962962962963 0.07083333333333333 0.1787037037037037
0 0.8270833333333333 0.624537037037037 0.34479166666666666 0.4842592592592593
0 0.15078125 0.5032407407407408 0.025520833333333333 0.03611111111111111
