0 0.10260416666666666 0.5925925925925926 0.20104166666666667 0.20185185185185187
0 0.36953125 0.5453703703703704 0.0578125 0.07037037037037037
0 0.4005208333333333 0.5273148148148148 0.01875 0.025
0 0.41796875 0.525 0.0171875 0.024074074074074074
0 0.44635416666666666 0.5236111111111111 0.014583333333333334 0.023148148148148147
0 0.46041666666666664 0.5236111111111111 0.017708333333333333 0.026851851851851852
0 0.5130208333333334 0.5023148148148148 0.08958333333333333 0.1824074074074074
0 0.57265625 0.5231481481481481 0.013020833333333334 0.025925925925925925
0 0.6520833333333333 0.5097222222222222 0.051041666666666666 0.0787037037037037
0 0.85390625 0.4185185185185185 0.2911458333333333 0.8074074074074075
