0 0.18177083333333333 0.5180555555555556 0.10520833333333333 0.1398148148148148
0 0.22916666666666666 0.4583333333333333 0.041666666666666664 0.044444444444444446
0 0.35520833333333335 0.5148148148148148 0.08541666666666667 0.10555555555555556
0 0.39296875 0.49027777777777776 0.024479166666666666 0.04351851851851852
0 0.39505208333333336 0.4634259259259259 0.0171875 0.023148148148148147
0 0.4161458333333333 0.47962962962962963 0.026041666666666668 0.044444444444444446
0 0.45625 0.4824074074074074 0.028125 0.040740740740740744
0 0.4700520833333333 0.47175925925925927 0.015104166666666667 0.04351851851851852
0 0.4856770833333333 0.4652777777777778 0.013020833333333334 0.026851851851851852
0 0.5041666666666667 0.47638888888888886 0.020833333333333332 0.032407407407407406
0 0.5216145833333333 0.4648148148148148 0.015104166666666667 0.03518518518518519
