3 0.5953125 0.3087962962962963 0.013541666666666667 0.023148148148148147
3 0.7302083333333333 0.3351851851851852 0.017708333333333333 0.03148148148148148
0 0.0890625 0.5115740740740741 0.05 0.05648148148148148
0 0.22916666666666666 0.586574074074074 0.2708333333333333 0.33611111111111114
0 0.42864583333333334 0.4546296296296296 0.027083333333333334 0.040740740740740744
0 0.8458333333333333 0.4305555555555556 0.08125 0.09814814814814815
0 0.7166666666666667 0.4388888888888889 0.019791666666666666 0.04259259259259259
0 0.703125 0.44675925925925924 0.041666666666666664 0.05092592592592592
0 0.6481770833333333 0.43287037037037035 0.0140625 0.021296296296296296
0 0.6348958333333333 0.43425925925925923 0.01875 0.027777777777777776
0 0.6049479166666667 0.4444444444444444 0.0234375 0.03518518518518519
0 0.5955729166666667 0.4532407407407407 0.027604166666666666 0.03981481481481482
0 0.575 0.47175925925925927 0.042708333333333334 0.058333333333333334
0 0.5208333333333334 0.47129629629629627 0.036458333333333336 0.04814814814814815
0 0.4947916666666667 0.46296296296296297 0.023958333333333335 0.040740740740740744
0 0.46171875 0.4888888888888889 0.0578125 0.08518518518518518
0 0.8513020833333333 0.4134259259259259 0.06510416666666667 0.049074074074074076
