0 0.23854166666666668 0.4828703703703704 0.042708333333333334 0.08611111111111111
0 0.3494791666666667 0.4675925925925926 0.022916666666666665 0.024074074074074074
0 0.3841145833333333 0.4976851851851852 0.025520833333333333 0.026851851851851852
0 0.3859375 0.4736111111111111 0.01875 0.03425925925925926
0 0.40208333333333335 0.49444444444444446 0.015625 0.025925925925925925
0 0.41901041666666666 0.45925925925925926 0.015104166666666667 0.025925925925925925
0 0.44895833333333335 0.45601851851851855 0.028125 0.026851851851851852
0 0.43802083333333336 0.4930555555555556 0.034375 0.058333333333333334
0 0.5341145833333333 0.5967592592592592 0.24114583333333334 0.3398148148148148
0 0.6221354166666667 0.48009259259259257 0.019270833333333334 0.06018518518518518
0 0.64140625 0.4962962962962963 0.022395833333333334 0.040740740740740744
0 0.7036458333333333 0.5106481481481482 0.0625 0.075
0 0.84296875 0.5199074074074074 0.12552083333333333 0.15833333333333333
3 0.5747395833333333 0.3509259259259259 0.0140625 0.025925925925925925
2 0.54375 0.3574074074074074 0.022916666666666665 0.012962962962962963
2 0.6158854166666666 0.3592592592592593 0.0234375 0.011111111111111112
2 0.5356770833333333 0.38935185185185184 0.018229166666666668 0.010185185185185186
3 0.8723958333333334 0.38842592592592595 0.017708333333333333 0.030555555555555555
0 0.4127604166666667 0.4708333333333333 0.0265625 0.019444444444444445
