3 0.5966145833333333 0.2953703703703704 0.025520833333333333 0.046296296296296294
2 0.440625 0.35509259259259257 0.011458333333333333 0.006481481481481481
2 0.4205729166666667 0.35694444444444445 0.0109375 0.006481481481481481
1 0.80078125 0.5111111111111111 0.04739583333333333 0.14814814814814814
0 0.03984375 0.4236111111111111 0.0796875 0.06018518518518518
0 0.13723958333333333 0.3768518518518518 0.1328125 0.15185185185185185
0 0.25729166666666664 0.38842592592592595 0.12708333333333333 0.1287037037037037
1 0.22083333333333333 0.43657407407407406 0.016666666666666666 0.032407407407407406
0 0.31276041666666665 0.5060185185185185 0.1359375 0.1935185185185185
0 0.3846354166666667 0.46805555555555556 0.0640625 0.12685185185185185
0 0.4205729166666667 0.45694444444444443 0.0265625 0.062037037037037036
0 0.4942708333333333 0.562962962962963 0.20208333333333334 0.2796296296296296
0 0.86171875 0.44675925925925924 0.09635416666666667 0.1287037037037037
0 0.9294270833333333 0.43842592592592594 0.14010416666666667 0.14722222222222223
