0 0.030729166666666665 0.4759259259259259 0.06145833333333333 0.1259259259259259
0 0.059895833333333336 0.4375 0.11979166666666667 0.09537037037037037
0 0.10494791666666667 0.4310185185185185 0.034895833333333334 0.05648148148148148
0 0.13046875 0.4462962962962963 0.016145833333333335 0.027777777777777776
0 0.15182291666666667 0.4462962962962963 0.0390625 0.03518518518518519
0 0.17578125 0.44907407407407407 0.022395833333333334 0.03518518518518519
0 0.19895833333333332 0.45231481481481484 0.028125 0.032407407407407406
0 0.21458333333333332 0.4537037037037037 0.016666666666666666 0.02962962962962963
0 0.34036458333333336 0.6092592592592593 0.12864583333333332 0.3814814814814815
0 0.5791666666666667 0.6763888888888889 0.5104166666666666 0.6453703703703704
0 0.8005208333333333 0.44305555555555554 0.121875 0.10277777777777777
0 0.8291666666666667 0.5601851851851852 0.11770833333333333 0.23148148148148148
0 0.9166666666666666 0.5856481481481481 0.165625 0.4324074074074074
2 0.5583333333333333 0.32314814814814813 0.020833333333333332 0.012962962962962963
2 0.5 0.32037037037037036 0.020833333333333332 0.011111111111111112
3 0.5325520833333334 0.3125 0.0171875 0.030555555555555555
