0 0.3455729166666667 0.44074074074074077 0.0171875 0.03888888888888889
0 0.35078125 0.4162037037037037 0.0171875 0.023148148148148147
0 0.36875 0.46435185185185185 0.030208333333333334 0.062037037037037036
0 0.19609375 0.5370370370370371 0.08489583333333334 0.10555555555555556
0 0.44583333333333336 0.4300925925925926 0.023958333333333335 0.03981481481481482
0 0.47734375 0.45185185185185184 0.019270833333333334 0.040740740740740744
0 0.5002604166666667 0.46944444444444444 0.0328125 0.07777777777777778
0 0.5177083333333333 0.4513888888888889 0.023958333333333335 0.05462962962962963
3 0.9158854166666667 0.4 0.03697916666666667 0.06111111111111111
3 0.6276041666666666 0.4449074074074074 0.013541666666666667 0.021296296296296296
0 0.5380208333333333 0.47129629629629627 0.015625 0.022222222222222223
