0 0.14348958333333334 0.4587962962962963 0.013020833333333334 0.021296296296296296
0 0.18984375 0.46805555555555556 0.015104166666666667 0.023148148148148147
0 0.19192708333333333 0.4462962962962963 0.0234375 0.024074074074074074
0 0.2916666666666667 0.5657407407407408 0.12604166666666666 0.15925925925925927
0 0.33541666666666664 0.47685185185185186 0.021875 0.03333333333333333
0 0.36432291666666666 0.5175925925925926 0.05260416666666667 0.07592592592592592
0 0.4361979166666667 0.43796296296296294 0.016145833333333335 0.03148148148148148
0 0.41171875 0.48148148148148145 0.043229166666666666 0.08703703703703704
0 0.4278645833333333 0.49907407407407406 0.033854166666666664 0.08888888888888889
0 0.5356770833333333 0.45925925925925926 0.1984375 0.4351851851851852
0 0.85546875 0.3972222222222222 0.2869791666666667 0.7944444444444444
