3 0.7171875 0.1699074074074074 0.036458333333333336 0.06388888888888888
2 0.6677083333333333 0.4203703703703704 0.014583333333333334 0.005555555555555556
0 0.09947916666666666 0.6041666666666666 0.19895833333333332 0.27870370370370373
0 0.321875 0.5694444444444444 0.12291666666666666 0.1425925925925926
0 0.4875 0.5462962962962963 0.07916666666666666 0.11296296296296296
0 0.5401041666666667 0.5416666666666666 0.040625 0.07037037037037037
0 0.5489583333333333 0.5125 0.027083333333333334 0.025
0 0.5776041666666667 0.5324074074074074 0.036458333333333336 0.04814814814814815
0 0.6018229166666667 0.500462962962963 0.04010416666666667 0.07314814814814814
0 0.6403645833333333 0.5416666666666666 0.08385416666666666 0.12777777777777777
0 0.6841145833333333 0.5291666666666667 0.028645833333333332 0.06388888888888888
0 0.6903645833333333 0.5143518518518518 0.0234375 0.04537037037037037
0 0.7208333333333333 0.5300925925925926 0.0375 0.04722222222222222
0 0.7692708333333333 0.5550925925925926 0.08020833333333334 0.1287037037037037
