0 0.14505208333333333 0.5402777777777777 0.2890625 0.4287037037037037
0 0.32135416666666666 0.5027777777777778 0.11145833333333334 0.17037037037037037
0 0.37838541666666664 0.43333333333333335 0.07239583333333334 0.1259259259259259
0 0.5182291666666666 0.399537037037037 0.04583333333333333 0.032407407407407406
0 0.5010416666666667 0.637962962962963 0.32083333333333336 0.4462962962962963
0 0.7361979166666667 0.3925925925925926 0.1109375 0.2574074074074074
0 0.76015625 0.4759259259259259 0.03177083333333333 0.14074074074074075
0 0.834375 0.4583333333333333 0.14895833333333333 0.25555555555555554
0 0.9546875 0.5796296296296296 0.08958333333333333 0.3037037037037037
1 0.909375 0.4152777777777778 0.0125 0.03981481481481482
1 0.6809895833333334 0.43796296296296294 0.009895833333333333 0.05555555555555555
2 0.35234375 0.1439814814814815 0.0609375 0.030555555555555555
2 0.5778645833333333 0.12731481481481483 0.0609375 0.030555555555555555
2 0.47317708333333336 0.2574074074074074 0.0296875 0.014814814814814815
2 0.5645833333333333 0.2550925925925926 0.030208333333333334 0.01574074074074074
3 0.43463541666666666 0.0837962962962963 0.03697916666666667 0.06574074074074074
3 0.5419270833333333 0.16064814814814815 0.019270833333333334 0.03425925925925926
3 0.5018229166666667 0.24814814814814815 0.019270833333333334 0.03333333333333333
3 0.5776041666666667 0.29583333333333334 0.014583333333333334 0.026851851851851852
