1 0.04869791666666667 0.5032407407407408 0.0171875 0.1175925925925926
1 0.12447916666666667 0.5212962962962963 0.013541666666666667 0.06111111111111111
1 0.10677083333333333 0.5208333333333334 0.021875 0.0712962962962963
1 0.07239583333333334 0.5203703703703704 0.030208333333333334 0.07962962962962963
1 0.17213541666666668 0.5078703703703704 0.018229166666666668 0.0712962962962963
3 0.5854166666666667 0.30833333333333335 0.03125 0.08888888888888889
1 0.5020833333333333 0.4842592592592593 0.015625 0.1
2 0.29270833333333335 0.34814814814814815 0.016666666666666666 0.007407407407407408
2 0.334375 0.3458333333333333 0.017708333333333333 0.008333333333333333
0 0.28359375 0.3837962962962963 0.015104166666666667 0.023148148148148147
0 0.26223958333333336 0.4050925925925926 0.025520833333333333 0.025
0 0.26145833333333335 0.449537037037037 0.025 0.032407407407407406
0 0.24244791666666668 0.48518518518518516 0.06302083333333333 0.03888888888888889
0 0.2942708333333333 0.45555555555555555 0.052083333333333336 0.09259259259259259
0 0.3078125 0.4587962962962963 0.05 0.041666666666666664
0 0.2903645833333333 0.4787037037037037 0.022395833333333334 0.03888888888888889
0 0.36041666666666666 0.5722222222222222 0.19375 0.26851851851851855
