0 0.41744791666666664 0.5125 0.3171875 0.17685185185185184
0 0.40598958333333335 0.42592592592592593 0.058854166666666666 0.04259259259259259
0 0.5208333333333334 0.4199074074074074 0.027083333333333334 0.03796296296296296
0 0.5622395833333333 0.41574074074074074 0.022395833333333334 0.03333333333333333
0 0.6192708333333333 0.4115740740740741 0.0375 0.030555555555555555
0 0.6388020833333333 0.41712962962962963 0.018229166666666668 0.021296296296296296
0 0.6614583333333334 0.4013888888888889 0.015625 0.03981481481481482
0 0.6627604166666666 0.4115740740740741 0.013020833333333334 0.032407407407407406
2 0.48203125 0.08888888888888889 0.06197916666666667 0.03518518518518519
2 0.6546875 0.0837962962962963 0.0625 0.030555555555555555
3 0.590625 0.06759259259259259 0.03958333333333333 0.06851851851851852
3 0.6385416666666667 0.16898148148148148 0.015625 0.032407407407407406
3 0.7372395833333333 0.2763888888888889 0.0203125 0.03981481481481482
3 0.7520833333333333 0.3277777777777778 0.022916666666666665 0.04259259259259259
3 0.7229166666666667 0.3398148148148148 0.009375 0.03148148148148148
0 0.3458333333333333 0.43796296296296294 0.026041666666666668 0.03333333333333333
