3 0.84921875 0.15925925925925927 0.027604166666666666 0.04814814814814815
3 0.7505208333333333 0.16342592592592592 0.022916666666666665 0.05277777777777778
2 0.7927083333333333 0.18055555555555555 0.034375 0.022222222222222223
2 0.6940104166666666 0.18333333333333332 0.0359375 0.024074074074074074
1 0.8682291666666667 0.49583333333333335 0.021875 0.10277777777777777
1 0.8549479166666667 0.48703703703703705 0.0140625 0.11851851851851852
1 0.79609375 0.47314814814814815 0.0171875 0.09074074074074075
0 0.8643229166666667 0.462037037037037 0.06822916666666666 0.11666666666666667
0 0.7041666666666667 0.43703703703703706 0.09270833333333334 0.12407407407407407
0 0.6713541666666667 0.4736111111111111 0.05416666666666667 0.06018518518518518
0 0.5328125 0.41435185185185186 0.13958333333333334 0.15092592592592594
0 0.5635416666666667 0.5638888888888889 0.19791666666666666 0.30925925925925923
0 0.32447916666666665 0.4962962962962963 0.10729166666666666 0.11481481481481481
0 0.128125 0.5106481481481482 0.19791666666666666 0.21203703703703702
0 0.04479166666666667 0.5157407407407407 0.051041666666666666 0.1388888888888889
