0 0.07369791666666667 0.48055555555555557 0.13697916666666668 0.13703703703703704
0 0.0078125 0.42314814814814816 0.015625 0.04814814814814815
0 0.10494791666666667 0.4273148148148148 0.034895833333333334 0.049074074074074076
0 0.15182291666666667 0.44675925925925924 0.03802083333333333 0.03611111111111111
0 0.17734375 0.4486111111111111 0.025520833333333333 0.03425925925925926
0 0.12864583333333332 0.44583333333333336 0.013541666666666667 0.026851851851851852
0 0.25286458333333334 0.44027777777777777 0.05364583333333333 0.06759259259259259
0 0.3265625 0.43333333333333335 0.11979166666666667 0.09814814814814815
0 0.30052083333333335 0.412962962962963 0.23229166666666667 0.11481481481481481
0 0.9166666666666666 0.5861111111111111 0.165625 0.43148148148148147
0 0.8294270833333334 0.5601851851851852 0.11822916666666666 0.23148148148148148
0 0.8002604166666667 0.44305555555555554 0.12135416666666667 0.10277777777777777
0 0.34010416666666665 0.6092592592592593 0.12916666666666668 0.3814814814814815
0 0.5786458333333333 0.6768518518518518 0.5104166666666666 0.6444444444444445
2 0.5583333333333333 0.3236111111111111 0.020833333333333332 0.012037037037037037
2 0.5002604166666667 0.32083333333333336 0.021354166666666667 0.012037037037037037
3 0.5328125 0.31296296296296294 0.017708333333333333 0.02962962962962963
