3 0.54140625 0.22592592592592592 0.013020833333333334 0.025925925925925925
3 0.6033854166666667 0.2726851851851852 0.0203125 0.03981481481481482
2 0.48984375 0.41944444444444445 0.018229166666666668 0.012962962962962963
2 0.46067708333333335 0.4666666666666667 0.0140625 0.009259259259259259
1 0.6815104166666667 0.5185185185185185 0.07239583333333334 0.31851851851851853
1 0.7778645833333333 0.45601851851851855 0.022395833333333334 0.15462962962962962
1 0.8388020833333333 0.4337962962962963 0.03697916666666667 0.12314814814814815
1 0.8208333333333333 0.47453703703703703 0.014583333333333334 0.06018518518518518
1 0.6770833333333334 0.611574074074074 0.08020833333333334 0.23796296296296296
1 0.81875 0.49722222222222223 0.020833333333333332 0.14629629629629629
0 0.08098958333333334 0.5180555555555556 0.034895833333333334 0.09722222222222222
0 0.03359375 0.5185185185185185 0.0671875 0.14444444444444443
0 0.13098958333333333 0.5046296296296297 0.0734375 0.10555555555555556
0 0.43125 0.48194444444444445 0.0375 0.08425925925925926
0 0.37057291666666664 0.47962962962962963 0.1109375 0.1648148148148148
0 0.51171875 0.49074074074074076 0.0546875 0.06111111111111111
3 0.75234375 0.3337962962962963 0.0140625 0.023148148148148147
