1 0.051041666666666666 0.5037037037037037 0.014583333333333334 0.08703703703703704
0 0.1671875 0.4273148148148148 0.22708333333333333 0.3398148148148148
0 0.34088541666666666 0.5277777777777778 0.11822916666666666 0.17222222222222222
0 0.4109375 0.4777777777777778 0.022916666666666665 0.02962962962962963
0 0.4953125 0.49722222222222223 0.06458333333333334 0.08333333333333333
0 0.5270833333333333 0.48009259259259257 0.023958333333333335 0.041666666666666664
0 0.57109375 0.48657407407407405 0.0421875 0.058333333333333334
3 0.6369791666666667 0.33425925925925926 0.017708333333333333 0.04259259259259259
2 0.45989583333333334 0.41064814814814815 0.009375 0.004629629629629629
2 0.48880208333333336 0.4083333333333333 0.009895833333333333 0.005555555555555556
