0 0.06979166666666667 0.5342592592592592 0.13645833333333332 0.16296296296296298
0 0.14192708333333334 0.5375 0.0328125 0.049074074074074076
0 0.175 0.5412037037037037 0.025 0.04351851851851852
0 0.22161458333333334 0.5217592592592593 0.0765625 0.1175925925925926
0 0.26223958333333336 0.5370370370370371 0.015104166666666667 0.05185185185185185
0 0.2872395833333333 0.5351851851851852 0.0359375 0.05740740740740741
0 0.37838541666666664 0.5416666666666666 0.025520833333333333 0.03148148148148148
0 0.41041666666666665 0.537962962962963 0.041666666666666664 0.053703703703703705
0 0.46770833333333334 0.5365740740740741 0.046875 0.028703703703703703
0 0.6046875 0.5319444444444444 0.04479166666666667 0.03796296296296296
0 0.6416666666666667 0.5282407407407408 0.029166666666666667 0.03425925925925926
0 0.6640625 0.5282407407407408 0.03229166666666667 0.03611111111111111
0 0.690625 0.5254629629629629 0.023958333333333335 0.03425925925925926
2 0.3106770833333333 0.39814814814814814 0.021354166666666667 0.007407407407407408
2 0.35546875 0.3990740740740741 0.021354166666666667 0.009259259259259259
2 0.40130208333333334 0.4 0.021354166666666667 0.009259259259259259
3 0.3776041666666667 0.39305555555555555 0.0125 0.023148148148148147
3 0.32786458333333335 0.38796296296296295 0.013020833333333334 0.024074074074074074
3 0.37734375 0.34953703703703703 0.011979166666666667 0.021296296296296296
