0 0.9578125 0.6435185185185185 0.08333333333333333 0.40925925925925927
0 0.4981770833333333 0.5013888888888889 0.0515625 0.07685185185185185
0 0.5255208333333333 0.4740740740740741 0.020833333333333332 0.05
0 0.5403645833333334 0.49537037037037035 0.027604166666666666 0.03518518518518519
0 0.44817708333333334 0.48935185185185187 0.024479166666666666 0.04537037037037037
0 0.4669270833333333 0.49537037037037035 0.015104166666666667 0.024074074074074074
0 0.4236979166666667 0.49537037037037035 0.021354166666666667 0.027777777777777776
0 0.38515625 0.4722222222222222 0.022395833333333334 0.02962962962962963
0 0.28932291666666665 0.5375 0.1390625 0.19166666666666668
0 0.14583333333333334 0.5365740740740741 0.11979166666666667 0.13055555555555556
0 0.18203125 0.4652777777777778 0.12447916666666667 0.175
