0 0.8559895833333333 0.3527777777777778 0.2869791666666667 0.47962962962962963
0 0.8653645833333333 0.5851851851851851 0.2682291666666667 0.8277777777777777
0 0.50234375 0.6037037037037037 0.29635416666666664 0.45555555555555555
3 0.49609375 0.1287037037037037 0.034895833333333334 0.06296296296296296
2 0.3731770833333333 0.3162037037037037 0.0234375 0.010185185185185186
2 0.42109375 0.31712962962962965 0.0234375 0.010185185185185186
0 0.39947916666666666 0.38935185185185184 0.05416666666666667 0.03611111111111111
0 0.38255208333333335 0.4425925925925926 0.043229166666666666 0.07037037037037037
0 0.31197916666666664 0.524074074074074 0.12083333333333333 0.19074074074074074
0 0.246875 0.4027777777777778 0.15625 0.2777777777777778
0 0.14375 0.42268518518518516 0.10833333333333334 0.06388888888888888
0 0.13098958333333333 0.6046296296296296 0.23802083333333332 0.3648148148148148
0 0.024479166666666666 0.687962962962963 0.04895833333333333 0.6203703703703703
