2 0.5434895833333333 0.19444444444444445 0.0421875 0.018518518518518517
2 0.6255208333333333 0.19074074074074074 0.042708333333333334 0.018518518518518517
3 0.5692708333333333 0.24351851851851852 0.020833333333333332 0.06666666666666667
1 0.7625 0.4486111111111111 0.014583333333333334 0.06944444444444445
1 0.024739583333333332 0.45740740740740743 0.009895833333333333 0.044444444444444446
1 0.26145833333333335 0.44166666666666665 0.004166666666666667 0.03148148148148148
0 0.90546875 0.6805555555555556 0.18802083333333333 0.6370370370370371
0 0.87734375 0.46574074074074073 0.1171875 0.15185185185185185
0 0.6111979166666667 0.4444444444444444 0.0328125 0.05555555555555555
0 0.60390625 0.43194444444444446 0.030729166666666665 0.06018518518518518
0 0.5307291666666667 0.41388888888888886 0.030208333333333334 0.06111111111111111
0 0.53203125 0.40555555555555556 0.025520833333333333 0.046296296296296294
0 0.5364583333333334 0.4564814814814815 0.04791666666666667 0.07037037037037037
0 0.49947916666666664 0.43148148148148147 0.016666666666666666 0.027777777777777776
0 0.47604166666666664 0.44814814814814813 0.0125 0.03518518518518519
1 0.47604166666666664 0.44305555555555554 0.0125 0.03611111111111111
0 0.4244791666666667 0.4324074074074074 0.01875 0.025925925925925925
0 0.45078125 0.46574074074074073 0.0546875 0.06851851851851852
0 0.34921875 0.4875 0.14427083333333332 0.19722222222222222
0 0.04192708333333333 0.7166666666666667 0.08385416666666666 0.5648148148148148
