2 0.540625 0.36157407407407405 0.014583333333333334 0.008333333333333333
2 0.5979166666666667 0.3587962962962963 0.014583333333333334 0.008333333333333333
2 0.5611979166666666 0.3958333333333333 0.0109375 0.006481481481481481
2 0.5885416666666666 0.39537037037037037 0.009375 0.005555555555555556
2 0.6166666666666667 0.3189814814814815 0.023958333333333335 0.013888888888888888
2 0.6708333333333333 0.3175925925925926 0.022916666666666665 0.012962962962962963
0 0.43802083333333336 0.46620370370370373 0.019791666666666666 0.030555555555555555
0 0.58125 0.4351851851851852 0.01875 0.03333333333333333
0 0.5901041666666667 0.4861111111111111 0.015625 0.03518518518518519
0 0.41041666666666665 0.4949074074074074 0.027083333333333334 0.05092592592592592
0 0.3494791666666667 0.4888888888888889 0.040625 0.07407407407407407
0 0.38333333333333336 0.5023148148148148 0.04791666666666667 0.062037037037037036
0 0.6182291666666667 0.44722222222222224 0.04479166666666667 0.03888888888888889
0 0.6067708333333334 0.500462962962963 0.036458333333333336 0.06944444444444445
0 0.6447916666666667 0.5111111111111111 0.075 0.08888888888888889
0 0.7184895833333333 0.5194444444444445 0.0859375 0.17592592592592593
0 0.7390625 0.3800925925925926 0.051041666666666666 0.10648148148148148
0 0.51484375 0.5310185185185186 0.15364583333333334 0.23425925925925925
0 0.8677083333333333 0.38564814814814813 0.2625 0.7675925925925926
3 0.6966145833333334 0.28425925925925927 0.0171875 0.03148148148148148
3 0.7171875 0.2833333333333333 0.019791666666666666 0.03333333333333333
3 0.6125 0.3527777777777778 0.017708333333333333 0.027777777777777776
