3 0.98359375 0.22083333333333333 0.03177083333333333 0.058333333333333334
3 0.98046875 0.15462962962962962 0.03802083333333333 0.07222222222222222
3 0.36770833333333336 0.01990740740740741 0.05416666666666667 0.03796296296296296
3 0.20859375 0.22037037037037038 0.0328125 0.06296296296296296
3 0.42109375 0.2601851851851852 0.028645833333333332 0.044444444444444446
3 0.39609375 0.24768518518518517 0.021354166666666667 0.03796296296296296
3 0.43307291666666664 0.34120370370370373 0.0171875 0.026851851851851852
3 0.41796875 0.3337962962962963 0.013020833333333334 0.025
0 0.4778645833333333 0.5203703703703704 0.09635416666666667 0.12777777777777777
0 0.030729166666666665 0.49212962962962964 0.06145833333333333 0.062037037037037036
0 0.07083333333333333 0.500462962962963 0.053125 0.04351851851851852
0 0.16145833333333334 0.5018518518518519 0.046875 0.04259259259259259
0 0.07708333333333334 0.4828703703703704 0.025 0.023148148148148147
0 0.18151041666666667 0.4736111111111111 0.03802083333333333 0.11018518518518519
0 0.22473958333333333 0.4935185185185185 0.016145833333333335 0.037037037037037035
0 0.2513020833333333 0.5 0.0515625 0.04259259259259259
0 0.27057291666666666 0.4935185185185185 0.043229166666666666 0.044444444444444446
0 0.27239583333333334 0.45694444444444443 0.036458333333333336 0.028703703703703703
0 0.29270833333333335 0.4875 0.017708333333333333 0.026851851851851852
0 0.3106770833333333 0.49675925925925923 0.028645833333333332 0.030555555555555555
0 0.3182291666666667 0.49166666666666664 0.026041666666666668 0.03333333333333333
0 0.3341145833333333 0.4949074074074074 0.015104166666666667 0.025
0 0.34348958333333335 0.4935185185185185 0.018229166666666668 0.024074074074074074
3 0.6625 0.38935185185185184 0.016666666666666666 0.026851851851851852
3 0.6625 0.41388888888888886 0.0125 0.022222222222222223
