2 0.42552083333333335 0.3537037037037037 0.026041666666666668 0.011111111111111112
3 0.45026041666666666 0.3351851851851852 0.016145833333333335 0.02962962962962963
3 0.7494791666666667 0.2851851851851852 0.034375 0.06296296296296296
0 0.0359375 0.524537037037037 0.06979166666666667 0.11574074074074074
0 0.046875 0.7527777777777778 0.09375 0.4925925925925926
0 0.17317708333333334 0.6226851851851852 0.2630208333333333 0.33611111111111114
0 0.30078125 0.5592592592592592 0.12239583333333333 0.19814814814814816
0 0.35130208333333335 0.5263888888888889 0.08802083333333334 0.15648148148148147
0 0.40520833333333334 0.5194444444444445 0.059375 0.13518518518518519
0 0.41302083333333334 0.5013888888888889 0.075 0.13055555555555556
0 0.5096354166666667 0.5541666666666667 0.14739583333333334 0.20833333333333334
1 0.7291666666666666 0.4675925925925926 0.0125 0.08703703703703704
1 0.8072916666666666 0.5111111111111111 0.040625 0.20555555555555555
1 0.88359375 0.5064814814814815 0.0390625 0.2111111111111111
0 0.29635416666666664 0.44907407407407407 0.046875 0.024074074074074074
1 0.7578125 0.48703703703703705 0.015625 0.05185185185185185
1 0.8377604166666667 0.4930555555555556 0.0265625 0.07685185185185185
