0 0.17994791666666668 0.5560185185185185 0.1390625 0.16203703703703703
0 0.2833333333333333 0.5333333333333333 0.06354166666666666 0.07592592592592592
0 0.3377604166666667 0.5268518518518519 0.030729166666666665 0.03518518518518519
0 0.38619791666666664 0.5319444444444444 0.0421875 0.05277777777777778
0 0.42864583333333334 0.49444444444444446 0.026041666666666668 0.044444444444444446
0 0.4276041666666667 0.524537037037037 0.027083333333333334 0.032407407407407406
0 0.44375 0.5236111111111111 0.013541666666666667 0.026851851851851852
0 0.46119791666666665 0.5087962962962963 0.021354166666666667 0.041666666666666664
0 0.5171875 0.4962962962962963 0.09895833333333333 0.2074074074074074
0 0.8885416666666667 0.4861111111111111 0.221875 0.24259259259259258
0 0.6302083333333334 0.5074074074074074 0.03958333333333333 0.02962962962962963
