0 0.06432291666666666 0.5217592592592593 0.05260416666666667 0.06759259259259259
0 0.29270833333333335 0.5439814814814815 0.10416666666666667 0.15462962962962962
0 0.34322916666666664 0.3902777777777778 0.06770833333333333 0.03425925925925926
0 0.3546875 0.49953703703703706 0.059375 0.1398148148148148
0 0.396875 0.5518518518518518 0.021875 0.027777777777777776
0 0.4552083333333333 0.5037037037037037 0.06354166666666666 0.13148148148148148
0 0.5703125 0.5375 0.019791666666666666 0.03425925925925926
0 0.6169270833333333 0.5388888888888889 0.08177083333333333 0.0962962962962963
3 0.7692708333333333 0.31296296296296294 0.013541666666666667 0.024074074074074074
3 0.43333333333333335 0.4300925925925926 0.017708333333333333 0.023148148148148147
0 0.41015625 0.5453703703703704 0.0140625 0.025925925925925925
