0 0.06171875 0.5203703703703704 0.034895833333333334 0.04814814814814815
0 0.10390625 0.5032407407407408 0.0296875 0.025
0 0.14375 0.4930555555555556 0.05 0.06944444444444445
0 0.20598958333333334 0.5023148148148148 0.0171875 0.026851851851851852
2 0.31614583333333335 0.45555555555555555 0.011458333333333333 0.005555555555555556
2 0.3385416666666667 0.4546296296296296 0.009375 0.005555555555555556
3 0.665625 0.3087962962962963 0.022916666666666665 0.041666666666666664
0 0.4700520833333333 0.575462962962963 0.16510416666666666 0.23055555555555557
0 0.4078125 0.49953703703703706 0.023958333333333335 0.05648148148148148
0 0.5369791666666667 0.4449074074074074 0.11770833333333333 0.25092592592592594
0 0.6591145833333333 0.5300925925925926 0.0796875 0.09537037037037037
0 0.7760416666666666 0.5208333333333334 0.05416666666666667 0.06574074074074074
0 0.9919270833333333 0.5509259259259259 0.015104166666666667 0.10185185185185185
