0 0.5674479166666667 0.4930555555555556 0.013020833333333334 0.058333333333333334
0 0.5986979166666667 0.4666666666666667 0.059895833333333336 0.15555555555555556
0 0.6822916666666666 0.5166666666666667 0.10416666666666667 0.14444444444444443
0 0.9002604166666667 0.6013888888888889 0.1984375 0.3287037037037037
0 0.5067708333333333 0.44722222222222224 0.115625 0.2574074074074074
0 0.44166666666666665 0.48518518518518516 0.029166666666666667 0.05925925925925926
0 0.41067708333333336 0.5032407407407408 0.05572916666666667 0.0787037037037037
0 0.38333333333333336 0.47129629629629627 0.0375 0.06851851851851852
0 0.14114583333333333 0.46574074074074073 0.051041666666666666 0.03888888888888889
0 0.34427083333333336 0.49444444444444446 0.019791666666666666 0.044444444444444446
0 0.240625 0.5037037037037037 0.01875 0.05555555555555555
0 0.17838541666666666 0.5074074074074074 0.07135416666666666 0.09259259259259259
0 0.29453125 0.5430555555555555 0.1328125 0.1638888888888889
