2 0.503125 0.12314814814814815 0.046875 0.02962962962962963
2 0.6265625 0.11805555555555555 0.046875 0.028703703703703703
2 0.6971354166666667 0.2953703703703704 0.009895833333333333 0.05
1 0.06276041666666667 0.47962962962962963 0.021354166666666667 0.03888888888888889
0 0.11953125 0.5425925925925926 0.1515625 0.17407407407407408
1 0.2453125 0.48518518518518516 0.014583333333333334 0.06296296296296296
1 0.26536458333333335 0.48148148148148145 0.0078125 0.05740740740740741
0 0.3106770833333333 0.4615740740740741 0.09427083333333333 0.12314814814814815
0 0.3619791666666667 0.4550925925925926 0.040625 0.09722222222222222
0 0.39765625 0.4888888888888889 0.049479166666666664 0.06851851851851852
0 0.4981770833333333 0.5740740740740741 0.20364583333333333 0.31296296296296294
0 0.6203125 0.4648148148148148 0.12395833333333334 0.2962962962962963
1 0.6932291666666667 0.44722222222222224 0.011458333333333333 0.04259259259259259
1 0.73515625 0.475 0.015104166666666667 0.12777777777777777
0 0.7333333333333333 0.4722222222222222 0.103125 0.08703703703703704
1 0.9177083333333333 0.4791666666666667 0.03229166666666667 0.19722222222222222
1 0.9453125 0.47175925925925927 0.009375 0.17685185185185184
1 0.078125 0.46620370370370373 0.015625 0.03981481481481482
