0 0.019270833333333334 0.5027777777777778 0.03854166666666667 0.07222222222222222
0 0.06979166666666667 0.5032407407407408 0.04791666666666667 0.05277777777777778
0 0.1546875 0.4875 0.03854166666666667 0.05462962962962963
0 0.18932291666666667 0.48842592592592593 0.0171875 0.026851851851851852
0 0.20651041666666667 0.487962962962963 0.025520833333333333 0.03148148148148148
0 0.23567708333333334 0.48564814814814816 0.021354166666666667 0.030555555555555555
0 0.24270833333333333 0.47824074074074074 0.014583333333333334 0.032407407407407406
0 0.2716145833333333 0.4773148148148148 0.018229166666666668 0.028703703703703703
0 0.29609375 0.4708333333333333 0.016145833333333335 0.025
0 0.6380208333333334 0.48055555555555557 0.03229166666666667 0.040740740740740744
2 0.5372395833333333 0.4023148148148148 0.008854166666666666 0.004629629629629629
2 0.515625 0.40324074074074073 0.008333333333333333 0.004629629629629629
