2 0.5424479166666667 0.42268518518518516 0.011979166666666667 0.008333333333333333
0 0.4786458333333333 0.4935185185185185 0.013541666666666667 0.024074074074074074
0 0.45859375 0.49074074074074076 0.0140625 0.025925925925925925
0 0.44947916666666665 0.5018518518518519 0.015625 0.027777777777777776
0 0.48776041666666664 0.5342592592592592 0.04114583333333333 0.053703703703703705
0 0.5778645833333333 0.4976851851851852 0.019270833333333334 0.023148148148148147
0 0.5885416666666666 0.5208333333333334 0.026041666666666668 0.049074074074074076
0 0.5921875 0.5291666666666667 0.016666666666666666 0.041666666666666664
0 0.6151041666666667 0.5444444444444444 0.025 0.07037037037037037
0 0.64296875 0.5356481481481481 0.044270833333333336 0.10277777777777777
0 0.6526041666666667 0.5560185185185185 0.022916666666666665 0.1175925925925926
0 0.69375 0.5472222222222223 0.08229166666666667 0.1537037037037037
0 0.7114583333333333 0.5777777777777777 0.084375 0.13703703703703704
0 0.73828125 0.5907407407407408 0.08697916666666666 0.14814814814814814
0 0.85078125 0.612037037037037 0.19427083333333334 0.26296296296296295
0 0.41744791666666664 0.5287037037037037 0.025520833333333333 0.07962962962962963
0 0.3958333333333333 0.5101851851851852 0.04479166666666667 0.13333333333333333
0 0.371875 0.5375 0.059375 0.09722222222222222
0 0.3578125 0.5541666666666667 0.041666666666666664 0.08611111111111111
0 0.3338541666666667 0.5625 0.03958333333333333 0.10092592592592593
0 0.28541666666666665 0.5662037037037037 0.08541666666666667 0.1398148148148148
0 0.21171875 0.49675925925925923 0.058854166666666666 0.03611111111111111
0 0.21432291666666667 0.586574074074074 0.10677083333333333 0.14907407407407408
0 0.09166666666666666 0.6148148148148148 0.18333333333333332 0.2074074074074074
0 0.027083333333333334 0.5634259259259259 0.053125 0.08611111111111111
0 0.2513020833333333 0.5013888888888889 0.0234375 0.030555555555555555
0 0.5466145833333333 0.5194444444444445 0.03802083333333333 0.07962962962962963
2 0.4783854166666667 0.43657407407407406 0.008854166666666666 0.004629629629629629
2 0.49453125 0.4361111111111111 0.008854166666666666 0.005555555555555556
0 0.43203125 0.5328703703703703 0.013020833333333334 0.05648148148148148
0 0.5359375 0.4759259259259259 0.013541666666666667 0.024074074074074074
