2 0.6286458333333333 0.06574074074074074 0.052083333333333336 0.04259259259259259
2 0.5427083333333333 0.08148148148148149 0.052083333333333336 0.037037037037037035
1 0.8239583333333333 0.47824074074074074 0.01875 0.14166666666666666
1 0.76796875 0.487962962962963 0.009895833333333333 0.08333333333333333
1 0.7338541666666667 0.4546296296296296 0.01875 0.09259259259259259
0 0.6192708333333333 0.425 0.13020833333333334 0.22777777777777777
0 0.49661458333333336 0.4842592592592593 0.0234375 0.05740740740740741
1 0.49765625 0.4648148148148148 0.022395833333333334 0.06851851851851852
0 0.49140625 0.4652777777777778 0.0421875 0.06574074074074074
0 0.48854166666666665 0.42685185185185187 0.025 0.020370370370370372
1 0.027604166666666666 0.5023148148148148 0.023958333333333335 0.11018518518518519
0 0.10260416666666666 0.462037037037037 0.071875 0.05
0 0.12291666666666666 0.5513888888888889 0.16354166666666667 0.20277777777777778
1 0.1921875 0.4689814814814815 0.0125 0.04722222222222222
