0 0.40208333333333335 0.512962962962963 0.03229166666666667 0.05
0 0.42734375 0.5115740740740741 0.021354166666666667 0.032407407407407406
0 0.45546875 0.5078703703703704 0.025520833333333333 0.030555555555555555
0 0.52109375 0.512962962962963 0.04114583333333333 0.06111111111111111
0 0.5505208333333333 0.5050925925925925 0.020833333333333332 0.032407407407407406
0 0.87734375 0.6842592592592592 0.11510416666666666 0.3296296296296296
1 0.8752604166666667 0.5949074074074074 0.08385416666666666 0.325
1 0.59765625 0.5009259259259259 0.005729166666666666 0.027777777777777776
2 0.46953125 0.4375 0.009895833333333333 0.004629629629629629
2 0.49322916666666666 0.4375 0.010416666666666666 0.006481481481481481
1 0.6049479166666667 0.5027777777777778 0.005729166666666666 0.027777777777777776
