0 0.04869791666666667 0.49537037037037035 0.07447916666666667 0.0962962962962963
0 0.18776041666666668 0.5083333333333333 0.0328125 0.044444444444444446
0 0.20052083333333334 0.4949074074074074 0.017708333333333333 0.026851851851851852
0 0.23463541666666668 0.5402777777777777 0.0734375 0.09722222222222222
0 0.23671875 0.4736111111111111 0.027604166666666666 0.03611111111111111
0 0.25703125 0.46620370370370373 0.013020833333333334 0.03611111111111111
0 0.27369791666666665 0.4976851851851852 0.0203125 0.032407407407407406
0 0.2911458333333333 0.5023148148148148 0.03125 0.03981481481481482
1 0.33177083333333335 0.47962962962962963 0.004166666666666667 0.024074074074074074
0 0.37161458333333336 0.49027777777777776 0.0171875 0.03425925925925926
1 0.3966145833333333 0.49027777777777776 0.0046875 0.030555555555555555
1 0.42630208333333336 0.48518518518518516 0.005729166666666666 0.03518518518518519
1 0.5317708333333333 0.48842592592592593 0.007291666666666667 0.032407407407407406
1 0.6645833333333333 0.4962962962962963 0.015625 0.08148148148148149
0 0.7455729166666667 0.4013888888888889 0.14635416666666667 0.562037037037037
0 0.8880208333333334 0.41435185185185186 0.22291666666666668 0.8287037037037037
2 0.2713541666666667 0.3814814814814815 0.020833333333333332 0.011111111111111112
2 0.3190104166666667 0.37824074074074077 0.019270833333333334 0.010185185185185186
2 0.29739583333333336 0.4023148148148148 0.017708333333333333 0.008333333333333333
3 0.59296875 0.2125 0.015104166666666667 0.026851851851851852
3 0.28932291666666665 0.3638888888888889 0.011979166666666667 0.020370370370370372
3 0.33567708333333335 0.37222222222222223 0.013020833333333334 0.022222222222222223
0 0.30859375 0.48657407407407405 0.0140625 0.021296296296296296
