0 0.15182291666666667 0.5263888888888889 0.03697916666666667 0.05648148148148148
0 0.19869791666666667 0.5282407407407408 0.013020833333333334 0.04537037037037037
0 0.40651041666666665 0.5050925925925925 0.021354166666666667 0.08055555555555556
0 0.43854166666666666 0.500462962962963 0.065625 0.11388888888888889
0 0.5096354166666667 0.5263888888888889 0.13177083333333334 0.18796296296296297
0 0.7838541666666666 0.4078703703703704 0.37604166666666666 0.5009259259259259
2 0.3359375 0.14351851851851852 0.041666666666666664 0.024074074074074074
2 0.46979166666666666 0.1398148148148148 0.040625 0.024074074074074074
3 0.40989583333333335 0.10324074074074074 0.035416666666666666 0.062037037037037036
3 0.5049479166666667 0.1162037037037037 0.022395833333333334 0.03981481481481482
2 0.3723958333333333 0.47314814814814815 0.015625 0.007407407407407408
2 0.33567708333333335 0.4740740740740741 0.015104166666666667 0.007407407407407408
3 0.18098958333333334 0.4888888888888889 0.018229166666666668 0.03333333333333333
3 0.21979166666666666 0.48194444444444445 0.014583333333333334 0.028703703703703703
