0 0.04505208333333333 0.5875 0.09010416666666667 0.14537037037037037
0 0.13046875 0.549537037037037 0.12135416666666667 0.09907407407407408
0 0.18046875 0.5328703703703703 0.0953125 0.08981481481481482
0 0.2953125 0.4703703703703704 0.023958333333333335 0.024074074074074074
0 0.3359375 0.5078703703703704 0.041666666666666664 0.030555555555555555
0 0.3421875 0.5199074074074074 0.027083333333333334 0.03425925925925926
0 0.37057291666666664 0.5236111111111111 0.033854166666666664 0.04351851851851852
0 0.4765625 0.5300925925925926 0.10625 0.19907407407407407
0 0.7369791666666666 0.5925925925925926 0.17708333333333334 0.21481481481481482
1 0.8916666666666667 0.5592592592592592 0.07916666666666666 0.05555555555555555
1 0.8794270833333333 0.5259259259259259 0.018229166666666668 0.12407407407407407
1 0.81640625 0.5175925925925926 0.0265625 0.14629629629629629
1 0.7828125 0.4828703703703704 0.011458333333333333 0.030555555555555555
1 0.7752604166666667 0.4726851851851852 0.0109375 0.03981481481481482
1 0.6734375 0.4949074074074074 0.017708333333333333 0.05648148148148148
1 0.5669270833333333 0.5166666666666667 0.011979166666666667 0.07222222222222222
2 0.42473958333333334 0.1726851851851852 0.0578125 0.026851851851851852
3 0.49557291666666664 0.14814814814814814 0.028645833333333332 0.06481481481481481
2 0.5510416666666667 0.17037037037037037 0.057291666666666664 0.025925925925925925
3 0.5432291666666667 0.4393518518518518 0.0125 0.030555555555555555
2 0.28932291666666665 0.42268518518518516 0.0140625 0.006481481481481481
2 0.32708333333333334 0.4222222222222222 0.014583333333333334 0.007407407407407408
