3 0.47578125 0.06805555555555555 0.033854166666666664 0.030555555555555555
3 0.5278645833333333 0.047685185185185185 0.044270833333333336 0.075
2 0.49557291666666664 0.35 0.015104166666666667 0.009259259259259259
2 0.47109375 0.3638888888888889 0.0140625 0.007407407407407408
2 0.5044270833333333 0.36018518518518516 0.016145833333333335 0.007407407407407408
0 0.6135416666666667 0.4236111111111111 0.014583333333333334 0.05092592592592592
0 0.6416666666666667 0.4356481481481482 0.027083333333333334 0.07314814814814814
0 0.5346354166666667 0.4393518518518518 0.030729166666666665 0.03611111111111111
0 0.54453125 0.4638888888888889 0.04114583333333333 0.05740740740740741
0 0.5125 0.44074074074074077 0.01875 0.022222222222222223
0 0.44296875 0.44212962962962965 0.0296875 0.04537037037037037
0 0.4328125 0.4532407407407407 0.03958333333333333 0.023148148148148147
0 0.5044270833333333 0.5212962962962963 0.0765625 0.14444444444444443
0 0.43984375 0.5648148148148148 0.15052083333333333 0.19814814814814816
0 0.37447916666666664 0.4648148148148148 0.034375 0.05185185185185185
0 0.3380208333333333 0.4564814814814815 0.017708333333333333 0.025925925925925925
1 0.3494791666666667 0.46574074074074073 0.011458333333333333 0.053703703703703705
0 0.3489583333333333 0.4759259259259259 0.015625 0.046296296296296294
0 0.23489583333333333 0.48518518518518516 0.034375 0.08518518518518518
0 0.26979166666666665 0.4976851851851852 0.07395833333333333 0.10648148148148148
0 0.0375 0.5768518518518518 0.075 0.22777777777777777
1 0.8216145833333334 0.5152777777777777 0.0328125 0.075
