3 0.6682291666666667 0.16527777777777777 0.0375 0.06018518518518518
3 0.7052083333333333 0.1648148148148148 0.035416666666666666 0.05925925925925926
0 0.8424479166666666 0.48935185185185187 0.3140625 0.9787037037037037
0 0.6901041666666666 0.44212962962962965 0.057291666666666664 0.12314814814814815
0 0.6252604166666667 0.4930555555555556 0.08072916666666667 0.06759259259259259
0 0.5322916666666667 0.4708333333333333 0.03958333333333333 0.049074074074074076
0 0.5255208333333333 0.46111111111111114 0.053125 0.04259259259259259
0 0.49244791666666665 0.3527777777777778 0.07447916666666667 0.12037037037037036
0 0.465625 0.3439814814814815 0.05520833333333333 0.08425925925925926
0 0.39791666666666664 0.3296296296296296 0.10520833333333333 0.09259259259259259
0 0.4630208333333333 0.4439814814814815 0.03854166666666667 0.08611111111111111
0 0.43255208333333334 0.4217592592592593 0.19739583333333333 0.27685185185185185
0 0.22083333333333333 0.4671296296296296 0.08958333333333333 0.075
0 0.16614583333333333 0.4648148148148148 0.24166666666666667 0.2074074074074074
0 0.13411458333333334 0.5430555555555555 0.08697916666666666 0.18055555555555555
0 0.07005208333333333 0.6388888888888888 0.14010416666666667 0.40185185185185185
