3 0.4752604166666667 0.028703703703703703 0.030729166666666665 0.053703703703703705
3 0.38125 0.13472222222222222 0.029166666666666667 0.05092592592592592
2 0.5125 0.125 0.07083333333333333 0.03148148148148148
3 0.58515625 0.12824074074074074 0.044270833333333336 0.075
3 0.6328125 0.13194444444444445 0.04479166666666667 0.07685185185185185
2 0.7140625 0.12685185185185185 0.071875 0.037037037037037035
0 0.027864583333333335 0.5842592592592593 0.05572916666666667 0.23148148148148148
0 0.16302083333333334 0.5111111111111111 0.09479166666666666 0.07962962962962963
0 0.24114583333333334 0.5111111111111111 0.019791666666666666 0.05925925925925926
1 0.24427083333333333 0.49444444444444446 0.013541666666666667 0.053703703703703705
0 0.37890625 0.49675925925925923 0.0609375 0.062037037037037036
0 0.43385416666666665 0.4949074074074074 0.06770833333333333 0.06944444444444445
0 0.4640625 0.5120370370370371 0.057291666666666664 0.07037037037037037
1 0.46484375 0.49444444444444446 0.0265625 0.08333333333333333
0 0.5161458333333333 0.4847222222222222 0.04479166666666667 0.05648148148148148
0 0.5825520833333333 0.49722222222222223 0.17135416666666667 0.12962962962962962
0 0.6669270833333333 0.47453703703703703 0.016145833333333335 0.04722222222222222
0 0.6856770833333333 0.46944444444444444 0.0328125 0.05555555555555555
0 0.7078125 0.47638888888888886 0.01875 0.03611111111111111
0 0.7234375 0.475 0.022916666666666665 0.03518518518518519
0 0.74375 0.4740740740740741 0.022916666666666665 0.03148148148148148
0 0.7572916666666667 0.47129629629629627 0.020833333333333332 0.03333333333333333
0 0.7947916666666667 0.4703703703703704 0.020833333333333332 0.040740740740740744
0 0.8606770833333334 0.475 0.08072916666666667 0.13333333333333333
