0 0.14739583333333334 0.5518518518518518 0.109375 0.13148148148148148
0 0.2716145833333333 0.5212962962962963 0.0765625 0.10555555555555556
1 0.32395833333333335 0.5027777777777778 0.00625 0.037037037037037035
1 0.34322916666666664 0.4986111111111111 0.005208333333333333 0.03425925925925926
0 0.4041666666666667 0.500462962962963 0.023958333333333335 0.032407407407407406
0 0.41432291666666665 0.4791666666666667 0.033854166666666664 0.06018518518518518
0 0.49114583333333334 0.5875 0.19270833333333334 0.2953703703703704
0 0.4921875 0.3990740740740741 0.11041666666666666 0.0962962962962963
2 0.48151041666666666 0.3375 0.0203125 0.012037037037037037
0 0.590625 0.4824074074074074 0.06666666666666667 0.1425925925925926
1 0.63125 0.49027777777777776 0.0125 0.09907407407407408
0 0.66640625 0.500462962962963 0.049479166666666664 0.08055555555555556
1 0.6635416666666667 0.4773148148148148 0.007291666666666667 0.05092592592592592
1 0.7255208333333333 0.48194444444444445 0.019791666666666666 0.10092592592592593
3 0.7361979166666667 0.3509259259259259 0.0296875 0.053703703703703705
1 0.8544270833333333 0.48842592592592593 0.0265625 0.13240740740740742
1 0.9447916666666667 0.4912037037037037 0.041666666666666664 0.18425925925925926
0 0.9877604166666667 0.47685185185185186 0.0234375 0.20925925925925926
1 0.6856770833333333 0.48194444444444445 0.009895833333333333 0.06574074074074074
1 0.7096354166666666 0.48935185185185187 0.0078125 0.08981481481481482
