3 0.48932291666666666 0.4046296296296296 0.016145833333333335 0.02962962962962963
2 0.5216145833333333 0.30324074074074076 0.044270833333333336 0.019444444444444445
0 0.33567708333333335 0.5907407407407408 0.0890625 0.12962962962962962
0 0.3658854166666667 0.5375 0.033854166666666664 0.0712962962962963
0 0.5622395833333333 0.5740740740740741 0.05260416666666667 0.07407407407407407
0 0.5393229166666667 0.5689814814814815 0.0203125 0.062037037037037036
0 0.5255208333333333 0.5699074074074074 0.020833333333333332 0.04351851851851852
0 0.51328125 0.5648148148148148 0.027604166666666666 0.040740740740740744
0 0.5010416666666667 0.562037037037037 0.013541666666666667 0.037037037037037035
0 0.49166666666666664 0.5578703703703703 0.01875 0.028703703703703703
0 0.4822916666666667 0.5541666666666667 0.016666666666666666 0.028703703703703703
0 0.4552083333333333 0.5412037037037037 0.017708333333333333 0.03425925925925926
0 0.9528645833333333 0.5518518518518518 0.050520833333333334 0.08333333333333333
0 0.984375 0.6060185185185185 0.030208333333333334 0.04537037037037037
