0 0.012760416666666666 0.5277777777777778 0.025520833333333333 0.14629629629629629
0 0.01796875 0.46435185185185185 0.0359375 0.05462962962962963
0 0.0671875 0.49074074074074076 0.109375 0.17037037037037037
0 0.14296875 0.4824074074074074 0.05677083333333333 0.12407407407407407
0 0.25364583333333335 0.4532407407407407 0.18333333333333332 0.3787037037037037
0 0.3796875 0.4708333333333333 0.017708333333333333 0.032407407407407406
0 0.43307291666666664 0.5050925925925925 0.09010416666666667 0.14722222222222223
0 0.5359375 0.5527777777777778 0.17708333333333334 0.24259259259259258
0 0.465625 0.42453703703703705 0.06875 0.06388888888888888
0 0.5197916666666667 0.4148148148148148 0.040625 0.03518518518518519
0 0.9692708333333333 0.7453703703703703 0.06041666666666667 0.40370370370370373
