0 0.29583333333333334 0.5476851851851852 0.14791666666666667 0.13425925925925927
0 0.4114583333333333 0.513425925925926 0.11458333333333333 0.1824074074074074
0 0.5731770833333333 0.6226851851851852 0.29739583333333336 0.38796296296296295
0 0.734375 0.5337962962962963 0.109375 0.18055555555555555
0 0.7575520833333333 0.49675925925925923 0.08177083333333333 0.125
0 0.8263020833333333 0.5060185185185185 0.059895833333333336 0.08796296296296297
0 0.8856770833333333 0.5097222222222222 0.08489583333333334 0.10462962962962963
0 0.9682291666666667 0.49444444444444446 0.0625 0.0962962962962963
0 0.9033854166666667 0.4828703703703704 0.059895833333333336 0.06944444444444445
2 0.971875 0.04583333333333333 0.05416666666666667 0.04722222222222222
