0 0.07682291666666667 0.5351851851851852 0.0578125 0.06296296296296296
0 0.3416666666666667 0.5412037037037037 0.08541666666666667 0.12685185185185185
0 0.4125 0.5120370370370371 0.065625 0.14444444444444443
0 0.4703125 0.5189814814814815 0.052083333333333336 0.12314814814814815
0 0.5192708333333333 0.5375 0.023958333333333335 0.03796296296296296
0 0.65234375 0.5481481481481482 0.10364583333333334 0.12407407407407407
0 0.7791666666666667 0.5407407407407407 0.034375 0.03333333333333333
0 0.84921875 0.5300925925925926 0.0578125 0.04537037037037037
0 0.1984375 0.3476851851851852 0.040625 0.026851851851851852
0 0.4934895833333333 0.36574074074074076 0.0546875 0.022222222222222223
3 0.47760416666666666 0.4013888888888889 0.020833333333333332 0.028703703703703703
