0 0.7356770833333334 0.4351851851851852 0.0140625 0.03333333333333333
0 0.6244791666666667 0.43287037037037035 0.030208333333333334 0.05277777777777778
0 0.5833333333333334 0.4361111111111111 0.03958333333333333 0.09444444444444444
0 0.5546875 0.4583333333333333 0.021875 0.03518518518518519
0 0.515625 0.4689814814814815 0.022916666666666665 0.041666666666666664
0 0.49270833333333336 0.4726851851851852 0.03958333333333333 0.06018518518518518
0 0.4161458333333333 0.4398148148148148 0.06145833333333333 0.10185185185185185
0 0.43307291666666664 0.487962962962963 0.058854166666666666 0.07222222222222222
0 0.26979166666666665 0.4981481481481482 0.08333333333333333 0.09444444444444444
0 0.29270833333333335 0.44351851851851853 0.023958333333333335 0.027777777777777776
0 0.6380208333333334 0.4861111111111111 0.06979166666666667 0.10185185185185185
0 0.027083333333333334 0.5458333333333333 0.05416666666666667 0.17685185185185184
