0 0.6895833333333333 0.4703703703703704 0.065625 0.1962962962962963
0 0.8979166666666667 0.3037037037037037 0.20104166666666667 0.6055555555555555
0 0.53515625 0.45231481481481484 0.2484375 0.5509259259259259
0 0.40651041666666665 0.5083333333333333 0.019270833333333334 0.09074074074074075
0 0.3893229166666667 0.4935185185185185 0.043229166666666666 0.09259259259259259
0 0.3455729166666667 0.5115740740740741 0.033854166666666664 0.04722222222222222
0 0.3046875 0.5009259259259259 0.019791666666666666 0.03148148148148148
0 0.3302083333333333 0.5370370370370371 0.065625 0.08703703703703704
0 0.15807291666666667 0.4777777777777778 0.021354166666666667 0.022222222222222223
0 0.13776041666666666 0.4898148148148148 0.0640625 0.037037037037037035
