0 0.10989583333333333 0.45925925925925926 0.053125 0.037037037037037035
0 0.058333333333333334 0.5236111111111111 0.11666666666666667 0.1787037037037037
0 0.30520833333333336 0.49722222222222223 0.09270833333333334 0.14629629629629629
0 0.35182291666666665 0.47453703703703703 0.028645833333333332 0.06018518518518518
0 0.37447916666666664 0.4722222222222222 0.017708333333333333 0.05
0 0.40208333333333335 0.47824074074074074 0.05625 0.07314814814814814
0 0.42994791666666665 0.4652777777777778 0.0234375 0.04722222222222222
0 0.49973958333333335 0.39537037037037037 0.058854166666666666 0.06481481481481481
0 0.4869791666666667 0.512962962962963 0.13333333333333333 0.18333333333333332
0 0.5411458333333333 0.44305555555555554 0.019791666666666666 0.03981481481481482
0 0.54921875 0.45555555555555555 0.024479166666666666 0.03518518518518519
0 0.5619791666666667 0.4708333333333333 0.014583333333333334 0.04351851851851852
0 0.5713541666666667 0.4736111111111111 0.022916666666666665 0.058333333333333334
0 0.6041666666666666 0.46111111111111114 0.052083333333333336 0.11481481481481481
0 0.8041666666666667 0.5046296296296297 0.23645833333333333 0.34074074074074073
