0 0.08020833333333334 0.4638888888888889 0.04375 0.037037037037037035
0 0.20494791666666667 0.5231481481481481 0.09947916666666666 0.11481481481481481
0 0.3809895833333333 0.5078703703703704 0.0453125 0.05648148148148148
0 0.46770833333333334 0.5069444444444444 0.041666666666666664 0.05277777777777778
0 0.4890625 0.5074074074074074 0.015625 0.037037037037037035
0 0.5005208333333333 0.4773148148148148 0.025 0.032407407407407406
0 0.5200520833333333 0.5097222222222222 0.05364583333333333 0.06944444444444445
0 0.5377604166666666 0.49212962962962964 0.033854166666666664 0.07314814814814814
0 0.5854166666666667 0.4935185185185185 0.03125 0.06481481481481481
0 0.5911458333333334 0.5083333333333333 0.028125 0.037037037037037035
0 0.6348958333333333 0.5157407407407407 0.06770833333333333 0.08703703703703704
0 0.6408854166666667 0.46296296296296297 0.044270833333333336 0.05
0 0.9565104166666667 0.42268518518518516 0.0859375 0.39537037037037037
