3 0.7640625 0.3351851851851852 0.023958333333333335 0.04259259259259259
0 0.5833333333333334 0.47685185185185186 0.03958333333333333 0.07592592592592592
0 0.6330729166666667 0.44537037037037036 0.07552083333333333 0.1925925925925926
0 0.66953125 0.49722222222222223 0.09947916666666666 0.14074074074074075
0 0.7583333333333333 0.5324074074074074 0.11666666666666667 0.18703703703703703
0 0.8799479166666667 0.5722222222222222 0.2390625 0.29259259259259257
0 0.5026041666666666 0.42777777777777776 0.12604166666666666 0.2777777777777778
0 0.4348958333333333 0.47685185185185186 0.017708333333333333 0.04259259259259259
0 0.35390625 0.4273148148148148 0.04635416666666667 0.04351851851851852
0 0.3963541666666667 0.475 0.059375 0.10555555555555556
0 0.33489583333333334 0.5055555555555555 0.096875 0.14074074074074075
0 0.22395833333333334 0.5574074074074075 0.18125 0.22592592592592592
0 0.084375 0.44907407407407407 0.03958333333333333 0.03518518518518519
