0 0.11953125 0.4513888888888889 0.06302083333333333 0.05092592592592592
0 0.2546875 0.44814814814814813 0.0375 0.03518518518518519
0 0.3140625 0.43148148148148147 0.041666666666666664 0.04814814814814815
0 0.34739583333333335 0.4310185185185185 0.027083333333333334 0.04537037037037037
0 0.3796875 0.425 0.01875 0.03148148148148148
0 0.3796875 0.45185185185185184 0.019791666666666666 0.024074074074074074
0 0.40729166666666666 0.44166666666666665 0.013541666666666667 0.022222222222222223
0 0.43645833333333334 0.4699074074074074 0.035416666666666666 0.06018518518518518
0 0.49166666666666664 0.44074074074074077 0.022916666666666665 0.03148148148148148
0 0.51015625 0.43657407407407406 0.013020833333333334 0.028703703703703703
0 0.5276041666666667 0.4212962962962963 0.016666666666666666 0.022222222222222223
0 0.5236979166666667 0.449537037037037 0.019270833333333334 0.032407407407407406
0 0.496875 0.4925925925925926 0.057291666666666664 0.07222222222222222
0 0.5486979166666667 0.4685185185185185 0.030729166666666665 0.04814814814814815
0 0.6169270833333333 0.4449074074074074 0.09322916666666667 0.19722222222222222
0 0.77578125 0.5430555555555555 0.18802083333333333 0.21944444444444444
0 0.33255208333333336 0.5152777777777777 0.09322916666666667 0.125
