0 0.05807291666666667 0.5541666666666667 0.11614583333333334 0.21203703703703702
0 0.2947916666666667 0.4671296296296296 0.08020833333333334 0.0787037037037037
0 0.3104166666666667 0.5365740740740741 0.065625 0.08796296296296297
0 0.38307291666666665 0.5467592592592593 0.09114583333333333 0.1175925925925926
0 0.4296875 0.5185185185185185 0.03958333333333333 0.06296296296296296
0 0.4796875 0.5162037037037037 0.04791666666666667 0.0824074074074074
0 0.5291666666666667 0.49537037037037035 0.042708333333333334 0.08888888888888889
0 0.571875 0.5194444444444445 0.03958333333333333 0.05925925925925926
0 0.59375 0.49953703703703706 0.015625 0.03796296296296296
0 0.6119791666666666 0.5069444444444444 0.021875 0.032407407407407406
0 0.6416666666666667 0.48194444444444445 0.025 0.05462962962962963
0 0.5546875 0.5018518518518519 0.013541666666666667 0.05
0 0.6244791666666667 0.49537037037037035 0.01875 0.04814814814814815
3 0.29192708333333334 0.45185185185185184 0.018229166666666668 0.027777777777777776
0 0.7950520833333333 0.5087962962962963 0.028645833333333332 0.058333333333333334
