0 0.01953125 0.5013888888888889 0.0390625 0.026851851851851852
0 0.041666666666666664 0.49444444444444446 0.08333333333333333 0.04259259259259259
1 0.10651041666666666 0.5296296296296297 0.0140625 0.02962962962962963
1 0.13229166666666667 0.5203703703703704 0.008333333333333333 0.04814814814814815
1 0.29270833333333335 0.487962962962963 0.005208333333333333 0.027777777777777776
0 0.32734375 0.4740740740740741 0.021354166666666667 0.025925925925925925
0 0.3580729166666667 0.49537037037037035 0.0296875 0.04259259259259259
0 0.47890625 0.4300925925925926 0.1859375 0.5564814814814815
3 0.5921875 0.28564814814814815 0.01875 0.041666666666666664
0 0.8184895833333333 0.4162037037037037 0.3619791666666667 0.5935185185185186
2 0.5752604166666667 0.3 0.0109375 0.014814814814814815
1 0.0171875 0.5319444444444444 0.03333333333333333 0.04351851851851852
