0 0.4583333333333333 0.5282407407407408 0.022916666666666665 0.032407407407407406
0 0.49895833333333334 0.5287037037037037 0.025 0.03148148148148148
2 0.50546875 0.4564814814814815 0.011979166666666667 0.005555555555555556
2 0.5205729166666667 0.4550925925925926 0.011979166666666667 0.006481481481481481
0 0.5278645833333333 0.5305555555555556 0.025520833333333333 0.02962962962962963
0 0.5640625 0.5208333333333334 0.025 0.025
1 0.565625 0.5282407407407408 0.007291666666666667 0.03796296296296296
0 0.5875 0.5504629629629629 0.015625 0.058333333333333334
1 0.3802083333333333 0.5222222222222223 0.009375 0.05740740740740741
1 0.3333333333333333 0.5300925925925926 0.011458333333333333 0.06388888888888888
0 0.07395833333333333 0.6611111111111111 0.14791666666666667 0.3388888888888889
3 0.90078125 0.33611111111111114 0.028645833333333332 0.05
