0 0.09114583333333333 0.4625 0.18229166666666666 0.3194444444444444
0 0.2234375 0.4685185185185185 0.09270833333333334 0.17407407407407408
0 0.32395833333333335 0.48657407407407405 0.040625 0.028703703703703703
0 0.38515625 0.475 0.0234375 0.046296296296296294
0 0.4315104166666667 0.46064814814814814 0.0265625 0.049074074074074076
0 0.5109375 0.5231481481481481 0.10104166666666667 0.1537037037037037
0 0.5653645833333333 0.45555555555555555 0.044270833333333336 0.09444444444444444
0 0.5973958333333333 0.4736111111111111 0.026041666666666668 0.04351851851851852
0 0.6515625 0.4546296296296296 0.04791666666666667 0.08148148148148149
0 0.6963541666666667 0.4532407407407407 0.036458333333333336 0.07685185185185185
0 0.7247395833333333 0.47638888888888886 0.058854166666666666 0.05462962962962963
0 0.81484375 0.5060185185185185 0.09947916666666666 0.13796296296296295
3 0.8325520833333333 0.38842592592592595 0.013020833333333334 0.025
2 0.515625 0.18425925925925926 0.03854166666666667 0.025925925925925925
3 0.55234375 0.15138888888888888 0.03177083333333333 0.05648148148148148
2 0.6265625 0.17546296296296296 0.03854166666666667 0.025
3 0.6697916666666667 0.17407407407407408 0.03229166666666667 0.05555555555555555
2 0.6119791666666666 0.25092592592592594 0.027083333333333334 0.018518518518518517
1 0.34270833333333334 0.47962962962962963 0.007291666666666667 0.03333333333333333
1 0.7591145833333334 0.4634259259259259 0.008854166666666666 0.032407407407407406
0 0.4609375 0.46805555555555556 0.013541666666666667 0.026851851851851852
