2 0.48541666666666666 0.4388888888888889 0.016666666666666666 0.009259259259259259
2 0.5158854166666667 0.4351851851851852 0.0171875 0.011111111111111112
3 0.6322916666666667 0.45231481481481484 0.015625 0.03425925925925926
0 0.5510416666666667 0.5578703703703703 0.026041666666666668 0.06944444444444445
0 0.5140625 0.5351851851851852 0.03229166666666667 0.027777777777777776
0 0.5432291666666667 0.5458333333333333 0.042708333333333334 0.05277777777777778
0 0.10989583333333333 0.5625 0.11041666666666666 0.0712962962962963
1 0.27421875 0.5291666666666667 0.0067708333333333336 0.023148148148148147
1 0.5520833333333334 0.5370370370370371 0.019791666666666666 0.06851851851851852
1 0.5997395833333333 0.5296296296296297 0.0046875 0.03333333333333333
0 0.5510416666666667 0.5578703703703703 0.026041666666666668 0.06944444444444445
0 0.69375 0.5731481481481482 0.115625 0.15
0 0.5817708333333333 0.5101851851851852 0.05520833333333333 0.07592592592592592
0 0.51640625 0.5175925925925926 0.018229166666666668 0.020370370370370372
0 0.48385416666666664 0.5370370370370371 0.030208333333333334 0.046296296296296294
0 0.43046875 0.5472222222222223 0.0390625 0.05185185185185185
0 0.35885416666666664 0.5546296296296296 0.0375 0.05185185185185185
0 0.33359375 0.5569444444444445 0.027604166666666666 0.05462962962962963
0 0.29375 0.562962962962963 0.0875 0.07037037037037037
