0 0.1046875 0.4217592592592593 0.209375 0.4046296296296296
0 0.22005208333333334 0.4828703703703704 0.0265625 0.0712962962962963
0 0.2203125 0.4476851851851852 0.021875 0.04537037037037037
0 0.31953125 0.5152777777777777 0.1390625 0.20277777777777778
0 0.31796875 0.4013888888888889 0.10052083333333334 0.10277777777777777
0 0.3802083333333333 0.4666666666666667 0.025 0.06296296296296296
0 0.3997395833333333 0.47129629629629627 0.0203125 0.04259259259259259
0 0.4361979166666667 0.4671296296296296 0.04114583333333333 0.05462962962962963
0 0.44947916666666665 0.4462962962962963 0.03958333333333333 0.09074074074074075
0 0.5044270833333333 0.4652777777777778 0.04635416666666667 0.062037037037037036
0 0.5807291666666666 0.45046296296296295 0.065625 0.11203703703703703
0 0.6421875 0.46064814814814814 0.05 0.06574074074074074
0 0.63046875 0.45231481481481484 0.04635416666666667 0.075
0 0.8299479166666667 0.39675925925925926 0.3390625 0.6972222222222222
2 0.4778645833333333 0.4009259259259259 0.013020833333333334 0.005555555555555556
2 0.5109375 0.39814814814814814 0.013541666666666667 0.005555555555555556
3 0.65625 0.3990740740740741 0.014583333333333334 0.027777777777777776
3 0.503125 0.350462962962963 0.011458333333333333 0.026851851851851852
3 0.55625 0.350462962962963 0.011458333333333333 0.021296296296296296
