0 0.05182291666666667 0.475462962962963 0.10364583333333334 0.29907407407407405
0 0.18072916666666666 0.43287037037037035 0.04583333333333333 0.0712962962962963
0 0.24270833333333333 0.44351851851851853 0.10104166666666667 0.1425925925925926
0 0.28932291666666665 0.4101851851851852 0.034895833333333334 0.06481481481481481
0 0.21744791666666666 0.36527777777777776 0.0765625 0.06388888888888888
0 0.32734375 0.43148148148148147 0.06614583333333333 0.0962962962962963
0 0.378125 0.42407407407407405 0.03229166666666667 0.05740740740740741
0 0.421875 0.44027777777777777 0.075 0.11203703703703703
0 0.4427083333333333 0.4212962962962963 0.03958333333333333 0.07962962962962963
0 0.46588541666666666 0.4217592592592593 0.0234375 0.04722222222222222
0 0.4783854166666667 0.4199074074074074 0.0140625 0.03796296296296296
0 0.45390625 0.3824074074074074 0.04114583333333333 0.03888888888888889
0 0.5002604166666667 0.41712962962962963 0.03177083333333333 0.05277777777777778
0 0.5260416666666666 0.41759259259259257 0.025 0.044444444444444446
0 0.52890625 0.4 0.021354166666666667 0.053703703703703705
0 0.5473958333333333 0.41388888888888886 0.016666666666666666 0.04259259259259259
0 0.60625 0.40925925925925927 0.017708333333333333 0.04259259259259259
0 0.9291666666666667 0.3472222222222222 0.140625 0.19074074074074074
2 0.3885416666666667 0.1875 0.035416666666666666 0.01574074074074074
2 0.49322916666666666 0.1884259259259259 0.035416666666666666 0.01574074074074074
3 0.41848958333333336 0.16018518518518518 0.022395833333333334 0.03888888888888889
3 0.5533854166666666 0.1574074074074074 0.022395833333333334 0.03888888888888889
0 0.5546875 0.40879629629629627 0.021875 0.05462962962962963
3 0.47317708333333336 0.30092592592592593 0.011979166666666667 0.022222222222222223
