0 0.121875 0.5328703703703703 0.08541666666666667 0.04722222222222222
0 0.159375 0.5305555555555556 0.03958333333333333 0.04259259259259259
0 0.23541666666666666 0.524537037037037 0.027083333333333334 0.03796296296296296
0 0.37604166666666666 0.5092592592592593 0.040625 0.03888888888888889
0 0.36015625 0.512962962962963 0.016145833333333335 0.03333333333333333
0 0.5177083333333333 0.49953703703703706 0.06458333333333334 0.16018518518518518
0 0.6192708333333333 0.5513888888888889 0.078125 0.09907407407407408
0 0.7247395833333333 0.5425925925925926 0.0828125 0.09259259259259259
0 0.8098958333333334 0.5222222222222223 0.08854166666666667 0.10740740740740741
0 0.8955729166666667 0.5111111111111111 0.049479166666666664 0.044444444444444446
1 0.96484375 0.5111111111111111 0.0109375 0.040740740740740744
0 0.44244791666666666 0.5199074074074074 0.013020833333333334 0.023148148148148147
0 0.4627604166666667 0.5074074074074074 0.0171875 0.037037037037037035
