0 0.10625 0.5615740740740741 0.2125 0.2601851851851852
0 0.29791666666666666 0.4962962962962963 0.06875 0.09814814814814815
0 0.3307291666666667 0.4708333333333333 0.019791666666666666 0.03796296296296296
0 0.8731770833333333 0.6138888888888889 0.2526041666666667 0.36666666666666664
3 0.8466145833333333 0.044444444444444446 0.04739583333333333 0.07777777777777778
3 0.8841145833333334 0.052314814814814814 0.03697916666666667 0.06944444444444445
3 0.5481770833333334 0.41759259259259257 0.018229166666666668 0.03148148148148148
0 0.6026041666666667 0.5032407407407408 0.09166666666666666 0.14166666666666666
0 0.4830729166666667 0.48009259259259257 0.025520833333333333 0.06944444444444445
0 0.43697916666666664 0.49444444444444446 0.090625 0.13703703703703704
0 0.4044270833333333 0.4398148148148148 0.03697916666666667 0.05185185185185185
0 0.3854166666666667 0.4773148148148148 0.03125 0.04722222222222222
0 0.45 0.3611111111111111 0.023958333333333335 0.04814814814814815
0 0.47708333333333336 0.3648148148148148 0.020833333333333332 0.020370370370370372
0 0.36015625 0.4634259259259259 0.022395833333333334 0.032407407407407406
0 0.3765625 0.45046296296296295 0.027083333333333334 0.049074074074074076
0 0.3463541666666667 0.45925925925925926 0.013541666666666667 0.025925925925925925
0 0.4348958333333333 0.3453703703703704 0.017708333333333333 0.03333333333333333
0 0.34479166666666666 0.45185185185185184 0.013541666666666667 0.024074074074074074
