0 0.5752604166666667 0.4986111111111111 0.04635416666666667 0.03981481481481482
0 0.5213541666666667 0.5166666666666667 0.027083333333333334 0.037037037037037035
2 0.49375 0.425 0.010416666666666666 0.007407407407407408
2 0.46927083333333336 0.425462962962963 0.010416666666666666 0.008333333333333333
0 0.40234375 0.5166666666666667 0.0421875 0.05740740740740741
0 0.42682291666666666 0.5125 0.0203125 0.03796296296296296
0 0.44557291666666665 0.5069444444444444 0.016145833333333335 0.026851851851851852
0 0.3377604166666667 0.5152777777777777 0.0140625 0.03425925925925926
0 0.18880208333333334 0.39675925925925926 0.11927083333333334 0.04722222222222222
0 0.03359375 0.49722222222222223 0.028645833333333332 0.024074074074074074
0 0.13671875 0.562962962962963 0.20885416666666667 0.22037037037037038
0 0.3606770833333333 0.5041666666666667 0.0390625 0.07314814814814814
0 0.9369791666666667 0.4981481481481482 0.042708333333333334 0.04259259259259259
