0 0.4390625 0.4023148148148148 0.021875 0.04722222222222222
0 0.4635416666666667 0.40694444444444444 0.014583333333333334 0.03981481481481482
0 0.45390625 0.42685185185185187 0.021354166666666667 0.03148148148148148
0 0.49114583333333334 0.4287037037037037 0.019791666666666666 0.03148148148148148
0 0.48072916666666665 0.43425925925925923 0.021875 0.03148148148148148
0 0.4630208333333333 0.462037037037037 0.040625 0.05740740740740741
0 0.4166666666666667 0.425 0.015625 0.027777777777777776
0 0.4088541666666667 0.42962962962962964 0.021875 0.025925925925925925
0 0.40911458333333334 0.4546296296296296 0.027604166666666666 0.04259259259259259
0 0.36666666666666664 0.43472222222222223 0.022916666666666665 0.026851851851851852
0 0.353125 0.41759259259259257 0.01875 0.027777777777777776
0 0.33619791666666665 0.42314814814814816 0.0234375 0.024074074074074074
0 0.28880208333333335 0.4685185185185185 0.04010416666666667 0.07037037037037037
0 0.37994791666666666 0.4648148148148148 0.044270833333333336 0.06666666666666667
0 0.32708333333333334 0.49907407407407406 0.09166666666666666 0.12777777777777777
0 0.18463541666666666 0.4981481481481482 0.09114583333333333 0.1037037037037037
