0 0.15078125 0.6625 0.3015625 0.4638888888888889
0 0.2598958333333333 0.5236111111111111 0.08125 0.1527777777777778
0 0.3385416666666667 0.5120370370370371 0.06145833333333333 0.1037037037037037
0 0.4122395833333333 0.5324074074074074 0.11822916666666666 0.17592592592592593
0 0.5104166666666666 0.4861111111111111 0.06979166666666667 0.08888888888888889
0 0.4544270833333333 0.47314814814814815 0.021354166666666667 0.053703703703703705
0 0.6283854166666667 0.449537037037037 0.049479166666666664 0.06944444444444445
0 0.8158854166666667 0.4351851851851852 0.0765625 0.053703703703703705
0 0.79140625 0.4166666666666667 0.024479166666666666 0.03518518518518519
1 0.5473958333333333 0.4597222222222222 0.00625 0.03796296296296296
