2 0.7614583333333333 0.1310185185185185 0.04583333333333333 0.019444444444444445
3 0.8083333333333333 0.10648148148148148 0.029166666666666667 0.046296296296296294
3 0.9140625 0.2722222222222222 0.021875 0.06666666666666667
0 0.8317708333333333 0.4162037037037037 0.04791666666666667 0.06574074074074074
0 0.846875 0.3814814814814815 0.052083333333333336 0.08333333333333333
0 0.7567708333333333 0.4013888888888889 0.13020833333333334 0.3175925925925926
0 0.68125 0.42824074074074076 0.046875 0.09351851851851851
0 0.59609375 0.5324074074074074 0.21197916666666666 0.26296296296296295
0 0.5182291666666666 0.4101851851851852 0.15625 0.19444444444444445
0 0.5513020833333333 0.3597222222222222 0.08697916666666666 0.09166666666666666
1 0.2328125 0.44074074074074077 0.026041666666666668 0.11481481481481481
1 0.28567708333333336 0.4412037037037037 0.0140625 0.10277777777777777
3 0.44479166666666664 0.11481481481481481 0.01875 0.05185185185185185
0 0.9151041666666667 0.38796296296296295 0.03229166666666667 0.05555555555555555
2 0.41953125 0.15092592592592594 0.033854166666666664 0.022222222222222223
2 0.4778645833333333 0.15462962962962962 0.03177083333333333 0.020370370370370372
