0 0.05026041666666667 0.4305555555555556 0.0953125 0.07222222222222222
0 0.13723958333333333 0.44675925925925924 0.05364583333333333 0.03796296296296296
0 0.2546875 0.4861111111111111 0.078125 0.10925925925925926
0 0.3497395833333333 0.49722222222222223 0.0828125 0.10555555555555556
0 0.40546875 0.47638888888888886 0.0453125 0.06944444444444445
0 0.43125 0.46620370370370373 0.020833333333333332 0.03611111111111111
0 0.44244791666666666 0.49074074074074076 0.021354166666666667 0.16666666666666666
0 0.5317708333333333 0.46064814814814814 0.16979166666666667 0.39351851851851855
0 0.9208333333333333 0.6 0.15729166666666666 0.3814814814814815
3 0.7619791666666667 0.3907407407407407 0.028125 0.044444444444444446
