3 0.5348958333333333 0.22592592592592592 0.028125 0.044444444444444446
1 0.6015625 0.4486111111111111 0.013541666666666667 0.05277777777777778
0 0.43854166666666666 0.4310185185185185 0.016666666666666666 0.032407407407407406
0 0.4244791666666667 0.43472222222222223 0.022916666666666665 0.03981481481481482
0 0.4197916666666667 0.43842592592592594 0.026041666666666668 0.041666666666666664
0 0.40859375 0.4444444444444444 0.033854166666666664 0.044444444444444446
0 0.38645833333333335 0.47685185185185186 0.05416666666666667 0.06481481481481481
0 0.3028645833333333 0.525 0.13385416666666666 0.2037037037037037
1 0.25755208333333335 0.4597222222222222 0.013020833333333334 0.04722222222222222
1 0.14505208333333333 0.45185185185185184 0.0109375 0.037037037037037035
0 0.19322916666666667 0.5055555555555555 0.11875 0.15185185185185185
0 0.006510416666666667 0.49907407407407406 0.013020833333333334 0.31296296296296294
