1 0.39895833333333336 0.5273148148148148 0.014583333333333334 0.062037037037037036
1 0.33619791666666665 0.5351851851851852 0.011979166666666667 0.07407407407407407
1 0.32421875 0.5333333333333333 0.016145833333333335 0.06666666666666667
0 0.25755208333333335 0.524074074074074 0.07447916666666667 0.027777777777777776
0 0.23958333333333334 0.6 0.14375 0.15925925925925927
0 0.5802083333333333 0.5726851851851852 0.16041666666666668 0.23055555555555557
0 0.6622395833333333 0.5361111111111111 0.0484375 0.08888888888888889
0 0.6768229166666667 0.5263888888888889 0.0203125 0.06759259259259259
0 0.7588541666666667 0.5037037037037037 0.03333333333333333 0.037037037037037035
0 0.7291666666666666 0.5222222222222223 0.03854166666666667 0.06481481481481481
0 0.7458333333333333 0.5347222222222222 0.065625 0.08611111111111111
0 0.7458333333333333 0.4652777777777778 0.03958333333333333 0.04722222222222222
1 0.85625 0.4777777777777778 0.009375 0.027777777777777776
0 0.80390625 0.47962962962962963 0.015104166666666667 0.03148148148148148
0 0.9697916666666667 0.5699074074074074 0.058333333333333334 0.2175925925925926
0 0.9283854166666666 0.5356481481481481 0.11927083333333334 0.18796296296296297
0 0.86796875 0.5453703703703704 0.028645833333333332 0.11481481481481481
0 0.8484375 0.5412037037037037 0.03958333333333333 0.09351851851851851
0 0.82109375 0.538425925925926 0.0390625 0.05277777777777778
0 0.8315104166666667 0.49907407407407406 0.043229166666666666 0.03888888888888889
0 0.8072916666666666 0.5111111111111111 0.025 0.05740740740740741
