2 0.378125 0.14722222222222223 0.0625 0.03148148148148148
2 0.51171875 0.14166666666666666 0.06302083333333333 0.027777777777777776
2 0.6442708333333333 0.14305555555555555 0.06354166666666666 0.030555555555555555
3 0.4453125 0.1162037037037037 0.03958333333333333 0.06944444444444445
0 0.04505208333333333 0.7569444444444444 0.09010416666666667 0.3453703703703704
0 0.9231770833333334 0.6916666666666667 0.15260416666666668 0.4425925925925926
0 0.9666666666666667 0.5060185185185185 0.065625 0.06759259259259259
0 0.8908854166666667 0.5125 0.09010416666666667 0.0712962962962963
0 0.48671875 0.6912037037037037 0.1109375 0.39351851851851855
1 0.48723958333333334 0.6291666666666667 0.12239583333333333 0.4083333333333333
0 0.04583333333333333 0.5560185185185185 0.09166666666666666 0.18055555555555555
0 0.29244791666666664 0.5532407407407407 0.1734375 0.11018518518518519
0 0.234375 0.5277777777777778 0.06875 0.05
0 0.3890625 0.5337962962962963 0.08020833333333334 0.0824074074074074
0 0.3546875 0.49537037037037035 0.034375 0.027777777777777776
0 0.41822916666666665 0.5 0.017708333333333333 0.03333333333333333
0 0.5690104166666666 0.5060185185185185 0.0328125 0.032407407407407406
0 0.5791666666666667 0.5009259259259259 0.017708333333333333 0.027777777777777776
1 0.6265625 0.49166666666666664 0.005208333333333333 0.024074074074074074
