1 0.8971354166666666 0.5430555555555555 0.024479166666666666 0.06759259259259259
1 0.6770833333333334 0.5023148148148148 0.004166666666666667 0.021296296296296296
3 0.9203125 0.031018518518518518 0.05 0.062037037037037036
2 0.8111979166666666 0.04722222222222222 0.08385416666666666 0.040740740740740744
2 0.5510416666666667 0.38981481481481484 0.017708333333333333 0.007407407407407408
2 0.5861979166666667 0.3921296296296296 0.016145833333333335 0.008333333333333333
0 0.5828125 0.42916666666666664 0.015625 0.021296296296296296
0 0.5713541666666667 0.4337962962962963 0.016666666666666666 0.021296296296296296
0 0.56171875 0.4375 0.016145833333333335 0.021296296296296296
0 0.5526041666666667 0.4412037037037037 0.014583333333333334 0.023148148148148147
0 0.5486979166666667 0.4462962962962963 0.016145833333333335 0.024074074074074074
0 0.5442708333333334 0.45185185185185184 0.016666666666666666 0.025925925925925925
0 0.5369791666666667 0.43472222222222223 0.016666666666666666 0.021296296296296296
0 0.51640625 0.4199074074074074 0.0171875 0.021296296296296296
0 0.5088541666666667 0.43148148148148147 0.016666666666666666 0.025925925925925925
0 0.49114583333333334 0.42685185185185187 0.019791666666666666 0.022222222222222223
0 0.49453125 0.4462962962962963 0.0203125 0.02962962962962963
0 0.478125 0.4393518518518518 0.017708333333333333 0.023148148148148147
0 0.46041666666666664 0.4351851851851852 0.016666666666666666 0.025925925925925925
0 0.44140625 0.4462962962962963 0.018229166666666668 0.03333333333333333
0 0.43385416666666665 0.46064814814814814 0.01875 0.026851851851851852
0 0.42135416666666664 0.47175925925925927 0.01875 0.032407407407407406
0 0.41119791666666666 0.48333333333333334 0.0171875 0.025925925925925925
0 0.45 0.487962962962963 0.021875 0.027777777777777776
0 0.43802083333333336 0.5027777777777778 0.01875 0.020370370370370372
0 0.4322916666666667 0.5152777777777777 0.017708333333333333 0.03425925925925926
0 0.4244791666666667 0.5222222222222223 0.0125 0.04814814814814815
0 0.46197916666666666 0.5092592592592593 0.028125 0.02962962962962963
0 0.45260416666666664 0.5277777777777778 0.03125 0.05185185185185185
0 0.40208333333333335 0.5314814814814814 0.057291666666666664 0.07777777777777778
0 0.3729166666666667 0.4527777777777778 0.020833333333333332 0.025925925925925925
0 0.35520833333333335 0.4925925925925926 0.03125 0.02962962962962963
0 0.36328125 0.5259259259259259 0.0234375 0.037037037037037035
0 0.35104166666666664 0.5324074074074074 0.030208333333333334 0.046296296296296294
0 0.3140625 0.5180555555555556 0.053125 0.08981481481481482
0 0.28359375 0.5217592592592593 0.013020833333333334 0.03796296296296296
0 0.25494791666666666 0.5226851851851851 0.044270833333333336 0.03796296296296296
0 0.0890625 0.5717592592592593 0.12083333333333333 0.13240740740740742
0 0.51328125 0.5222222222222223 0.034895833333333334 0.05
0 0.5575520833333333 0.524074074074074 0.034895833333333334 0.05555555555555555
0 0.57109375 0.5300925925925926 0.0390625 0.05462962962962963
0 0.5966145833333333 0.5064814814814815 0.022395833333333334 0.025925925925925925
0 0.6158854166666666 0.5453703703703704 0.06510416666666667 0.08703703703703704
1 0.93359375 0.5231481481481481 0.0078125 0.040740740740740744
