2 0.47109375 0.3560185185185185 0.0203125 0.012037037037037037
2 0.5416666666666666 0.35185185185185186 0.021875 0.011111111111111112
2 0.49947916666666664 0.3768518518518518 0.014583333333333334 0.009259259259259259
3 0.4934895833333333 0.3476851851851852 0.013020833333333334 0.023148148148148147
3 0.5083333333333333 0.34675925925925927 0.0125 0.023148148148148147
0 0.6065104166666667 0.44074074074074077 0.0359375 0.07407407407407407
0 0.5578125 0.4546296296296296 0.028125 0.046296296296296294
0 0.8057291666666667 0.5407407407407407 0.2625 0.34074074074074073
0 0.4674479166666667 0.5458333333333333 0.20052083333333334 0.27314814814814814
0 0.33828125 0.48055555555555557 0.03177083333333333 0.046296296296296294
0 0.24270833333333333 0.5194444444444445 0.15833333333333333 0.20925925925925926
0 0.10677083333333333 0.5106481481481482 0.13645833333333332 0.17685185185185184
3 0.6861979166666666 0.1175925925925926 0.0265625 0.05
0 0.3184895833333333 0.475 0.027604166666666666 0.04259259259259259
