0 0.15078125 0.5037037037037037 0.11614583333333334 0.17592592592592593
0 0.28046875 0.487962962962963 0.04114583333333333 0.05925925925925926
0 0.3263020833333333 0.49398148148148147 0.058854166666666666 0.08055555555555556
0 0.3580729166666667 0.4791666666666667 0.027604166666666666 0.049074074074074076
0 0.2950520833333333 0.44212962962962965 0.019270833333333334 0.032407407407407406
0 0.4747395833333333 0.48009259259259257 0.17760416666666667 0.3990740740740741
0 0.6419270833333334 0.5162037037037037 0.1390625 0.1675925925925926
0 0.7377604166666667 0.4351851851851852 0.11822916666666666 0.12777777777777777
0 0.7786458333333334 0.42453703703703705 0.13333333333333333 0.11944444444444445
0 0.7630208333333334 0.4115740740740741 0.090625 0.049074074074074076
0 0.8026041666666667 0.42083333333333334 0.057291666666666664 0.030555555555555555
0 0.8083333333333333 0.4537037037037037 0.05 0.0962962962962963
0 0.8890625 0.42685185185185187 0.19375 0.14444444444444443
0 0.8846354166666667 0.44351851851851853 0.025520833333333333 0.11851851851851852
0 0.9471354166666667 0.4115740740740741 0.1046875 0.062037037037037036
0 0.94453125 0.4699074074074074 0.10989583333333333 0.1361111111111111
0 0.8359375 0.4310185185185185 0.020833333333333332 0.09351851851851851
1 0.5955729166666667 0.462037037037037 0.008854166666666666 0.04259259259259259
