3 0.80078125 0.22361111111111112 0.028645833333333332 0.049074074074074076
3 0.8286458333333333 0.2375 0.029166666666666667 0.06018518518518518
1 0.9888020833333333 0.5439814814814815 0.011979166666666667 0.08055555555555556
0 0.8669270833333333 0.5328703703703703 0.08385416666666666 0.13055555555555556
2 0.8848958333333333 0.26064814814814813 0.04791666666666667 0.019444444444444445
2 0.7627604166666667 0.2611111111111111 0.04739583333333333 0.022222222222222223
0 0.7651041666666667 0.5287037037037037 0.06666666666666667 0.10185185185185185
0 0.690625 0.6032407407407407 0.14375 0.1787037037037037
0 0.6223958333333334 0.5541666666666667 0.040625 0.058333333333333334
0 0.5921875 0.5388888888888889 0.014583333333333334 0.03518518518518519
0 0.5739583333333333 0.5416666666666666 0.029166666666666667 0.044444444444444446
0 0.53671875 0.5509259259259259 0.0390625 0.05185185185185185
1 0.478125 0.5680555555555555 0.034375 0.11203703703703703
0 0.47890625 0.5884259259259259 0.0203125 0.06574074074074074
0 0.47942708333333334 0.562037037037037 0.06614583333333333 0.09444444444444444
0 0.38958333333333334 0.5458333333333333 0.05520833333333333 0.09166666666666666
0 0.36432291666666666 0.5212962962962963 0.021354166666666667 0.05185185185185185
0 0.33645833333333336 0.5296296296296297 0.036458333333333336 0.06296296296296296
0 0.31640625 0.5356481481481481 0.019270833333333334 0.058333333333333334
0 0.28802083333333334 0.5287037037037037 0.040625 0.08148148148148149
0 0.08880208333333334 0.5828703703703704 0.10364583333333334 0.11018518518518519
