3 0.7830729166666667 0.4162037037037037 0.0140625 0.021296296296296296
2 0.6822916666666666 0.12407407407407407 0.065625 0.03148148148148148
0 0.02890625 0.524537037037037 0.0578125 0.0787037037037037
0 0.0625 0.4986111111111111 0.021875 0.028703703703703703
0 0.0890625 0.5208333333333334 0.06875 0.08055555555555556
0 0.14114583333333333 0.5226851851851851 0.040625 0.06759259259259259
0 0.18385416666666668 0.5171296296296296 0.07291666666666667 0.0787037037037037
0 0.21953125 0.5069444444444444 0.0328125 0.05462962962962963
0 0.26119791666666664 0.4935185185185185 0.058854166666666666 0.037037037037037035
0 0.37421875 0.5319444444444444 0.3182291666666667 0.225
0 0.465625 0.4351851851851852 0.07395833333333333 0.037037037037037035
0 0.5572916666666666 0.49444444444444446 0.020833333333333332 0.025925925925925925
0 0.5630208333333333 0.4847222222222222 0.015625 0.028703703703703703
0 0.6252604166666667 0.4935185185185185 0.0203125 0.025925925925925925
0 0.8484375 0.5472222222222223 0.3020833333333333 0.2037037037037037
