0 0.12578125 0.5583333333333333 0.2515625 0.43333333333333335
0 0.15572916666666667 0.37453703703703706 0.13229166666666667 0.09166666666666666
0 0.25442708333333336 0.4263888888888889 0.0671875 0.06018518518518518
0 0.2955729166666667 0.5611111111111111 0.1359375 0.20925925925925926
0 0.32708333333333334 0.5328703703703703 0.08541666666666667 0.15648148148148147
0 0.3580729166666667 0.5203703703703704 0.06822916666666666 0.13148148148148148
0 0.40520833333333334 0.5157407407407407 0.07291666666666667 0.11481481481481481
0 0.43828125 0.5064814814814815 0.058854166666666666 0.10185185185185185
0 0.4583333333333333 0.48935185185185187 0.07083333333333333 0.10833333333333334
0 0.48072916666666665 0.47314814814814815 0.06458333333333334 0.11851851851851852
0 0.5223958333333333 0.48935185185185187 0.03229166666666667 0.06759259259259259
0 0.546875 0.4300925925925926 0.078125 0.10462962962962963
0 0.58125 0.5180555555555556 0.096875 0.1398148148148148
0 0.6325520833333333 0.4981481481481482 0.0609375 0.10925925925925926
0 0.6846354166666667 0.48009259259259257 0.0484375 0.06759259259259259
0 0.65625 0.46296296296296297 0.016666666666666666 0.02962962962962963
0 0.5934895833333333 0.4324074074074074 0.025520833333333333 0.03518518518518519
0 0.6098958333333333 0.42962962962962964 0.023958333333333335 0.02962962962962963
0 0.7130208333333333 0.462037037037037 0.028125 0.037037037037037035
0 0.7317708333333334 0.4564814814814815 0.022916666666666665 0.04259259259259259
0 0.8236979166666667 0.4527777777777778 0.024479166666666666 0.03518518518518519
0 0.9041666666666667 0.4449074074074074 0.017708333333333333 0.025
0 0.8716145833333333 0.45 0.0203125 0.022222222222222223
3 0.8135416666666667 0.43703703703703706 0.01875 0.027777777777777776
0 0.8057291666666667 0.4527777777777778 0.015625 0.02962962962962963
