0 0.8794270833333333 0.40370370370370373 0.24010416666666667 0.4648148148148148
0 0.008854166666666666 0.4601851851851852 0.017708333333333333 0.2574074074074074
0 0.12578125 0.4444444444444444 0.1046875 0.1037037037037037
0 0.25677083333333334 0.45092592592592595 0.071875 0.08148148148148149
0 0.3015625 0.4675925925925926 0.051041666666666666 0.10185185185185185
0 0.6809895833333334 0.5282407407407408 0.0609375 0.04537037037037037
0 0.7127604166666667 0.5106481481481482 0.022395833333333334 0.06388888888888888
0 0.7192708333333333 0.5069444444444444 0.019791666666666666 0.05648148148148148
0 0.9479166666666666 0.6625 0.10208333333333333 0.44537037037037036
0 0.46328125 0.48935185185185187 0.0328125 0.041666666666666664
0 0.054427083333333334 0.5268518518518519 0.08802083333333334 0.0962962962962963
0 0.12578125 0.5152777777777777 0.0703125 0.09907407407407408
0 0.175 0.5157407407407407 0.042708333333333334 0.06666666666666667
0 0.20208333333333334 0.5074074074074074 0.04895833333333333 0.07037037037037037
0 0.24244791666666668 0.5055555555555555 0.0390625 0.06111111111111111
0 0.27682291666666664 0.5 0.03802083333333333 0.05
0 0.3424479166666667 0.4898148148148148 0.03177083333333333 0.04814814814814815
0 0.37421875 0.48657407407407405 0.025520833333333333 0.030555555555555555
0 0.4010416666666667 0.48333333333333334 0.021875 0.025925925925925925
2 0.32864583333333336 0.20555555555555555 0.04791666666666667 0.022222222222222223
3 0.3734375 0.17083333333333334 0.029166666666666667 0.05277777777777778
3 0.41171875 0.1935185185185185 0.0234375 0.05185185185185185
3 0.49661458333333336 0.16712962962962963 0.0296875 0.05092592592592592
3 0.59296875 0.3388888888888889 0.013020833333333334 0.03148148148148148
0 0.6817708333333333 0.5060185185185185 0.06875 0.04722222222222222
