3 0.5822916666666667 0.29305555555555557 0.022916666666666665 0.03981481481481482
1 0.6106770833333334 0.4041666666666667 0.0203125 0.08796296296296297
1 0.52890625 0.3212962962962963 0.0046875 0.024074074074074074
1 0.125 0.3560185185185185 0.011458333333333333 0.032407407407407406
1 0.11666666666666667 0.35833333333333334 0.005208333333333333 0.03148148148148148
1 0.08385416666666666 0.3851851851851852 0.005208333333333333 0.053703703703703705
1 0.07838541666666667 0.3800925925925926 0.0026041666666666665 0.05092592592592592
0 0.12630208333333334 0.3861111111111111 0.024479166666666666 0.05185185185185185
0 0.03177083333333333 0.38425925925925924 0.06354166666666666 0.05925925925925926
0 0.025 0.4060185185185185 0.05 0.025
0 0.10572916666666667 0.6328703703703704 0.21145833333333333 0.42685185185185187
0 0.17890625 0.36666666666666664 0.0921875 0.1814814814814815
0 0.23854166666666668 0.3731481481481482 0.03125 0.05740740740740741
0 0.27760416666666665 0.38055555555555554 0.04791666666666667 0.05555555555555555
0 0.20182291666666666 0.43287037037037035 0.07447916666666667 0.08611111111111111
0 0.24505208333333334 0.5328703703703703 0.1265625 0.16944444444444445
0 0.34791666666666665 0.36064814814814816 0.042708333333333334 0.04722222222222222
0 0.43645833333333334 0.575925925925926 0.26145833333333335 0.40555555555555556
0 0.4544270833333333 0.3638888888888889 0.0390625 0.025925925925925925
0 0.4705729166666667 0.3611111111111111 0.033854166666666664 0.03333333333333333
0 0.4895833333333333 0.36018518518518516 0.03229166666666667 0.04259259259259259
0 0.4921875 0.350462962962963 0.036458333333333336 0.03796296296296296
0 0.5283854166666667 0.35462962962962963 0.03802083333333333 0.040740740740740744
0 0.54453125 0.3439814814814815 0.0265625 0.03611111111111111
2 0.40260416666666665 0.10138888888888889 0.05625 0.026851851851851852
2 0.5268229166666667 0.10324074074074074 0.0546875 0.026851851851851852
3 0.4817708333333333 0.09398148148148149 0.03333333333333333 0.062037037037037036
3 0.4484375 0.08981481481481482 0.034375 0.06111111111111111
