0 0.03463541666666667 0.600925925925926 0.06927083333333334 0.07037037037037037
1 0.153125 0.5337962962962963 0.010416666666666666 0.04351851851851852
0 0.17291666666666666 0.5282407407407408 0.023958333333333335 0.028703703703703703
0 0.19583333333333333 0.5268518518518519 0.034375 0.03518518518518519
0 0.21979166666666666 0.5296296296296297 0.029166666666666667 0.04259259259259259
0 0.25859375 0.5995370370370371 0.1578125 0.1675925925925926
0 0.3203125 0.5162037037037037 0.027083333333333334 0.028703703703703703
0 0.3765625 0.5296296296296297 0.046875 0.05925925925925926
0 0.4393229166666667 0.512962962962963 0.030729166666666665 0.037037037037037035
0 0.51953125 0.4888888888888889 0.018229166666666668 0.024074074074074074
0 0.49166666666666664 0.5467592592592593 0.07916666666666666 0.11944444444444445
0 0.54296875 0.5125 0.0359375 0.05462962962962963
0 0.5583333333333333 0.4875 0.022916666666666665 0.03796296296296296
0 0.5911458333333334 0.4898148148148148 0.028125 0.027777777777777776
0 0.5981770833333333 0.525 0.0515625 0.07407407407407407
0 0.6177083333333333 0.475462962962963 0.014583333333333334 0.028703703703703703
0 0.634375 0.48564814814814816 0.03125 0.03425925925925926
0 0.6729166666666667 0.6398148148148148 0.20625 0.28703703703703703
3 0.9229166666666667 0.38657407407407407 0.020833333333333332 0.05462962962962963
2 0.5143229166666666 0.36435185185185187 0.016145833333333335 0.010185185185185186
2 0.57421875 0.3578703703703704 0.016145833333333335 0.010185185185185186
0 0.140625 0.5296296296296297 0.03125 0.020370370370370372
