3 0.78125 0.3337962962962963 0.04375 0.0787037037037037
2 0.5236979166666667 0.4212962962962963 0.027604166666666666 0.012962962962962963
2 0.45651041666666664 0.42407407407407405 0.027604166666666666 0.012962962962962963
2 0.55234375 0.4740740740740741 0.005729166666666666 0.009259259259259259
3 0.5729166666666666 0.46574074074074073 0.0125 0.022222222222222223
3 0.56015625 0.4648148148148148 0.0109375 0.024074074074074074
3 0.8783854166666667 0.5601851851851852 0.0515625 0.09074074074074075
1 0.6924479166666667 0.5884259259259259 0.019270833333333334 0.10648148148148148
0 0.47682291666666665 0.6180555555555556 0.22864583333333333 0.32314814814814813
0 0.6486979166666667 0.5884259259259259 0.09947916666666666 0.10648148148148148
0 0.6169270833333333 0.5435185185185185 0.06927083333333334 0.16111111111111112
0 0.11770833333333333 0.5814814814814815 0.10416666666666667 0.12037037037037036
0 0.24322916666666666 0.5736111111111111 0.06041666666666667 0.06574074074074074
3 0.08515625 0.5203703703703704 0.022395833333333334 0.04259259259259259
