3 0.3609375 0.16574074074074074 0.030208333333333334 0.053703703703703705
3 0.1953125 0.24444444444444444 0.06041666666666667 0.09074074074074075
3 0.33567708333333335 0.37453703703703706 0.022395833333333334 0.03611111111111111
0 0.14401041666666667 0.47685185185185186 0.059895833333333336 0.053703703703703705
0 0.17916666666666667 0.47314814814814815 0.025 0.03888888888888889
0 0.21953125 0.46944444444444444 0.019270833333333334 0.02962962962962963
0 0.23385416666666667 0.4671296296296296 0.013541666666666667 0.025
0 0.29713541666666665 0.46111111111111114 0.0203125 0.03888888888888889
0 0.34713541666666664 0.46944444444444444 0.013020833333333334 0.025925925925925925
0 0.36276041666666664 0.4671296296296296 0.021354166666666667 0.03611111111111111
0 0.38359375 0.475462962962963 0.03177083333333333 0.04537037037037037
0 0.4109375 0.4671296296296296 0.015625 0.025
0 0.42239583333333336 0.4675925925925926 0.013541666666666667 0.027777777777777776
0 0.45364583333333336 0.4601851851851852 0.052083333333333336 0.10185185185185185
0 0.5205729166666667 0.4689814814814815 0.0421875 0.06759259259259259
0 0.5736979166666667 0.475 0.06510416666666667 0.09814814814814815
0 0.909375 0.5662037037037037 0.17916666666666667 0.41203703703703703
