2 0.34088541666666666 0.17546296296296296 0.044270833333333336 0.026851851851851852
2 0.45729166666666665 0.08148148148148149 0.06041666666666667 0.046296296296296294
2 0.6096354166666667 0.05740740740740741 0.0640625 0.046296296296296294
3 0.7130208333333333 0.22314814814814815 0.042708333333333334 0.07777777777777778
0 0.15729166666666666 0.5930555555555556 0.3145833333333333 0.812037037037037
1 0.31979166666666664 0.5018518518518519 0.014583333333333334 0.06666666666666667
1 0.3572916666666667 0.5638888888888889 0.06458333333333334 0.22407407407407406
0 0.36302083333333335 0.6203703703703703 0.06354166666666666 0.19814814814814816
0 0.40182291666666664 0.5953703703703703 0.14322916666666666 0.19444444444444445
0 0.5846354166666666 0.5162037037037037 0.10885416666666667 0.09351851851851851
1 0.5916666666666667 0.5680555555555555 0.057291666666666664 0.20462962962962963
0 0.5901041666666667 0.6504629629629629 0.06354166666666666 0.17685185185185184
0 0.7669270833333334 0.5310185185185186 0.08489583333333334 0.07685185185185185
0 0.7890625 0.5199074074074074 0.09270833333333334 0.08796296296296297
0 0.8799479166666667 0.5282407407407408 0.03177083333333333 0.06574074074074074
0 0.9377604166666667 0.5986111111111111 0.1234375 0.13240740740740742
0 0.97890625 0.5208333333333334 0.04114583333333333 0.062037037037037036
0 0.94375 0.5194444444444445 0.042708333333333334 0.025925925925925925
0 0.9513020833333333 0.5120370370370371 0.027604166666666666 0.020370370370370372
