1 0.29270833333333335 0.5361111111111111 0.015625 0.07777777777777778
1 0.3703125 0.5268518518518519 0.010416666666666666 0.06296296296296296
0 0.4473958333333333 0.5314814814814814 0.03125 0.044444444444444446
0 0.48072916666666665 0.5365740740740741 0.022916666666666665 0.030555555555555555
0 0.5026041666666666 0.5342592592592592 0.029166666666666667 0.03518518518518519
0 0.5083333333333333 0.5009259259259259 0.013541666666666667 0.02962962962962963
0 0.53515625 0.5361111111111111 0.027604166666666666 0.03333333333333333
2 0.5106770833333333 0.45601851851851855 0.013020833333333334 0.004629629629629629
2 0.5265625 0.45416666666666666 0.011458333333333333 0.006481481481481481
0 0.57734375 0.5259259259259259 0.0421875 0.03148148148148148
1 0.5723958333333333 0.5324074074074074 0.007291666666666667 0.04259259259259259
0 0.6143229166666667 0.5587962962962963 0.0203125 0.0824074074074074
