0 0.3502604166666667 0.3925925925925926 0.021354166666666667 0.02962962962962963
0 0.38125 0.39305555555555555 0.01875 0.025
0 0.38515625 0.387037037037037 0.0171875 0.02962962962962963
0 0.41041666666666665 0.38981481481481484 0.017708333333333333 0.024074074074074074
0 0.43697916666666664 0.3875 0.020833333333333332 0.030555555555555555
0 0.45026041666666666 0.36018518518518516 0.019270833333333334 0.027777777777777776
0 0.4786458333333333 0.3824074074074074 0.015625 0.022222222222222223
0 0.45026041666666666 0.4185185185185185 0.0296875 0.040740740740740744
0 0.38958333333333334 0.4861111111111111 0.071875 0.09259259259259259
0 0.50625 0.41064814814814815 0.03229166666666667 0.030555555555555555
0 0.50390625 0.4351851851851852 0.03802083333333333 0.05
0 0.53125 0.3680555555555556 0.025 0.05277777777777778
0 0.6182291666666667 0.39814814814814814 0.03125 0.03333333333333333
0 0.5940104166666667 0.40879629629629627 0.0265625 0.032407407407407406
0 0.58203125 0.4217592592592593 0.04010416666666667 0.049074074074074076
0 0.59609375 0.4699074074074074 0.06302083333333333 0.09166666666666666
0 0.6817708333333333 0.5074074074074074 0.11770833333333333 0.14629629629629629
0 0.8760416666666667 0.5949074074074074 0.246875 0.3712962962962963
3 0.6927083333333334 0.3398148148148148 0.014583333333333334 0.024074074074074074
2 0.49192708333333335 0.2949074074074074 0.0203125 0.010185185185185186
2 0.5356770833333333 0.29212962962962963 0.0203125 0.008333333333333333
2 0.52109375 0.30092592592592593 0.015104166666666667 0.007407407407407408
3 0.50859375 0.28564814814814815 0.013020833333333334 0.023148148148148147
3 0.5200520833333333 0.2861111111111111 0.013020833333333334 0.022222222222222223
0 0.45 0.38472222222222224 0.014583333333333334 0.028703703703703703
