0 0.018229166666666668 0.5504629629629629 0.036458333333333336 0.16203703703703703
0 0.3880208333333333 0.4699074074074074 0.029166666666666667 0.041666666666666664
0 0.4166666666666667 0.4675925925925926 0.052083333333333336 0.046296296296296294
0 0.43203125 0.46805555555555556 0.04114583333333333 0.04537037037037037
0 0.44973958333333336 0.46574074074074073 0.027604166666666666 0.05
0 0.5875 0.5050925925925925 0.07291666666666667 0.09166666666666666
0 0.5794270833333334 0.4449074074074074 0.0203125 0.03425925925925926
0 0.6591145833333333 0.46064814814814814 0.0203125 0.049074074074074076
0 0.815625 0.4324074074074074 0.178125 0.25
0 0.9403645833333333 0.5736111111111111 0.1171875 0.30648148148148147
