0 0.0171875 0.49675925925925923 0.034375 0.13240740740740742
0 0.10130208333333333 0.5731481481481482 0.20260416666666667 0.25555555555555554
0 0.30104166666666665 0.49027777777777776 0.036458333333333336 0.05092592592592592
0 0.33671875 0.48842592592592593 0.0328125 0.049074074074074076
0 0.3684895833333333 0.4824074074074074 0.0359375 0.06851851851851852
0 0.39088541666666665 0.4824074074074074 0.0140625 0.05185185185185185
0 0.40130208333333334 0.47824074074074074 0.025520833333333333 0.05277777777777778
0 0.42239583333333336 0.47962962962962963 0.020833333333333332 0.06296296296296296
0 0.49895833333333334 0.5074074074074074 0.15 0.2833333333333333
0 0.5747395833333333 0.4203703703703704 0.03802083333333333 0.040740740740740744
0 0.5861979166666667 0.475462962962963 0.0390625 0.0712962962962963
0 0.5872395833333334 0.4925925925925926 0.027604166666666666 0.08333333333333333
0 0.6075520833333333 0.49907407407407406 0.04635416666666667 0.09814814814814815
0 0.6640625 0.5032407407407408 0.09791666666666667 0.14166666666666666
0 0.83125 0.5643518518518519 0.21770833333333334 0.2638888888888889
2 0.5841145833333333 0.2814814814814815 0.03177083333333333 0.014814814814814815
2 0.6546875 0.28055555555555556 0.03125 0.014814814814814815
3 0.61015625 0.26944444444444443 0.019270833333333334 0.03333333333333333
2 0.5567708333333333 0.38564814814814813 0.008333333333333333 0.006481481481481481
1 0.25833333333333336 0.4773148148148148 0.00625 0.04351851851851852
