0 0.038802083333333334 0.6013888888888889 0.07760416666666667 0.09907407407407408
0 0.29609375 0.5416666666666666 0.0328125 0.08333333333333333
0 0.3203125 0.5444444444444444 0.017708333333333333 0.05925925925925926
0 0.34296875 0.5393518518518519 0.03177083333333333 0.06574074074074074
0 0.3697916666666667 0.524074074074074 0.023958333333333335 0.04259259259259259
0 0.3927083333333333 0.5314814814814814 0.022916666666666665 0.040740740740740744
0 0.3697916666666667 0.562037037037037 0.03333333333333333 0.04259259259259259
0 0.40989583333333335 0.5606481481481481 0.040625 0.06018518518518518
0 0.434375 0.5527777777777778 0.025 0.05
0 0.45546875 0.5444444444444444 0.015104166666666667 0.025925925925925925
0 0.4705729166666667 0.5740740740740741 0.0359375 0.07962962962962963
0 0.5143229166666666 0.5847222222222223 0.0890625 0.10277777777777777
0 0.5828125 0.5592592592592592 0.042708333333333334 0.05185185185185185
0 0.5588541666666667 0.5472222222222223 0.017708333333333333 0.027777777777777776
0 0.53984375 0.5476851851851852 0.015104166666666667 0.025
0 0.659375 0.5356481481481481 0.03229166666666667 0.06759259259259259
0 0.7799479166666666 0.5370370370370371 0.07135416666666666 0.1037037037037037
0 0.9010416666666666 0.5768518518518518 0.196875 0.15555555555555556
2 0.7854166666666667 0.2513888888888889 0.04895833333333333 0.025
2 0.91484375 0.25462962962962965 0.0484375 0.024074074074074074
3 0.8252604166666667 0.21296296296296297 0.030729166666666665 0.05555555555555555
3 0.8546875 0.22870370370370371 0.030208333333333334 0.06481481481481481
0 0.6377604166666667 0.5333333333333333 0.016145833333333335 0.06296296296296296
