0 0.3971354166666667 0.5152777777777777 0.0453125 0.06759259259259259
0 0.44921875 0.5268518518518519 0.016145833333333335 0.022222222222222223
0 0.5138020833333333 0.5745370370370371 0.1046875 0.1527777777777778
0 0.5747395833333333 0.5444444444444444 0.0390625 0.05555555555555555
0 0.6046875 0.5097222222222222 0.057291666666666664 0.08425925925925926
0 0.6583333333333333 0.538425925925926 0.035416666666666666 0.05092592592592592
0 0.7036458333333333 0.5486111111111112 0.05416666666666667 0.06574074074074074
0 0.7635416666666667 0.5476851851851852 0.08125 0.10277777777777777
0 0.82890625 0.5638888888888889 0.10572916666666667 0.12222222222222222
0 0.9458333333333333 0.4310185185185185 0.10729166666666666 0.487962962962963
