0 0.5263020833333333 0.19814814814814816 0.025520833333333333 0.03148148148148148
0 0.47708333333333336 0.20185185185185187 0.027083333333333334 0.03333333333333333
0 0.47161458333333334 0.28564814814814815 0.06927083333333334 0.09351851851851851
0 0.5731770833333333 0.19490740740740742 0.024479166666666666 0.030555555555555555
0 0.6080729166666666 0.19305555555555556 0.028645833333333332 0.03611111111111111
0 0.6526041666666667 0.19398148148148148 0.015625 0.032407407407407406
0 0.6697916666666667 0.19074074074074074 0.03333333333333333 0.03888888888888889
0 0.7359375 0.1814814814814815 0.06145833333333333 0.03333333333333333
0 0.7236979166666667 0.20092592592592592 0.03177083333333333 0.03518518518518519
0 0.6971354166666667 0.19398148148148148 0.0359375 0.026851851851851852
0 0.6815104166666667 0.21851851851851853 0.07135416666666666 0.05185185185185185
0 0.7580729166666667 0.20833333333333334 0.03697916666666667 0.03518518518518519
0 0.7736979166666667 0.2162037037037037 0.033854166666666664 0.03425925925925926
0 0.7875 0.22453703703703703 0.041666666666666664 0.04722222222222222
0 0.79140625 0.24583333333333332 0.03177083333333333 0.06944444444444445
0 0.8338541666666667 0.24814814814814815 0.06770833333333333 0.0962962962962963
0 0.7182291666666667 0.33796296296296297 0.15625 0.24259259259259258
1 0.09557291666666666 0.2967592592592593 0.0171875 0.12129629629629629
1 0.16354166666666667 0.29398148148148145 0.027083333333333334 0.10648148148148148
1 0.24453125 0.3226851851851852 0.06302083333333333 0.075
1 0.23984375 0.3013888888888889 0.024479166666666666 0.11203703703703703
1 0.9208333333333333 0.22314814814814815 0.014583333333333334 0.07962962962962963
1 0.9291666666666667 0.2759259259259259 0.009375 0.10185185185185185
2 0.5997395833333333 0.07453703703703704 0.019270833333333334 0.008333333333333333
2 0.6372395833333333 0.07314814814814814 0.019270833333333334 0.009259259259259259
2 0.5809895833333333 0.12638888888888888 0.008854166666666666 0.004629629629629629
3 0.8356770833333333 0.16064814814814815 0.0140625 0.025
1 0.42994791666666665 0.19305555555555556 0.0046875 0.032407407407407406
