0 0.12239583333333333 0.4476851851851852 0.24479166666666666 0.33611111111111114
2 0.24973958333333332 0.39537037037037037 0.013020833333333334 0.005555555555555556
2 0.25026041666666665 0.4027777777777778 0.0109375 0.005555555555555556
0 0.4518229166666667 0.4064814814814815 0.2328125 0.6907407407407408
2 0.5692708333333333 0.2273148148148148 0.021875 0.021296296296296296
2 0.66171875 0.22361111111111112 0.043229166666666666 0.023148148148148147
1 0.703125 0.4486111111111111 0.00625 0.058333333333333334
1 0.70625 0.45092592592592595 0.011458333333333333 0.06111111111111111
1 0.7471354166666667 0.4546296296296296 0.008854166666666666 0.05925925925925926
1 0.8385416666666666 0.4685185185185185 0.016666666666666666 0.09444444444444444
2 0.7484375 0.36018518518518516 0.010416666666666666 0.05740740740740741
3 0.8489583333333334 0.2310185185185185 0.03125 0.05648148148148148
1 0.9861979166666667 0.5347222222222222 0.0109375 0.11203703703703703
1 0.60234375 0.44814814814814813 0.0078125 0.04814814814814815
2 0.30807291666666664 0.23564814814814813 0.03177083333333333 0.021296296296296296
