1 0.09609375 0.5037037037037037 0.0109375 0.07037037037037037
1 0.15598958333333332 0.4925925925925926 0.008854166666666666 0.044444444444444446
0 0.2484375 0.4847222222222222 0.028125 0.05277777777777778
1 0.1796875 0.48935185185185187 0.007291666666666667 0.04537037037037037
1 0.3802083333333333 0.48518518518518516 0.005208333333333333 0.03333333333333333
0 0.3625 0.49166666666666664 0.034375 0.044444444444444446
0 0.4713541666666667 0.5097222222222222 0.14479166666666668 0.2601851851851852
0 0.7791666666666667 0.6736111111111112 0.359375 0.487962962962963
2 0.28515625 0.39861111111111114 0.016145833333333335 0.008333333333333333
2 0.31744791666666666 0.3972222222222222 0.016145833333333335 0.009259259259259259
1 0.9958333333333333 0.5356481481481481 0.00625 0.08425925925925926
0 0.22942708333333334 0.49537037037037035 0.013020833333333334 0.03333333333333333
