0 0.7109375 0.5925925925925926 0.15416666666666667 0.17222222222222222
0 0.6231770833333333 0.5615740740740741 0.06927083333333334 0.09351851851851851
0 0.5752604166666667 0.5481481481481482 0.04635416666666667 0.06296296296296296
0 0.5505208333333333 0.5351851851851852 0.021875 0.037037037037037035
0 0.48541666666666666 0.6226851851851852 0.171875 0.24166666666666667
0 0.40520833333333334 0.5458333333333333 0.04583333333333333 0.0712962962962963
0 0.3450520833333333 0.5648148148148148 0.09322916666666667 0.1259259259259259
0 0.28203125 0.5467592592592593 0.0359375 0.041666666666666664
0 0.09114583333333333 0.7046296296296296 0.18229166666666666 0.44814814814814813
2 0.4635416666666667 0.4666666666666667 0.011458333333333333 0.005555555555555556
2 0.48463541666666665 0.46620370370370373 0.011979166666666667 0.004629629629629629
