0 0.09427083333333333 0.5416666666666666 0.06770833333333333 0.10555555555555556
0 0.11796875 0.47129629629629627 0.0859375 0.07222222222222222
0 0.19973958333333333 0.5893518518518519 0.19114583333333332 0.2638888888888889
0 0.2916666666666667 0.4740740740740741 0.036458333333333336 0.022222222222222223
0 0.2984375 0.5097222222222222 0.029166666666666667 0.030555555555555555
0 0.34453125 0.5032407407407408 0.030729166666666665 0.030555555555555555
0 0.37473958333333335 0.4981481481481482 0.0234375 0.03148148148148148
0 0.4049479166666667 0.48703703703703705 0.024479166666666666 0.027777777777777776
0 0.42734375 0.5152777777777777 0.043229166666666666 0.05648148148148148
0 0.4484375 0.512962962962963 0.019791666666666666 0.05185185185185185
0 0.45729166666666665 0.5097222222222222 0.014583333333333334 0.03981481481481482
0 0.4510416666666667 0.48009259259259257 0.023958333333333335 0.021296296296296296
0 0.51640625 0.5412037037037037 0.09635416666666667 0.13055555555555556
0 0.5390625 0.48009259259259257 0.036458333333333336 0.058333333333333334
0 0.68828125 0.5504629629629629 0.13385416666666666 0.18055555555555555
1 0.023697916666666666 0.5231481481481481 0.0078125 0.06111111111111111
1 0.03046875 0.5236111111111111 0.0109375 0.06759259259259259
1 0.040625 0.525 0.011458333333333333 0.06851851851851852
1 0.05520833333333333 0.5236111111111111 0.0125 0.0712962962962963
1 0.309375 0.49444444444444446 0.004166666666666667 0.025925925925925925
1 0.6075520833333333 0.5037037037037037 0.008854166666666666 0.05185185185185185
1 0.61015625 0.4976851851851852 0.0046875 0.03611111111111111
1 0.8473958333333333 0.5041666666666667 0.015625 0.10833333333333334
1 0.553125 0.27685185185185185 0.007291666666666667 0.04259259259259259
1 0.5690104166666666 0.27870370370370373 0.005729166666666666 0.040740740740740744
2 0.46197916666666666 0.4222222222222222 0.013541666666666667 0.007407407407407408
2 0.48463541666666665 0.4125 0.005729166666666666 0.004629629629629629
2 0.5088541666666667 0.41944444444444445 0.009375 0.005555555555555556
3 0.19713541666666667 0.41759259259259257 0.0328125 0.06666666666666667
3 0.7114583333333333 0.0875 0.021875 0.03796296296296296
