3 0.8997395833333334 0.3296296296296296 0.024479166666666666 0.04259259259259259
1 0.64140625 0.45740740740740743 0.009895833333333333 0.044444444444444446
1 0.815625 0.4726851851851852 0.021875 0.08055555555555556
1 0.6559895833333333 0.46064814814814814 0.0078125 0.04722222222222222
1 0.6609375 0.45 0.00625 0.027777777777777776
0 0.38046875 0.44305555555555554 0.018229166666666668 0.03425925925925926
0 0.39010416666666664 0.47453703703703703 0.016666666666666666 0.05277777777777778
0 0.41432291666666665 0.48194444444444445 0.05364583333333333 0.0712962962962963
0 0.33828125 0.44027777777777777 0.0609375 0.075
0 0.35390625 0.5092592592592593 0.04739583333333333 0.15555555555555556
0 0.33567708333333335 0.5226851851851851 0.0421875 0.18425925925925926
0 0.20833333333333334 0.575462962962963 0.296875 0.4361111111111111
0 0.43515625 0.4305555555555556 0.09114583333333333 0.05740740740740741
0 0.44505208333333335 0.4726851851851852 0.0171875 0.04722222222222222
0 0.46041666666666664 0.47824074074074074 0.029166666666666667 0.058333333333333334
0 0.48828125 0.47685185185185186 0.03802083333333333 0.07037037037037037
0 0.49192708333333335 0.4685185185185185 0.03802083333333333 0.040740740740740744
0 0.5018229166666667 0.49027777777777776 0.058854166666666666 0.08055555555555556
0 0.55625 0.487962962962963 0.07708333333333334 0.10185185185185185
0 0.5731770833333333 0.5055555555555555 0.09010416666666667 0.11296296296296296
0 0.88828125 0.5907407407407408 0.22239583333333332 0.29814814814814816
0 0.09401041666666667 0.4444444444444444 0.0171875 0.03518518518518519
0 0.04583333333333333 0.5203703703703704 0.09166666666666666 0.2759259259259259
