0 0.019270833333333334 0.48055555555555557 0.03854166666666667 0.08148148148148149
0 0.14739583333333334 0.6050925925925926 0.29375 0.36574074074074076
1 0.2559895833333333 0.49398148148148147 0.022395833333333334 0.03981481481481482
1 0.2708333333333333 0.462037037037037 0.022916666666666665 0.09074074074074075
0 0.14270833333333333 0.3731481481481482 0.16875 0.1259259259259259
0 0.25807291666666665 0.4527777777777778 0.0359375 0.053703703703703705
0 0.3255208333333333 0.4356481481481482 0.12291666666666666 0.1935185185185185
0 0.37473958333333335 0.5189814814814815 0.1296875 0.1935185185185185
0 0.4265625 0.4310185185185185 0.046875 0.06759259259259259
0 0.45625 0.48055555555555557 0.06770833333333333 0.09074074074074075
0 0.4895833333333333 0.4615740740740741 0.03125 0.05277777777777778
0 0.5721354166666667 0.5555555555555556 0.19427083333333334 0.2722222222222222
3 0.5302083333333333 0.046296296296296294 0.05 0.09259259259259259
3 0.6747395833333333 0.37037037037037035 0.013020833333333334 0.044444444444444446
2 0.5645833333333333 0.3787037037037037 0.008333333333333333 0.005555555555555556
2 0.5872395833333334 0.37777777777777777 0.008854166666666666 0.005555555555555556
2 0.5622395833333333 0.38935185185185184 0.0067708333333333336 0.004629629629629629
2 0.5809895833333333 0.38935185185185184 0.0067708333333333336 0.004629629629629629
