0 0.39166666666666666 0.40879629629629627 0.057291666666666664 0.03981481481481482
0 0.47317708333333336 0.40324074074074073 0.0234375 0.025
0 0.4981770833333333 0.42685185185185187 0.0453125 0.046296296296296294
0 0.5515625 0.4101851851851852 0.03854166666666667 0.04259259259259259
0 0.1609375 0.5347222222222222 0.228125 0.30092592592592593
3 0.6200520833333333 0.2851851851851852 0.021354166666666667 0.044444444444444446
3 0.6203125 0.3300925925925926 0.029166666666666667 0.04722222222222222
0 0.54921875 0.4356481481481482 0.0140625 0.05648148148148148
0 0.5575520833333333 0.43703703703703706 0.0203125 0.05925925925925926
0 0.57890625 0.46296296296296297 0.05260416666666667 0.1259259259259259
0 0.59609375 0.46805555555555556 0.0296875 0.1287037037037037
0 0.6380208333333334 0.47685185185185186 0.09479166666666666 0.16111111111111112
0 0.6604166666666667 0.49907407407407406 0.10833333333333334 0.17592592592592593
0 0.765625 0.5087962962962963 0.159375 0.2490740740740741
0 0.8442708333333333 0.5537037037037037 0.209375 0.3
0 0.9138020833333333 0.6324074074074074 0.17135416666666667 0.4388888888888889
3 0.42291666666666666 0.24814814814814815 0.015625 0.02962962962962963
