3 0.4752604166666667 0.02824074074074074 0.03177083333333333 0.05277777777777778
3 0.38125 0.13518518518518519 0.030208333333333334 0.05185185185185185
2 0.5135416666666667 0.12407407407407407 0.07291666666666667 0.03333333333333333
3 0.58515625 0.1300925925925926 0.044270833333333336 0.075
3 0.6328125 0.13194444444444445 0.04479166666666667 0.07685185185185185
2 0.7143229166666667 0.12685185185185185 0.07239583333333334 0.03518518518518519
0 0.15651041666666668 0.5 0.20885416666666667 0.1537037037037037
0 0.31614583333333335 0.5013888888888889 0.057291666666666664 0.06388888888888888
0 0.37864583333333335 0.49675925925925923 0.06041666666666667 0.062037037037037036
0 0.46041666666666664 0.47175925925925927 0.10520833333333333 0.15462962962962962
0 0.5294270833333333 0.48842592592592593 0.044270833333333336 0.062037037037037036
0 0.5385416666666667 0.48194444444444445 0.034375 0.05648148148148148
0 0.5684895833333333 0.48333333333333334 0.0328125 0.05
0 0.61171875 0.4671296296296296 0.05260416666666667 0.08055555555555556
0 0.6408854166666667 0.4759259259259259 0.0203125 0.05
0 0.6583333333333333 0.46574074074074073 0.026041666666666668 0.02962962962962963
0 0.6770833333333334 0.48703703703703705 0.053125 0.06296296296296296
0 0.68515625 0.45787037037037037 0.030729166666666665 0.032407407407407406
0 0.709375 0.4759259259259259 0.021875 0.037037037037037035
0 0.7247395833333333 0.4740740740740741 0.019270833333333334 0.037037037037037035
0 0.7552083333333334 0.4787037037037037 0.042708333333333334 0.05
0 0.7916666666666666 0.4740740740740741 0.020833333333333332 0.040740740740740744
0 0.8205729166666667 0.4689814814814815 0.0390625 0.06388888888888888
0 0.8861979166666667 0.4986111111111111 0.027604166666666666 0.07685185185185185
