0 0.14088541666666668 0.49398148148148147 0.05260416666666667 0.062037037037037036
0 0.20625 0.48842592592592593 0.05 0.04537037037037037
0 0.26171875 0.4824074074074074 0.0484375 0.05185185185185185
0 0.32057291666666665 0.4740740740740741 0.0421875 0.05555555555555555
0 0.35 0.48009259259259257 0.03854166666666667 0.041666666666666664
0 0.38828125 0.4847222222222222 0.0140625 0.032407407407407406
0 0.40520833333333334 0.4824074074074074 0.035416666666666666 0.03333333333333333
0 0.4309895833333333 0.4842592592592593 0.0203125 0.027777777777777776
0 0.4557291666666667 0.47962962962962963 0.03229166666666667 0.03518518518518519
0 0.49583333333333335 0.4787037037037037 0.034375 0.040740740740740744
0 0.5497395833333333 0.5064814814814815 0.0953125 0.14074074074074075
0 0.5723958333333333 0.49166666666666664 0.06875 0.14629629629629629
0 0.60859375 0.4981481481481482 0.022395833333333334 0.1037037037037037
0 0.6161458333333333 0.4888888888888889 0.019791666666666666 0.08148148148148149
0 0.6299479166666667 0.48055555555555557 0.0234375 0.04259259259259259
0 0.6869791666666667 0.4828703703703704 0.04479166666666667 0.09351851851851851
0 0.71328125 0.5111111111111111 0.0890625 0.13703703703703704
0 0.7916666666666666 0.49444444444444446 0.06875 0.1037037037037037
0 0.8390625 0.49398148148148147 0.03958333333333333 0.0712962962962963
0 0.984375 0.449537037037037 0.030208333333333334 0.09907407407407408
1 0.9859375 0.48148148148148145 0.019791666666666666 0.10185185185185185
1 0.95859375 0.4791666666666667 0.019270833333333334 0.09907407407407408
1 0.9403645833333333 0.4791666666666667 0.018229166666666668 0.10462962962962963
2 0.5591145833333333 0.30787037037037035 0.030729166666666665 0.01574074074074074
2 0.6536458333333334 0.30694444444444446 0.030208333333333334 0.012037037037037037
2 0.6166666666666667 0.34444444444444444 0.022916666666666665 0.011111111111111112
3 0.58671875 0.2791666666666667 0.0203125 0.032407407407407406
3 0.6075520833333333 0.29814814814814816 0.019270833333333334 0.03333333333333333
3 0.6908854166666667 0.2972222222222222 0.018229166666666668 0.03148148148148148
