2 0.48098958333333336 0.3402777777777778 0.019270833333333334 0.010185185185185186
2 0.5255208333333333 0.3333333333333333 0.019791666666666666 0.011111111111111112
2 0.5216145833333333 0.3541666666666667 0.0109375 0.006481481481481481
2 0.54765625 0.3523148148148148 0.015104166666666667 0.006481481481481481
1 0.9903645833333333 0.41203703703703703 0.015104166666666667 0.044444444444444446
0 0.8984375 0.43657407407407406 0.029166666666666667 0.08055555555555556
0 0.9153645833333334 0.4273148148148148 0.0421875 0.0712962962962963
0 0.9450520833333333 0.4615740740740741 0.10364583333333334 0.11574074074074074
0 0.8372395833333334 0.4046296296296296 0.0453125 0.046296296296296294
0 0.8440104166666667 0.45185185185185184 0.0515625 0.08703703703703704
0 0.5479166666666667 0.4273148148148148 0.041666666666666664 0.058333333333333334
0 0.49557291666666664 0.5199074074074074 0.1046875 0.16203703703703703
0 0.5651041666666666 0.5106481481481482 0.058333333333333334 0.2101851851851852
0 0.70078125 0.6365740740740741 0.3640625 0.49166666666666664
0 0.44114583333333335 0.4791666666666667 0.021875 0.06018518518518518
1 0.44088541666666664 0.47175925925925927 0.021354166666666667 0.06759259259259259
0 0.41354166666666664 0.45601851851851855 0.029166666666666667 0.06574074074074074
0 0.40078125 0.4685185185185185 0.0265625 0.06481481481481481
0 0.37916666666666665 0.46944444444444444 0.03854166666666667 0.07222222222222222
0 0.37395833333333334 0.4773148148148148 0.023958333333333335 0.06944444444444445
0 0.20390625 0.5185185185185185 0.0265625 0.1388888888888889
0 0.29453125 0.5148148148148148 0.1796875 0.24259259259259258
0 0.19401041666666666 0.4699074074074074 0.024479166666666666 0.030555555555555555
0 0.08567708333333333 0.4597222222222222 0.034895833333333334 0.04537037037037037
0 0.1484375 0.5060185185185185 0.09583333333333334 0.11388888888888889
3 0.49609375 0.3300925925925926 0.011979166666666667 0.021296296296296296
3 0.5088541666666667 0.3282407407407407 0.013541666666666667 0.023148148148148147
0 0.5044270833333333 0.4111111111111111 0.0265625 0.027777777777777776
3 0.12421875 0.4203703703703704 0.009895833333333333 0.020370370370370372
