0 0.03854166666666667 0.7731481481481481 0.07708333333333334 0.31666666666666665
0 0.17083333333333334 0.537962962962963 0.057291666666666664 0.053703703703703705
0 0.2911458333333333 0.5254629629629629 0.03229166666666667 0.023148148148148147
0 0.25703125 0.5259259259259259 0.027604166666666666 0.024074074074074074
0 0.3536458333333333 0.5435185185185185 0.0875 0.11851851851851852
0 0.40625 0.5263888888888889 0.0375 0.06759259259259259
0 0.4828125 0.6069444444444444 0.175 0.2490740740740741
0 0.54921875 0.5180555555555556 0.018229166666666668 0.03611111111111111
0 0.5705729166666667 0.5236111111111111 0.0421875 0.05092592592592592
0 0.6130208333333333 0.5444444444444444 0.059375 0.08888888888888889
0 0.68046875 0.5675925925925925 0.1265625 0.14629629629629629
2 0.46380208333333334 0.44907407407407407 0.0109375 0.005555555555555556
2 0.4861979166666667 0.44814814814814813 0.013020833333333334 0.005555555555555556
