3 0.7549479166666667 0.39351851851851855 0.0421875 0.06851851851851852
0 0.38046875 0.5092592592592593 0.015104166666666667 0.03333333333333333
0 0.43125 0.5018518518518519 0.01875 0.044444444444444446
0 0.42994791666666665 0.5046296296296297 0.021354166666666667 0.04259259259259259
0 0.40520833333333334 0.5060185185185185 0.03958333333333333 0.05277777777777778
0 0.3572916666666667 0.5060185185185185 0.027083333333333334 0.04722222222222222
0 0.25755208333333335 0.5083333333333333 0.0265625 0.07777777777777778
0 0.06927083333333334 0.524537037037037 0.13854166666666667 0.17685185185185184
0 0.30625 0.5259259259259259 0.10729166666666666 0.13333333333333333
0 0.48020833333333335 0.5087962962962963 0.07708333333333334 0.1175925925925926
0 0.5247395833333334 0.5027777777777778 0.0203125 0.04259259259259259
0 0.5565104166666667 0.4986111111111111 0.050520833333333334 0.075
