0 0.15572916666666667 0.5425925925925926 0.016666666666666666 0.027777777777777776
0 0.14114583333333333 0.5435185185185185 0.021875 0.022222222222222223
0 0.1875 0.5439814814814815 0.022916666666666665 0.03425925925925926
0 0.29348958333333336 0.5736111111111111 0.019270833333333334 0.023148148148148147
0 0.32265625 0.5888888888888889 0.021354166666666667 0.03333333333333333
0 0.35859375 0.5856481481481481 0.03802083333333333 0.032407407407407406
0 0.346875 0.6314814814814815 0.078125 0.1037037037037037
0 0.4080729166666667 0.5787037037037037 0.043229166666666666 0.09074074074074075
0 0.4231770833333333 0.5925925925925926 0.027604166666666666 0.09259259259259259
0 0.7302083333333333 0.5180555555555556 0.016666666666666666 0.30277777777777776
0 0.5778645833333333 0.4847222222222222 0.29322916666666665 0.6620370370370371
