3 0.7510416666666667 0.3592592592592593 0.020833333333333332 0.037037037037037035
0 0.5020833333333333 0.43796296296296294 0.014583333333333334 0.027777777777777776
0 0.4953125 0.46620370370370373 0.022916666666666665 0.05092592592592592
0 0.47630208333333335 0.44722222222222224 0.0140625 0.03518518518518519
0 0.42083333333333334 0.44212962962962965 0.017708333333333333 0.023148148148148147
0 0.36354166666666665 0.46064814814814814 0.026041666666666668 0.032407407407407406
0 0.35833333333333334 0.46620370370370373 0.016666666666666666 0.026851851851851852
0 0.33880208333333334 0.4722222222222222 0.0234375 0.03888888888888889
0 0.39947916666666666 0.49027777777777776 0.016666666666666666 0.026851851851851852
0 0.38958333333333334 0.500462962962963 0.020833333333333332 0.030555555555555555
0 0.3541666666666667 0.5037037037037037 0.019791666666666666 0.025925925925925925
0 0.33932291666666664 0.5166666666666667 0.024479166666666666 0.02962962962962963
0 0.3255208333333333 0.49027777777777776 0.013541666666666667 0.025
0 0.28802083333333334 0.5023148148148148 0.052083333333333336 0.08055555555555556
0 0.19635416666666666 0.5439814814814815 0.0625 0.0712962962962963
0 0.16041666666666668 0.5476851851851852 0.025 0.049074074074074076
0 0.12239583333333333 0.5518518518518518 0.05 0.05555555555555555
0 0.046614583333333334 0.549074074074074 0.0921875 0.11296296296296296
0 0.021875 0.4685185185185185 0.04375 0.12222222222222222
0 0.496875 0.5148148148148148 0.022916666666666665 0.03333333333333333
0 0.5234375 0.487962962962963 0.016666666666666666 0.03333333333333333
0 0.5421875 0.4930555555555556 0.023958333333333335 0.12314814814814815
0 0.5872395833333334 0.48657407407407405 0.08489583333333334 0.16018518518518518
0 0.6208333333333333 0.5300925925925926 0.08645833333333333 0.11018518518518519
3 0.7723958333333333 0.36203703703703705 0.020833333333333332 0.025925925925925925
3 0.6666666666666666 0.16944444444444445 0.021875 0.037037037037037035
3 0.8265625 0.3972222222222222 0.020833333333333332 0.03888888888888889
0 0.28541666666666665 0.538425925925926 0.0375 0.04537037037037037
0 0.3390625 0.49398148148148147 0.015625 0.017592592592592594
0 0.41015625 0.4842592592592593 0.0140625 0.022222222222222223
0 0.50078125 0.5055555555555555 0.019270833333333334 0.027777777777777776
0 0.4895833333333333 0.5013888888888889 0.016666666666666666 0.026851851851851852
0 0.5247395833333334 0.49953703703703706 0.0109375 0.032407407407407406
0 0.3572916666666667 0.48657407407407405 0.017708333333333333 0.021296296296296296
