0 0.80390625 0.6555555555555556 0.39114583333333336 0.5018518518518519
0 0.9083333333333333 0.3675925925925926 0.18229166666666666 0.3296296296296296
0 0.5484375 0.48055555555555557 0.035416666666666666 0.046296296296296294
0 0.17604166666666668 0.5171296296296296 0.078125 0.08796296296296297
0 0.23828125 0.5046296296296297 0.06197916666666667 0.09074074074074075
0 0.28203125 0.5087962962962963 0.0390625 0.06574074074074074
0 0.30572916666666666 0.49907407407407406 0.04583333333333333 0.06666666666666667
0 0.346875 0.4949074074074074 0.03958333333333333 0.05462962962962963
0 0.3796875 0.4912037037037037 0.035416666666666666 0.04722222222222222
0 0.4434895833333333 0.4787037037037037 0.0296875 0.04259259259259259
0 0.47942708333333334 0.47638888888888886 0.024479166666666666 0.026851851851851852
0 0.5018229166666667 0.4736111111111111 0.0203125 0.025
0 0.021875 0.46574074074074073 0.04375 0.22037037037037038
0 0.08515625 0.46111111111111114 0.1203125 0.24444444444444444
0 0.25625 0.43194444444444446 0.08958333333333333 0.07685185185185185
2 0.42421875 0.21712962962962962 0.044270833333333336 0.021296296296296296
3 0.46510416666666665 0.18611111111111112 0.027083333333333334 0.04814814814814815
3 0.5 0.20555555555555555 0.022916666666666665 0.05
3 0.5791666666666667 0.18055555555555555 0.027083333333333334 0.046296296296296294
0 0.37447916666666664 0.4412037037037037 0.06145833333333333 0.06388888888888888
0 0.40520833333333334 0.46064814814814814 0.04583333333333333 0.09351851851851851
