3 0.5138020833333333 0.16157407407407406 0.04010416666666667 0.06944444444444445
1 0.7216145833333333 0.5259259259259259 0.0265625 0.11481481481481481
0 0.8203125 0.5268518518518519 0.09895833333333333 0.13333333333333333
0 0.7260416666666667 0.5101851851851852 0.09270833333333334 0.08888888888888889
0 0.66953125 0.5180555555555556 0.0390625 0.05277777777777778
1 0.6307291666666667 0.525 0.005208333333333333 0.06111111111111111
0 0.5591145833333333 0.5351851851851852 0.058854166666666666 0.07037037037037037
2 0.4703125 0.45231481481481484 0.0125 0.006481481481481481
2 0.4934895833333333 0.45231481481481484 0.011979166666666667 0.006481481481481481
0 0.5080729166666667 0.5930555555555556 0.13385416666666666 0.1824074074074074
0 0.45807291666666666 0.5217592592592593 0.018229166666666668 0.032407407407407406
0 0.4276041666666667 0.5430555555555555 0.06770833333333333 0.09907407407407408
0 0.3697916666666667 0.5819444444444445 0.1125 0.1675925925925926
0 0.225 0.6370370370370371 0.26666666666666666 0.29259259259259257
0 0.07630208333333334 0.5796296296296296 0.15260416666666668 0.17962962962962964
0 0.027864583333333335 0.7518518518518519 0.05572916666666667 0.3148148148148148
2 0.5005208333333333 0.4666666666666667 0.009375 0.005555555555555556
