0 0.2078125 0.4222222222222222 0.07604166666666666 0.08333333333333333
0 0.26953125 0.42685185185185187 0.044270833333333336 0.05185185185185185
0 0.30234375 0.5138888888888888 0.1296875 0.18333333333333332
0 0.35260416666666666 0.4361111111111111 0.020833333333333332 0.03148148148148148
0 0.39557291666666666 0.4337962962962963 0.0171875 0.026851851851851852
0 0.44557291666666665 0.4652777777777778 0.033854166666666664 0.04537037037037037
0 0.45859375 0.4513888888888889 0.024479166666666666 0.04537037037037037
0 0.49453125 0.45555555555555555 0.024479166666666666 0.040740740740740744
0 0.5145833333333333 0.4787037037037037 0.053125 0.07037037037037037
0 0.5283854166666667 0.4444444444444444 0.0203125 0.04814814814814815
0 0.7291666666666666 0.43148148148148147 0.12291666666666666 0.18888888888888888
