3 0.6875 0.42407407407407405 0.020833333333333332 0.037037037037037035
0 0.7877604166666666 0.38472222222222224 0.0515625 0.028703703703703703
0 0.5208333333333334 0.4115740740740741 0.0125 0.023148148148148147
0 0.45703125 0.4273148148148148 0.0203125 0.03796296296296296
0 0.4119791666666667 0.4361111111111111 0.01875 0.03888888888888889
0 0.5546875 0.49027777777777776 0.035416666666666666 0.05462962962962963
0 0.4822916666666667 0.4305555555555556 0.025 0.024074074074074074
0 0.4596354166666667 0.45740740740740743 0.015104166666666667 0.022222222222222223
0 0.43463541666666666 0.4708333333333333 0.021354166666666667 0.041666666666666664
0 0.48489583333333336 0.4842592592592593 0.04791666666666667 0.08703703703703704
0 0.43125 0.48194444444444445 0.027083333333333334 0.04351851851851852
0 0.3927083333333333 0.5023148148148148 0.07083333333333333 0.09351851851851851
