0 0.031510416666666666 0.4287037037037037 0.06302083333333333 0.08888888888888889
0 0.20416666666666666 0.45601851851851855 0.04791666666666667 0.025
0 0.25703125 0.4476851851851852 0.0390625 0.04351851851851852
0 0.46171875 0.5337962962962963 0.15989583333333332 0.24351851851851852
0 0.7471354166666667 0.5671296296296297 0.19427083333333334 0.24166666666666667
0 0.55625 0.4912037037037037 0.042708333333333334 0.09722222222222222
0 0.5236979166666667 0.45231481481481484 0.011979166666666667 0.03796296296296296
0 0.5783854166666667 0.475462962962963 0.024479166666666666 0.0712962962962963
0 0.6044270833333333 0.45787037037037037 0.025520833333333333 0.06574074074074074
0 0.6153645833333333 0.47824074074074074 0.021354166666666667 0.032407407407407406
0 0.6395833333333333 0.4842592592592593 0.027083333333333334 0.03333333333333333
0 0.67109375 0.4666666666666667 0.019270833333333334 0.025925925925925925
3 0.8528645833333334 0.3435185185185185 0.0140625 0.025925925925925925
0 0.32421875 0.46064814814814814 0.011979166666666667 0.021296296296296296
