0 0.54140625 0.5421296296296296 0.11302083333333333 0.15462962962962962
1 0.44973958333333336 0.5273148148148148 0.011979166666666667 0.04351851851851852
2 0.35182291666666665 0.4356481481481482 0.016145833333333335 0.008333333333333333
2 0.31796875 0.43425925925925923 0.016145833333333335 0.007407407407407408
2 0.28463541666666664 0.4324074074074074 0.016145833333333335 0.007407407407407408
0 0.42265625 0.5291666666666667 0.03177083333333333 0.03981481481481482
0 0.37604166666666666 0.5273148148148148 0.03854166666666667 0.04537037037037037
0 0.378125 0.49722222222222223 0.029166666666666667 0.044444444444444446
0 0.3223958333333333 0.5277777777777778 0.034375 0.044444444444444446
0 0.29322916666666665 0.5333333333333333 0.020833333333333332 0.03518518518518519
0 0.29453125 0.5296296296296297 0.0265625 0.037037037037037035
0 0.26979166666666665 0.5259259259259259 0.03333333333333333 0.046296296296296294
1 0.25078125 0.537962962962963 0.0036458333333333334 0.022222222222222223
0 0.19817708333333334 0.5291666666666667 0.044270833333333336 0.03796296296296296
0 0.20703125 0.5050925925925925 0.034895833333333334 0.03796296296296296
0 0.19140625 0.5175925925925926 0.06927083333333334 0.053703703703703705
0 0.01875 0.5143518518518518 0.0375 0.04351851851851852
