3 0.7078125 0.31342592592592594 0.01875 0.03425925925925926
3 0.6893229166666667 0.32314814814814813 0.019270833333333334 0.03518518518518519
3 0.6684895833333333 0.30925925925925923 0.019270833333333334 0.03333333333333333
2 0.4744791666666667 0.4203703703703704 0.0125 0.007407407407407408
2 0.5106770833333333 0.4199074074074074 0.011979166666666667 0.006481481481481481
2 0.46510416666666665 0.4486111111111111 0.008333333333333333 0.004629629629629629
2 0.4940104166666667 0.449537037037037 0.008854166666666666 0.004629629629629629
0 0.08671875 0.49722222222222223 0.1046875 0.07592592592592592
0 0.13359375 0.5458333333333333 0.0890625 0.09722222222222222
0 0.18411458333333333 0.5421296296296296 0.019270833333333334 0.049074074074074076
0 0.27265625 0.5287037037037037 0.0328125 0.03518518518518519
0 0.3098958333333333 0.5236111111111111 0.027083333333333334 0.03425925925925926
0 0.33359375 0.5231481481481481 0.019270833333333334 0.02962962962962963
0 0.3770833333333333 0.5592592592592592 0.09270833333333334 0.11296296296296296
0 0.4315104166666667 0.5351851851851852 0.043229166666666666 0.06111111111111111
0 0.44583333333333336 0.5277777777777778 0.025 0.04814814814814815
0 0.459375 0.5189814814814815 0.01875 0.03611111111111111
0 0.5111979166666667 0.575925925925926 0.10677083333333333 0.15
0 0.5674479166666667 0.5319444444444444 0.033854166666666664 0.049074074074074076
0 0.6046875 0.549074074074074 0.06875 0.08333333333333333
0 0.6979166666666666 0.5708333333333333 0.12708333333333333 0.14907407407407408
0 0.7526041666666666 0.5 0.08645833333333333 0.2
0 0.78828125 0.5115740740740741 0.0296875 0.21388888888888888
0 0.8895833333333333 0.44212962962962965 0.21770833333333334 0.8842592592592593
