3 0.5901041666666667 0.4166666666666667 0.014583333333333334 0.022222222222222223
3 0.8130208333333333 0.3453703703703704 0.017708333333333333 0.06481481481481481
3 0.9752604166666666 0.2800925925925926 0.0421875 0.09351851851851851
2 0.47604166666666664 0.010648148148148148 0.0625 0.021296296296296296
2 0.6377604166666667 0.011111111111111112 0.0609375 0.022222222222222223
0 0.24713541666666666 0.5097222222222222 0.08802083333333334 0.17685185185185184
0 0.3065104166666667 0.5481481481481482 0.11927083333333334 0.15185185185185185
0 0.38828125 0.5074074074074074 0.09635416666666667 0.1574074074074074
0 0.53046875 0.49398148148148147 0.0578125 0.0712962962962963
0 0.6197916666666666 0.5037037037037037 0.03125 0.08148148148148149
0 0.6338541666666667 0.5106481481481482 0.026041666666666668 0.09722222222222222
0 0.7096354166666666 0.46435185185185185 0.1453125 0.2564814814814815
0 0.40234375 0.4310185185185185 0.0640625 0.07314814814814814
0 0.34427083333333336 0.43796296296296294 0.052083333333333336 0.07777777777777778
