0 0.865625 0.5268518518518519 0.109375 0.1259259259259259
0 0.6841145833333333 0.5296296296296297 0.1015625 0.12777777777777777
0 0.6380208333333334 0.4976851851851852 0.05 0.0824074074074074
0 0.6236979166666666 0.4652777777777778 0.028645833333333332 0.041666666666666664
0 0.5768229166666666 0.4532407407407407 0.024479166666666666 0.03796296296296296
0 0.5622395833333333 0.4638888888888889 0.022395833333333334 0.037037037037037035
0 0.5130208333333334 0.49722222222222223 0.08645833333333333 0.24814814814814815
0 0.38645833333333335 0.6259259259259259 0.33645833333333336 0.4962962962962963
0 0.24739583333333334 0.47175925925925927 0.03125 0.08981481481481482
0 0.2203125 0.5 0.040625 0.044444444444444446
0 0.10651041666666666 0.5481481481481482 0.21302083333333333 0.3611111111111111
3 0.85078125 0.3509259259259259 0.03697916666666667 0.05740740740740741
