3 0.34296875 0.24027777777777778 0.019270833333333334 0.04351851851851852
3 0.4388020833333333 0.31712962962962965 0.015104166666666667 0.026851851851851852
3 0.5403645833333334 0.27037037037037037 0.0203125 0.037037037037037035
2 0.3828125 0.24722222222222223 0.028125 0.016666666666666666
2 0.42161458333333335 0.3296296296296296 0.018229166666666668 0.011111111111111112
2 0.46953125 0.3263888888888889 0.018229166666666668 0.010185185185185186
1 0.3151041666666667 0.5023148148148148 0.019791666666666666 0.075
1 0.3377604166666667 0.4981481481481482 0.0234375 0.07592592592592592
1 0.35885416666666664 0.4981481481481482 0.009375 0.07037037037037037
1 0.5669270833333333 0.48055555555555557 0.0140625 0.10925925925925926
1 0.7971354166666667 0.4837962962962963 0.0515625 0.2324074074074074
0 0.1421875 0.4652777777777778 0.25625 0.3787037037037037
0 0.28125 0.5314814814814814 0.034375 0.11851851851851852
0 0.35520833333333335 0.49675925925925923 0.036458333333333336 0.06018518518518518
0 0.39869791666666665 0.47638888888888886 0.0609375 0.08425925925925926
0 0.4635416666666667 0.5851851851851851 0.203125 0.29074074074074074
1 0.03359375 0.513425925925926 0.005729166666666666 0.04722222222222222
3 0.4518229166666667 0.3175925925925926 0.013020833333333334 0.024074074074074074
