3 0.7729166666666667 0.2023148148148148 0.026041666666666668 0.049074074074074076
0 0.8401041666666667 0.49444444444444446 0.07395833333333333 0.11296296296296296
0 0.7338541666666667 0.5462962962962963 0.19166666666666668 0.23148148148148148
0 0.6307291666666667 0.47962962962962963 0.04895833333333333 0.053703703703703705
0 0.5447916666666667 0.4134259259259259 0.11770833333333333 0.24722222222222223
0 0.44921875 0.5745370370370371 0.20677083333333332 0.2935185185185185
0 0.28854166666666664 0.47685185185185186 0.028125 0.040740740740740744
0 0.24661458333333333 0.47824074074074074 0.028645833333333332 0.04722222222222222
0 0.2109375 0.4828703703703704 0.046875 0.06388888888888888
0 0.18046875 0.47175925925925927 0.0171875 0.03425925925925926
0 0.14140625 0.4861111111111111 0.09427083333333333 0.07407407407407407
0 0.10104166666666667 0.47824074074074074 0.03125 0.05462962962962963
0 0.029947916666666668 0.4847222222222222 0.059895833333333336 0.0787037037037037
