0 0.0125 0.3282407407407407 0.025 0.15833333333333333
0 0.49270833333333336 0.20555555555555555 0.013541666666666667 0.027777777777777776
0 0.48046875 0.20879629629629629 0.022395833333333334 0.030555555555555555
0 0.5229166666666667 0.20462962962962963 0.019791666666666666 0.027777777777777776
0 0.48020833333333335 0.3125 0.04895833333333333 0.06759259259259259
0 0.5828125 0.19675925925925927 0.015625 0.023148148148148147
0 0.5958333333333333 0.2037037037037037 0.023958333333333335 0.027777777777777776
0 0.59765625 0.21296296296296297 0.027604166666666666 0.03518518518518519
0 0.6184895833333334 0.19537037037037036 0.0171875 0.025925925925925925
0 0.6200520833333333 0.19907407407407407 0.0140625 0.025925925925925925
0 0.63203125 0.20185185185185187 0.013020833333333334 0.027777777777777776
0 0.646875 0.2023148148148148 0.030208333333333334 0.03611111111111111
0 0.65703125 0.22916666666666666 0.028645833333333332 0.049074074074074076
0 0.6692708333333334 0.2449074074074074 0.034375 0.04722222222222222
0 0.6815104166666667 0.22777777777777777 0.024479166666666666 0.040740740740740744
0 0.7026041666666667 0.2324074074074074 0.027083333333333334 0.03518518518518519
0 0.7078125 0.24074074074074073 0.030208333333333334 0.044444444444444446
0 0.7177083333333333 0.2518518518518518 0.028125 0.046296296296296294
0 0.7236979166666667 0.26064814814814813 0.0296875 0.05277777777777778
0 0.7231770833333333 0.2708333333333333 0.021354166666666667 0.05462962962962963
0 0.7515625 0.27685185185185185 0.04791666666666667 0.07407407407407407
0 0.6986979166666667 0.2037037037037037 0.05572916666666667 0.02962962962962963
0 0.5513020833333333 0.5662037037037037 0.24739583333333334 0.38055555555555554
0 0.7760416666666666 0.44074074074074077 0.14583333333333334 0.17222222222222222
0 0.8151041666666666 0.5356481481481481 0.18020833333333333 0.21388888888888888
0 0.9565104166666667 0.5717592592592593 0.0859375 0.5768518518518518
1 0.32317708333333334 0.3416666666666667 0.0453125 0.05185185185185185
1 0.32083333333333336 0.32685185185185184 0.016666666666666666 0.07962962962962963
1 0.27239583333333334 0.32083333333333336 0.009375 0.075
1 0.22421875 0.3263888888888889 0.011979166666666667 0.08055555555555556
1 0.8403645833333333 0.3162037037037037 0.0171875 0.07314814814814814
1 0.9502604166666667 0.3101851851851852 0.0171875 0.06851851851851852
1 0.8552083333333333 0.25833333333333336 0.013541666666666667 0.06296296296296296
3 0.65625 0.06296296296296296 0.019791666666666666 0.044444444444444446
2 0.70078125 0.07314814814814814 0.04010416666666667 0.018518518518518517
2 0.61328125 0.07777777777777778 0.04010416666666667 0.018518518518518517
2 0.5864583333333333 0.1 0.015625 0.007407407407407408
2 0.61875 0.09907407407407408 0.016666666666666666 0.007407407407407408
2 0.5747395833333333 0.12731481481481483 0.0109375 0.004629629629629629
