0 0.8921875 0.6509259259259259 0.21458333333333332 0.48333333333333334
0 0.60546875 0.5120370370370371 0.10885416666666667 0.17037037037037037
0 0.3841145833333333 0.4689814814814815 0.028645833333333332 0.06018518518518518
0 0.34453125 0.4791666666666667 0.03177083333333333 0.041666666666666664
0 0.3341145833333333 0.4666666666666667 0.018229166666666668 0.025925925925925925
0 0.29192708333333334 0.45046296296296295 0.0390625 0.062037037037037036
0 0.26901041666666664 0.5180555555555556 0.09427083333333333 0.12685185185185185
0 0.21328125 0.44305555555555554 0.0265625 0.019444444444444445
0 0.1515625 0.39814814814814814 0.014583333333333334 0.027777777777777776
0 0.11015625 0.4486111111111111 0.0203125 0.019444444444444445
0 0.4328125 0.5069444444444444 0.10729166666666666 0.16018518518518518
