0 0.6515625 0.475462962962963 0.1125 0.21944444444444444
0 0.5466145833333333 0.4837962962962963 0.058854166666666666 0.09166666666666666
0 0.5010416666666667 0.4791666666666667 0.03229166666666667 0.049074074074074076
0 0.46822916666666664 0.4708333333333333 0.019791666666666666 0.03425925925925926
0 0.4395833333333333 0.46620370370370373 0.014583333333333334 0.05648148148148148
0 0.41432291666666665 0.48518518518518516 0.05364583333333333 0.07407407407407407
0 0.34661458333333334 0.5 0.0671875 0.08888888888888889
0 0.2630208333333333 0.4634259259259259 0.022916666666666665 0.049074074074074076
0 0.2265625 0.47175925925925927 0.03333333333333333 0.041666666666666664
0 0.18697916666666667 0.47962962962962963 0.06041666666666667 0.046296296296296294
