3 0.7895833333333333 0.19537037037037036 0.065625 0.10555555555555556
3 0.7255208333333333 0.29305555555555557 0.030208333333333334 0.05462962962962963
3 0.6708333333333333 0.2949074074074074 0.023958333333333335 0.05462962962962963
3 0.67109375 0.350462962962963 0.0234375 0.05648148148148148
0 0.18385416666666668 0.5268518518518519 0.021875 0.06296296296296296
0 0.359375 0.4912037037037037 0.04375 0.05648148148148148
0 0.42734375 0.4837962962962963 0.019270833333333334 0.025
0 0.47552083333333334 0.5078703703703704 0.026041666666666668 0.10277777777777777
0 0.5236979166666667 0.5310185185185186 0.11302083333333333 0.1712962962962963
0 0.5645833333333333 0.4773148148148148 0.04583333333333333 0.08425925925925926
1 0.5828125 0.5046296296296297 0.013541666666666667 0.05185185185185185
0 0.6182291666666667 0.4842592592592593 0.078125 0.05555555555555555
3 0.28541666666666665 0.425 0.0125 0.03148148148148148
