0 0.13020833333333334 0.5777777777777777 0.2604166666666667 0.6814814814814815
0 0.20260416666666667 0.5138888888888888 0.084375 0.20555555555555555
0 0.27369791666666665 0.5930555555555556 0.15364583333333334 0.33796296296296297
0 0.37265625 0.6185185185185185 0.0609375 0.13148148148148148
0 0.39010416666666664 0.5986111111111111 0.09375 0.10648148148148148
0 0.35520833333333335 0.5009259259259259 0.10416666666666667 0.11851851851851852
3 0.3971354166666667 0.3773148148148148 0.030729166666666665 0.05462962962962963
1 0.6208333333333333 0.5995370370370371 0.021875 0.0712962962962963
0 0.7760416666666666 0.5814814814814815 0.22708333333333333 0.22037037037037038
0 0.97421875 0.7777777777777778 0.050520833333333334 0.2111111111111111
