0 0.82734375 0.5328703703703703 0.2390625 0.15462962962962962
2 0.4591145833333333 0.17222222222222222 0.0578125 0.03518518518518519
3 0.39947916666666666 0.14166666666666666 0.029166666666666667 0.06666666666666667
2 0.34453125 0.18888888888888888 0.05572916666666667 0.03148148148148148
0 0.2328125 0.5560185185185185 0.078125 0.09722222222222222
0 0.7286458333333333 0.5032407407407408 0.026041666666666668 0.05462962962962963
0 0.6890625 0.5120370370370371 0.020833333333333332 0.037037037037037035
0 0.6640625 0.5300925925925926 0.040625 0.04351851851851852
0 0.5166666666666667 0.5310185185185186 0.016666666666666666 0.023148148148148147
0 0.0078125 0.687962962962963 0.015625 0.1388888888888889
