0 0.05 0.5342592592592592 0.1 0.16666666666666666
0 0.12578125 0.5175925925925926 0.0671875 0.10740740740740741
0 0.17734375 0.5203703703703704 0.05260416666666667 0.08333333333333333
0 0.2078125 0.5148148148148148 0.036458333333333336 0.06851851851851852
0 0.25755208333333335 0.5083333333333333 0.06822916666666666 0.09444444444444444
0 0.3260416666666667 0.5027777777777778 0.04583333333333333 0.05
0 0.5072916666666667 0.5199074074074074 0.09270833333333334 0.125
0 0.5752604166666667 0.5009259259259259 0.043229166666666666 0.053703703703703705
0 0.56015625 0.5064814814814815 0.0265625 0.044444444444444446
1 0.7098958333333333 0.49907407407407406 0.009375 0.040740740740740744
0 0.7924479166666667 0.48518518518518516 0.04114583333333333 0.06481481481481481
0 0.9723958333333333 0.46944444444444444 0.05416666666666667 0.09444444444444444
2 0.2911458333333333 0.36018518518518516 0.019791666666666666 0.014814814814814815
2 0.5231770833333333 0.38055555555555554 0.016145833333333335 0.011111111111111112
2 0.5833333333333334 0.375 0.016666666666666666 0.009259259259259259
3 0.5533854166666666 0.36944444444444446 0.0140625 0.025925925925925925
3 0.5671875 0.36944444444444446 0.013541666666666667 0.025925925925925925
3 0.6921875 0.45231481481481484 0.011458333333333333 0.021296296296296296
