0 0.9166666666666666 0.586574074074074 0.165625 0.4324074074074074
0 0.8296875 0.5569444444444445 0.11875 0.225
0 0.7994791666666666 0.44351851851851853 0.12291666666666666 0.1037037037037037
0 0.025520833333333333 0.3962962962962963 0.051041666666666666 0.1
0 0.10546875 0.3925925925925926 0.11302083333333333 0.10555555555555556
0 0.25234375 0.4337962962962963 0.18385416666666668 0.14722222222222223
0 0.0984375 0.4537037037037037 0.15729166666666666 0.09814814814814815
0 0.340625 0.6097222222222223 0.13020833333333334 0.38055555555555554
0 0.5791666666666667 0.6768518518518518 0.5083333333333333 0.6444444444444445
2 0.5583333333333333 0.3236111111111111 0.020833333333333332 0.012037037037037037
2 0.5002604166666667 0.32083333333333336 0.021354166666666667 0.013888888888888888
3 0.5328125 0.3125 0.017708333333333333 0.030555555555555555
