2 0.446875 0.2273148148148148 0.022916666666666665 0.010185185185185186
3 0.48203125 0.34074074074074073 0.022395833333333334 0.04259259259259259
0 0.07864583333333333 0.38055555555555554 0.15729166666666666 0.17222222222222222
0 0.012239583333333333 0.5185185185185185 0.024479166666666666 0.1537037037037037
0 0.14192708333333334 0.5662037037037037 0.2838541666666667 0.3824074074074074
0 0.4361979166666667 0.20972222222222223 0.018229166666666668 0.023148148148148147
0 0.42630208333333336 0.23981481481481481 0.021354166666666667 0.03888888888888889
0 0.42083333333333334 0.2601851851851852 0.022916666666666665 0.03518518518518519
0 0.41796875 0.2828703703703704 0.024479166666666666 0.03611111111111111
0 0.3984375 0.30462962962962964 0.03229166666666667 0.024074074074074074
0 0.4046875 0.3347222222222222 0.042708333333333334 0.04722222222222222
0 0.3065104166666667 0.3435185185185185 0.1734375 0.10925925925925926
0 0.32473958333333336 0.3435185185185185 0.0578125 0.044444444444444446
0 0.25885416666666666 0.3537037037037037 0.0625 0.05555555555555555
0 0.3015625 0.4 0.07395833333333333 0.04259259259259259
0 0.46067708333333335 0.23333333333333334 0.0203125 0.02962962962962963
0 0.4596354166666667 0.26435185185185184 0.025520833333333333 0.05092592592592592
0 0.45807291666666666 0.3050925925925926 0.0296875 0.04351851851851852
0 0.40390625 0.43796296296296294 0.05364583333333333 0.09444444444444444
0 0.41015625 0.46620370370370373 0.025520833333333333 0.09722222222222222
0 0.37057291666666664 0.44675925925925924 0.07135416666666666 0.11018518518518519
0 0.35989583333333336 0.49166666666666664 0.08229166666666667 0.14814814814814814
0 0.3455729166666667 0.5217592592592593 0.0421875 0.16018518518518518
0 0.2903645833333333 0.5282407407407408 0.11614583333333334 0.2490740740740741
0 0.49270833333333336 0.22685185185185186 0.019791666666666666 0.03148148148148148
0 0.49609375 0.24074074074074073 0.021354166666666667 0.03333333333333333
0 0.4979166666666667 0.26296296296296295 0.023958333333333335 0.03333333333333333
0 0.49947916666666664 0.487962962962963 0.08541666666666667 0.11296296296296296
0 0.5963541666666666 0.3662037037037037 0.071875 0.04537037037037037
0 0.59296875 0.425462962962963 0.0546875 0.07314814814814814
2 0.37083333333333335 0.16620370370370371 0.023958333333333335 0.01574074074074074
