0 0.25833333333333336 0.549074074074074 0.05416666666666667 0.05740740740740741
0 0.3421875 0.5398148148148149 0.05625 0.05925925925925926
0 0.3734375 0.5319444444444444 0.017708333333333333 0.030555555555555555
0 0.38984375 0.5300925925925926 0.0171875 0.026851851851851852
0 0.4046875 0.5263888888888889 0.016666666666666666 0.023148148148148147
0 0.446875 0.5226851851851851 0.020833333333333332 0.026851851851851852
0 0.515625 0.5569444444444445 0.11770833333333333 0.19166666666666668
0 0.5911458333333334 0.5324074074074074 0.040625 0.06111111111111111
0 0.6330729166666667 0.5189814814814815 0.05677083333333333 0.049074074074074076
0 0.6856770833333333 0.5106481481481482 0.0328125 0.03611111111111111
1 0.6395833333333333 0.512962962962963 0.008333333333333333 0.046296296296296294
2 0.5299479166666666 0.45555555555555555 0.0109375 0.005555555555555556
2 0.5494791666666666 0.4546296296296296 0.011458333333333333 0.005555555555555556
3 0.5747395833333333 0.3597222222222222 0.016145833333333335 0.03425925925925926
3 0.6736979166666667 0.43425925925925923 0.011979166666666667 0.022222222222222223
1 0.23333333333333334 0.5263888888888889 0.008333333333333333 0.03981481481481482
