3 0.82109375 0.2125 0.0296875 0.05277777777777778
3 0.8502604166666666 0.2273148148148148 0.030729166666666665 0.06388888888888888
2 0.7802083333333333 0.2513888888888889 0.046875 0.021296296296296296
2 0.91015625 0.2523148148148148 0.049479166666666664 0.023148148148148147
0 0.8872395833333333 0.5370370370370371 0.08802083333333334 0.12962962962962962
0 0.7768229166666667 0.5328703703703703 0.07135416666666666 0.10462962962962963
0 0.65703125 0.5310185185185186 0.0328125 0.06759259259259259
0 0.6942708333333333 0.5657407407407408 0.06979166666666667 0.07222222222222222
0 0.5864583333333333 0.549537037037037 0.026041666666666668 0.041666666666666664
0 0.5567708333333333 0.5578703703703703 0.041666666666666664 0.05462962962962963
0 0.49114583333333334 0.5694444444444444 0.07291666666666667 0.10925925925925926
0 0.44609375 0.5444444444444444 0.019270833333333334 0.037037037037037035
0 0.41067708333333336 0.5504629629629629 0.0265625 0.04351851851851852
0 0.3927083333333333 0.549537037037037 0.011458333333333333 0.030555555555555555
0 0.25807291666666665 0.5689814814814815 0.0515625 0.05462962962962963
0 0.29583333333333334 0.5361111111111111 0.03229166666666667 0.07962962962962963
0 0.31927083333333334 0.5402777777777777 0.016666666666666666 0.06018518518518518
0 0.3419270833333333 0.5347222222222222 0.03177083333333333 0.06388888888888888
0 0.3684895833333333 0.5296296296296297 0.024479166666666666 0.05925925925925926
0 0.4119791666666667 0.5212962962962963 0.0375 0.024074074074074074
0 0.42864583333333334 0.5453703703703704 0.013541666666666667 0.027777777777777776
0 0.6356770833333333 0.5296296296296297 0.016145833333333335 0.06296296296296296
