0 0.9338541666666667 0.44027777777777777 0.13125 0.8805555555555555
0 0.8515625 0.5509259259259259 0.08854166666666667 0.17592592592592593
0 0.48359375 0.5356481481481481 0.022395833333333334 0.04722222222222222
0 0.46822916666666664 0.5254629629629629 0.020833333333333332 0.032407407407407406
0 0.60703125 0.5138888888888888 0.0421875 0.08333333333333333
0 0.5151041666666667 0.5254629629629629 0.04895833333333333 0.10277777777777777
0 0.53828125 0.5111111111111111 0.011979166666666667 0.05
0 0.4817708333333333 0.4976851851851852 0.028125 0.041666666666666664
0 0.40182291666666664 0.5032407407407408 0.0171875 0.026851851851851852
0 0.3802083333333333 0.5037037037037037 0.015625 0.027777777777777776
0 0.11484375 0.4287037037037037 0.2296875 0.17407407407407408
