0 0.07213541666666666 0.6671296296296296 0.14427083333333332 0.48055555555555557
0 0.32395833333333335 0.5277777777777778 0.11354166666666667 0.15
0 0.39010416666666664 0.5180555555555556 0.03854166666666667 0.08055555555555556
0 0.49322916666666666 0.6037037037037037 0.2375 0.3333333333333333
3 0.6453125 0.36018518518518516 0.020833333333333332 0.040740740740740744
3 0.8421875 0.28425925925925927 0.071875 0.13148148148148148
1 0.9614583333333333 0.4949074074074074 0.023958333333333335 0.06944444444444445
0 0.9627604166666667 0.5152777777777777 0.04635416666666667 0.062037037037037036
2 0.3606770833333333 0.2050925925925926 0.0484375 0.023148148148148147
1 0.8994791666666667 0.49907407407407406 0.0375 0.29259259259259257
1 0.8588541666666667 0.45046296296296295 0.05 0.21944444444444444
1 0.815625 0.46064814814814814 0.03333333333333333 0.18981481481481483
1 0.7796875 0.5050925925925925 0.04583333333333333 0.2916666666666667
1 0.634375 0.49722222222222223 0.008333333333333333 0.03148148148148148
1 0.6291666666666667 0.5143518518518518 0.00625 0.030555555555555555
