0 0.0625 0.5546296296296296 0.125 0.20925925925925926
0 0.3268229166666667 0.5092592592592593 0.0546875 0.06851851851851852
0 0.3924479166666667 0.5064814814814815 0.0359375 0.044444444444444446
0 0.41015625 0.4736111111111111 0.015104166666666667 0.028703703703703703
0 0.43723958333333335 0.5060185185185185 0.04010416666666667 0.05462962962962963
0 0.4903645833333333 0.5138888888888888 0.07552083333333333 0.09814814814814815
0 0.47291666666666665 0.46944444444444444 0.025 0.03148148148148148
0 0.51015625 0.4842592592592593 0.0453125 0.10925925925925926
0 0.5640625 0.4824074074074074 0.03958333333333333 0.08333333333333333
0 0.5872395833333334 0.5050925925925925 0.0328125 0.05648148148148148
0 0.6231770833333333 0.5097222222222222 0.06197916666666667 0.0787037037037037
0 0.6541666666666667 0.5009259259259259 0.017708333333333333 0.053703703703703705
0 0.6205729166666667 0.4532407407407407 0.050520833333333334 0.05092592592592592
