0 0.2513020833333333 0.5259259259259259 0.1640625 0.2388888888888889
0 0.38359375 0.42083333333333334 0.04635416666666667 0.0787037037037037
0 0.3984375 0.4532407407407407 0.03958333333333333 0.05092592592592592
0 0.39791666666666664 0.4324074074074074 0.034375 0.03333333333333333
0 0.4205729166666667 0.43148148148148147 0.019270833333333334 0.03148148148148148
0 0.5375 0.5347222222222222 0.23125 0.3472222222222222
1 0.740625 0.41759259259259257 0.022916666666666665 0.07592592592592592
0 0.9489583333333333 0.5013888888888889 0.10104166666666667 0.225
3 0.525 0.26157407407407407 0.016666666666666666 0.030555555555555555
2 0.4859375 0.3435185185185185 0.014583333333333334 0.009259259259259259
2 0.4546875 0.3421296296296296 0.014583333333333334 0.008333333333333333
2 0.48125 0.2740740740740741 0.029166666666666667 0.012962962962962963
2 0.5479166666666667 0.2722222222222222 0.029166666666666667 0.012962962962962963
