2 0.43333333333333335 0.35833333333333334 0.014583333333333334 0.007407407407407408
2 0.39505208333333336 0.2763888888888889 0.0234375 0.013888888888888888
2 0.4588541666666667 0.275 0.023958333333333335 0.014814814814814815
3 0.4875 0.26481481481481484 0.019791666666666666 0.03518518518518519
3 0.42526041666666664 0.2638888888888889 0.015104166666666667 0.03518518518518519
3 0.6526041666666667 0.31157407407407406 0.03333333333333333 0.06018518518518518
3 0.6513020833333333 0.24675925925925926 0.04635416666666667 0.07314814814814814
0 0.72265625 0.43842592592592594 0.08697916666666666 0.11388888888888889
0 0.571875 0.47314814814814815 0.08541666666666667 0.07777777777777778
0 0.48411458333333335 0.41574074074074074 0.09114583333333333 0.14074074074074075
0 0.4869791666666667 0.45092592592592595 0.078125 0.044444444444444446
0 0.49505208333333334 0.49722222222222223 0.08697916666666666 0.10740740740740741
0 0.46041666666666664 0.5537037037037037 0.15729166666666666 0.21851851851851853
0 0.08984375 0.5703703703703704 0.1796875 0.6592592592592592
0 0.19140625 0.4791666666666667 0.06822916666666666 0.0787037037037037
0 0.25625 0.4425925925925926 0.06145833333333333 0.024074074074074074
0 0.24166666666666667 0.5509259259259259 0.16666666666666666 0.20925925925925926
0 0.3328125 0.513425925925926 0.090625 0.14166666666666666
0 0.35911458333333335 0.4935185185185185 0.0796875 0.13148148148148148
0 0.39479166666666665 0.47453703703703703 0.026041666666666668 0.0712962962962963
0 0.40286458333333336 0.44537037037037036 0.0234375 0.044444444444444446
