0 0.09635416666666667 0.4615740740740741 0.0375 0.03981481481481482
3 0.22734375 0.4398148148148148 0.011979166666666667 0.024074074074074074
0 0.3059895833333333 0.5259259259259259 0.10364583333333334 0.13703703703703704
0 0.40598958333333335 0.5027777777777778 0.043229166666666666 0.06296296296296296
0 0.4328125 0.48518518518518516 0.029166666666666667 0.05740740740740741
0 0.4861979166666667 0.5333333333333333 0.11197916666666667 0.15185185185185185
0 0.4861979166666667 0.4351851851851852 0.03802083333333333 0.046296296296296294
0 0.5286458333333334 0.48148148148148145 0.014583333333333334 0.03888888888888889
0 0.5526041666666667 0.49907407407407406 0.030208333333333334 0.05
0 0.5783854166666667 0.5152777777777777 0.0390625 0.07685185185185185
0 0.6354166666666666 0.46111111111111114 0.09166666666666666 0.24259259259259258
