3 0.3932291666666667 0.10925925925925926 0.01875 0.03333333333333333
3 0.6901041666666666 0.25416666666666665 0.022916666666666665 0.04351851851851852
3 0.903125 0.3375 0.030208333333333334 0.05462962962962963
3 0.3567708333333333 0.14444444444444443 0.03958333333333333 0.05740740740740741
3 0.5580729166666667 0.3907407407407407 0.019270833333333334 0.03333333333333333
3 0.5419270833333333 0.42314814814814816 0.011979166666666667 0.022222222222222223
0 0.0421875 0.4652777777777778 0.084375 0.062037037037037036
0 0.1734375 0.4587962962962963 0.0625 0.03425925925925926
0 0.2708333333333333 0.4962962962962963 0.12604166666666666 0.15925925925925927
0 0.3736979166666667 0.4689814814814815 0.0640625 0.0824074074074074
0 0.41328125 0.4773148148148148 0.028645833333333332 0.049074074074074076
0 0.4361979166666667 0.4842592592592593 0.016145833333333335 0.03333333333333333
0 0.4817708333333333 0.4726851851851852 0.09479166666666666 0.15092592592592594
0 0.5872395833333334 0.4287037037037037 0.015104166666666667 0.022222222222222223
0 0.5776041666666667 0.4550925925925926 0.025 0.03611111111111111
0 0.6109375 0.44675925925925924 0.022916666666666665 0.032407407407407406
0 0.7309895833333333 0.4648148148148148 0.058854166666666666 0.07407407407407407
