2 0.5333333333333333 0.31851851851851853 0.01875 0.009259259259259259
2 0.5705729166666667 0.31342592592592594 0.0109375 0.012037037037037037
2 0.5453125 0.33611111111111114 0.01875 0.009259259259259259
0 0.7479166666666667 0.4162037037037037 0.0375 0.09537037037037037
0 0.5934895833333333 0.44814814814814813 0.013020833333333334 0.06296296296296296
0 0.5552083333333333 0.46111111111111114 0.08229166666666667 0.1574074074074074
0 0.48463541666666665 0.4986111111111111 0.1578125 0.21574074074074073
0 0.41510416666666666 0.4550925925925926 0.026041666666666668 0.0787037037037037
0 0.2484375 0.46111111111111114 0.09583333333333334 0.12962962962962962
0 0.12994791666666666 0.46296296296296297 0.06197916666666667 0.0962962962962963
1 0.058333333333333334 0.4847222222222222 0.015625 0.06388888888888888
1 0.06901041666666667 0.48564814814814816 0.0171875 0.062037037037037036
0 0.053125 0.4615740740740741 0.0625 0.08981481481481482
1 0.73671875 0.45416666666666666 0.013020833333333334 0.06759259259259259
2 0.5044270833333333 0.33935185185185185 0.016145833333333335 0.006481481481481481
