0 0.8471354166666667 0.43194444444444446 0.3046875 0.862037037037037
0 0.7020833333333333 0.4625 0.026041666666666668 0.13796296296296295
0 0.69453125 0.4671296296296296 0.0203125 0.11388888888888889
0 0.67890625 0.48009259259259257 0.016145833333333335 0.0787037037037037
0 0.6802083333333333 0.44583333333333336 0.019791666666666666 0.03611111111111111
0 0.509375 0.350462962962963 0.13333333333333333 0.15092592592592594
0 0.5114583333333333 0.45185185185185184 0.190625 0.3685185185185185
0 0.6260416666666667 0.44212962962962965 0.09895833333333333 0.18981481481481483
0 0.40625 0.4638888888888889 0.015625 0.025925925925925925
0 0.39114583333333336 0.46574074074074073 0.014583333333333334 0.037037037037037035
0 0.3697916666666667 0.4587962962962963 0.0375 0.062037037037037036
0 0.33515625 0.4685185185185185 0.0328125 0.05925925925925926
0 0.29713541666666665 0.4583333333333333 0.044270833333333336 0.09259259259259259
0 0.27734375 0.4837962962962963 0.03177083333333333 0.06018518518518518
0 0.25 0.4861111111111111 0.04479166666666667 0.06111111111111111
0 0.22708333333333333 0.4810185185185185 0.019791666666666666 0.041666666666666664
0 0.11536458333333334 0.4199074074074074 0.0890625 0.04351851851851852
0 0.0421875 0.5347222222222222 0.084375 0.22870370370370371
0 0.12838541666666667 0.5726851851851852 0.24010416666666667 0.28425925925925927
