3 0.78359375 0.4166666666666667 0.0140625 0.022222222222222223
2 0.6825520833333333 0.12407407407407407 0.06510416666666667 0.03148148148148148
1 0.5989583333333334 0.6648148148148149 0.209375 0.5611111111111111
0 0.5861979166666667 0.736574074074074 0.19427083333333334 0.4898148148148148
1 0.12682291666666667 0.5180555555555556 0.0265625 0.10462962962962963
0 0.12890625 0.5291666666666667 0.034895833333333334 0.0787037037037037
0 0.034375 0.5583333333333333 0.06875 0.15185185185185185
0 0.03203125 0.5009259259259259 0.0515625 0.03148148148148148
0 0.08828125 0.5208333333333334 0.06510416666666667 0.08055555555555556
0 0.15078125 0.5222222222222223 0.0203125 0.06481481481481481
0 0.18203125 0.5171296296296296 0.0703125 0.0787037037037037
0 0.19817708333333334 0.4615740740740741 0.08697916666666666 0.062037037037037036
0 0.21953125 0.49212962962962964 0.028645833333333332 0.026851851851851852
0 0.26171875 0.4615740740740741 0.050520833333333334 0.049074074074074076
0 0.31614583333333335 0.5212962962962963 0.20833333333333334 0.11851851851851852
0 0.52421875 0.49212962962962964 0.0546875 0.0712962962962963
0 0.5682291666666667 0.48657407407407405 0.03125 0.030555555555555555
0 0.64765625 0.5027777777777778 0.049479166666666664 0.09074074074074075
0 0.7046875 0.4976851851851852 0.04375 0.05648148148148148
1 0.9890625 0.49166666666666664 0.020833333333333332 0.1037037037037037
