0 0.19895833333333332 0.4393518518518518 0.04583333333333333 0.041666666666666664
0 0.29270833333333335 0.4222222222222222 0.06354166666666666 0.06666666666666667
0 0.39427083333333335 0.4685185185185185 0.06979166666666667 0.11481481481481481
0 0.4822916666666667 0.4935185185185185 0.084375 0.10740740740740741
0 0.5059895833333333 0.4388888888888889 0.027604166666666666 0.06111111111111111
0 0.5333333333333333 0.4625 0.021875 0.032407407407407406
0 0.5739583333333333 0.4324074074074074 0.057291666666666664 0.12777777777777777
0 0.60703125 0.48009259259259257 0.06927083333333334 0.08796296296296297
0 0.7229166666666667 0.5208333333333334 0.11041666666666666 0.15648148148148147
0 0.8776041666666666 0.5504629629629629 0.24375 0.5120370370370371
3 0.8455729166666667 0.15231481481481482 0.0515625 0.08055555555555556
