0 0.028645833333333332 0.5087962962962963 0.042708333333333334 0.023148148148148147
0 0.05651041666666667 0.5407407407407407 0.033854166666666664 0.03888888888888889
0 0.029427083333333333 0.537962962962963 0.03177083333333333 0.04814814814814815
0 0.010416666666666666 0.538425925925926 0.020833333333333332 0.058333333333333334
0 0.10859375 0.524537037037037 0.0609375 0.06388888888888888
0 0.17447916666666666 0.5208333333333334 0.06770833333333333 0.06388888888888888
0 0.23046875 0.5138888888888888 0.05572916666666667 0.07037037037037037
0 0.28619791666666666 0.5388888888888889 0.08802083333333334 0.2537037037037037
3 0.5684895833333333 0.45231481481481484 0.0140625 0.025
0 0.6838541666666667 0.4263888888888889 0.06875 0.125
0 0.7520833333333333 0.4212962962962963 0.09479166666666666 0.18518518518518517
0 0.8544270833333333 0.5398148148148149 0.29010416666666666 0.4074074074074074
0 0.43671875 0.624537037037037 0.3421875 0.475
0 0.6559895833333333 0.5152777777777777 0.1234375 0.1527777777777778
