0 0.04375 0.5138888888888888 0.0875 0.08703703703703704
1 0.15963541666666667 0.5550925925925926 0.04114583333333333 0.2824074074074074
1 0.19479166666666667 0.5555555555555556 0.06145833333333333 0.25925925925925924
1 0.29348958333333336 0.5425925925925926 0.06614583333333333 0.26481481481481484
0 0.29322916666666665 0.5342592592592592 0.11041666666666666 0.16296296296296298
0 0.3606770833333333 0.41203703703703703 0.030729166666666665 0.025925925925925925
0 0.36015625 0.42592592592592593 0.019270833333333334 0.03148148148148148
0 0.3497395833333333 0.44027777777777777 0.024479166666666666 0.05462962962962963
0 0.33697916666666666 0.44583333333333336 0.025 0.05648148148148148
0 0.31666666666666665 0.45 0.057291666666666664 0.05555555555555555
2 0.4153645833333333 0.3435185185185185 0.013020833333333334 0.005555555555555556
2 0.44453125 0.34120370370370373 0.013020833333333334 0.006481481481481481
0 0.7661458333333333 0.48935185185185187 0.06041666666666667 0.10648148148148148
0 0.8627604166666667 0.4462962962962963 0.15260416666666668 0.2796296296296296
0 0.9018229166666667 0.5342592592592592 0.0859375 0.19444444444444445
0 0.9557291666666666 0.5851851851851851 0.0875 0.7388888888888889
0 0.5505208333333333 0.6810185185185185 0.5697916666666667 0.6361111111111111
3 0.68125 0.08472222222222223 0.013541666666666667 0.023148148148148147
