1 0.0828125 0.5476851851851852 0.017708333333333333 0.09537037037037037
0 0.04296875 0.600925925925926 0.0859375 0.16111111111111112
0 0.21614583333333334 0.500462962962963 0.12604166666666666 0.06018518518518518
0 0.26458333333333334 0.5648148148148148 0.0875 0.1
0 0.46041666666666664 0.5453703703703704 0.06041666666666667 0.07222222222222222
0 0.6072916666666667 0.5296296296296297 0.03854166666666667 0.044444444444444446
0 0.6265625 0.5143518518518518 0.019791666666666666 0.023148148148148147
0 0.6247395833333333 0.524074074074074 0.0140625 0.025925925925925925
0 0.64765625 0.5263888888888889 0.0203125 0.03611111111111111
0 0.66171875 0.524537037037037 0.0203125 0.04351851851851852
0 0.6763020833333333 0.49398148148148147 0.0171875 0.2101851851851852
0 0.72890625 0.5009259259259259 0.11302083333333333 0.26481481481481484
0 0.7322916666666667 0.5921296296296297 0.090625 0.17314814814814813
0 0.8645833333333334 0.5523148148148148 0.2125 0.36944444444444446
0 0.9760416666666667 0.8074074074074075 0.046875 0.38333333333333336
