0 0.011197916666666667 0.5106481481481482 0.022395833333333334 0.05092592592592592
0 0.04791666666666667 0.5162037037037037 0.022916666666666665 0.049074074074074076
0 0.08125 0.5087962962962963 0.0625 0.062037037037037036
0 0.13828125 0.5046296296296297 0.03177083333333333 0.046296296296296294
0 0.14739583333333334 0.5055555555555555 0.016666666666666666 0.037037037037037035
0 0.16875 0.5060185185185185 0.04895833333333333 0.04537037037037037
0 0.26614583333333336 0.4962962962962963 0.04583333333333333 0.037037037037037035
0 0.30625 0.47962962962962963 0.014583333333333334 0.025925925925925925
0 0.33697916666666666 0.48009259259259257 0.01875 0.023148148148148147
0 0.7625 0.49675925925925923 0.04479166666666667 0.05277777777777778
2 0.57109375 0.3726851851851852 0.0140625 0.008333333333333333
2 0.6088541666666667 0.37175925925925923 0.013541666666666667 0.008333333333333333
2 0.6463541666666667 0.37083333333333335 0.013541666666666667 0.008333333333333333
