1 0.20182291666666666 0.5444444444444444 0.0203125 0.10185185185185185
1 0.3372395833333333 0.5268518518518519 0.013020833333333334 0.07222222222222222
0 0.40651041666666665 0.5375 0.04635416666666667 0.06388888888888888
0 0.4552083333333333 0.5375 0.03125 0.03425925925925926
0 0.4739583333333333 0.524537037037037 0.022916666666666665 0.030555555555555555
0 0.4901041666666667 0.5351851851851852 0.03229166666666667 0.040740740740740744
0 0.5247395833333334 0.5375 0.03177083333333333 0.03796296296296296
0 0.534375 0.5305555555555556 0.015625 0.03333333333333333
0 0.4973958333333333 0.49907407407407406 0.015625 0.03148148148148148
2 0.49921875 0.45046296296296295 0.011979166666666667 0.004629629629629629
2 0.5158854166666667 0.45046296296296295 0.011979166666666667 0.004629629629629629
0 0.56640625 0.5194444444444445 0.044270833333333336 0.03518518518518519
1 0.5643229166666667 0.5324074074074074 0.008854166666666666 0.04259259259259259
0 0.5869791666666667 0.5212962962962963 0.0375 0.037037037037037035
0 0.6388020833333333 0.5726851851851852 0.027604166666666666 0.11388888888888889
