0 0.0671875 0.4925925925925926 0.07291666666666667 0.1
0 0.12552083333333333 0.4930555555555556 0.03229166666666667 0.026851851851851852
0 0.15260416666666668 0.49722222222222223 0.028125 0.022222222222222223
0 0.18802083333333333 0.5009259259259259 0.017708333333333333 0.02962962962962963
0 0.41901041666666666 0.5773148148148148 0.17760416666666667 0.25277777777777777
0 0.5111979166666667 0.43796296296296294 0.11614583333333334 0.2611111111111111
0 0.6270833333333333 0.525 0.07708333333333334 0.0962962962962963
0 0.7828125 0.5152777777777777 0.057291666666666664 0.0712962962962963
3 0.7302083333333333 0.23148148148148148 0.03125 0.05740740740740741
2 0.4578125 0.4162037037037037 0.009375 0.008333333333333333
