0 0.4549479166666667 0.5425925925925926 0.043229166666666666 0.05925925925925926
0 0.5190104166666667 0.5453703703703704 0.0515625 0.07037037037037037
0 0.56171875 0.5199074074074074 0.0171875 0.023148148148148147
0 0.6169270833333333 0.5185185185185185 0.0265625 0.044444444444444446
0 0.7395833333333334 0.5120370370370371 0.057291666666666664 0.10185185185185185
0 0.2994791666666667 0.5324074074074074 0.023958333333333335 0.027777777777777776
0 0.31354166666666666 0.5314814814814814 0.015625 0.027777777777777776
0 0.24166666666666667 0.5328703703703703 0.04583333333333333 0.023148148148148147
0 0.17760416666666667 0.5351851851851852 0.06458333333333334 0.044444444444444446
0 0.022916666666666665 0.5532407407407407 0.04583333333333333 0.04722222222222222
0 0.0078125 0.5564814814814815 0.015625 0.037037037037037035
0 0.07760416666666667 0.5435185185185185 0.04375 0.03888888888888889
0 0.15833333333333333 0.5467592592592593 0.042708333333333334 0.03425925925925926
2 0.46197916666666666 0.387037037037037 0.017708333333333333 0.009259259259259259
2 0.515625 0.38564814814814813 0.017708333333333333 0.010185185185185186
2 0.5197916666666667 0.43148148148148147 0.010416666666666666 0.007407407407407408
3 0.58984375 0.34120370370370373 0.0171875 0.03425925925925926
