0 0.9307291666666667 0.549074074074074 0.1375 0.46111111111111114
0 0.853125 0.5523148148148148 0.06979166666666667 0.25462962962962965
0 0.72109375 0.5009259259259259 0.09947916666666666 0.16111111111111112
0 0.6635416666666667 0.4986111111111111 0.041666666666666664 0.11018518518518519
3 0.7684895833333333 0.26805555555555555 0.0234375 0.041666666666666664
0 0.5401041666666667 0.6370370370370371 0.2916666666666667 0.42962962962962964
0 0.39114583333333336 0.513425925925926 0.08958333333333333 0.14537037037037037
0 0.43515625 0.45092592592592595 0.027604166666666666 0.027777777777777776
0 0.3416666666666667 0.47962962962962963 0.03229166666666667 0.04814814814814815
0 0.30807291666666664 0.49398148148148147 0.05260416666666667 0.0712962962962963
0 0.27734375 0.4925925925925926 0.019270833333333334 0.03888888888888889
0 0.2546875 0.4898148148148148 0.027083333333333334 0.05185185185185185
0 0.24036458333333333 0.4981481481481482 0.0203125 0.044444444444444446
0 0.20703125 0.45740740740740743 0.0453125 0.04259259259259259
0 0.1734375 0.4888888888888889 0.042708333333333334 0.046296296296296294
0 0.20234375 0.5148148148148148 0.08072916666666667 0.09074074074074075
0 0.1390625 0.5037037037037037 0.04791666666666667 0.06851851851851852
0 0.09609375 0.6680555555555555 0.1921875 0.5027777777777778
0 0.009895833333333333 0.36064814814814816 0.019791666666666666 0.11203703703703703
2 0.49609375 0.3578703703703704 0.015104166666666667 0.008333333333333333
2 0.5442708333333334 0.35509259259259257 0.014583333333333334 0.008333333333333333
0 0.5104166666666666 0.4152777777777778 0.042708333333333334 0.021296296296296296
