0 0.06041666666666667 0.6023148148148149 0.11041666666666666 0.10092592592592593
0 0.28229166666666666 0.5625 0.04479166666666667 0.05092592592592592
0 0.35078125 0.5421296296296296 0.07552083333333333 0.10833333333333334
3 0.23723958333333334 0.5009259259259259 0.015104166666666667 0.02962962962962963
0 0.58046875 0.537962962962963 0.0484375 0.06296296296296296
0 0.48333333333333334 0.5287037037037037 0.019791666666666666 0.027777777777777776
0 0.54140625 0.5222222222222223 0.016145833333333335 0.022222222222222223
0 0.41953125 0.5185185185185185 0.019270833333333334 0.03518518518518519
0 0.46640625 0.5217592592592593 0.016145833333333335 0.026851851851851852
2 0.5161458333333333 0.45601851851851855 0.010416666666666666 0.004629629629629629
2 0.5388020833333333 0.4537037037037037 0.0109375 0.005555555555555556
