0 0.4591145833333333 0.5606481481481481 0.0171875 0.032407407407407406
0 0.47161458333333334 0.5625 0.016145833333333335 0.04537037037037037
0 0.4822916666666667 0.5652777777777778 0.026041666666666668 0.049074074074074076
0 0.5018229166666667 0.5699074074074074 0.044270833333333336 0.06018518518518518
0 0.36614583333333334 0.5708333333333333 0.040625 0.06018518518518518
0 0.5111979166666667 0.36018518518518516 0.03802083333333333 0.03148148148148148
1 0.059375 0.4060185185185185 0.008333333333333333 0.028703703703703703
1 0.07369791666666667 0.4023148148148148 0.009895833333333333 0.023148148148148147
1 0.6411458333333333 0.37546296296296294 0.007291666666666667 0.030555555555555555
1 0.73515625 0.39305555555555555 0.013020833333333334 0.041666666666666664
1 0.75390625 0.3912037037037037 0.0109375 0.04722222222222222
1 0.7716145833333333 0.3958333333333333 0.0171875 0.04722222222222222
0 0.14010416666666667 0.5898148148148148 0.03958333333333333 0.02962962962962963
0 0.038802083333333334 0.5995370370370371 0.06510416666666667 0.04537037037037037
0 0.27682291666666664 0.37777777777777777 0.033854166666666664 0.022222222222222223
3 0.9705729166666667 0.046296296296296294 0.028645833333333332 0.04814814814814815
3 0.34661458333333334 0.46435185185185185 0.0140625 0.025
