0 0.1234375 0.3837962962962963 0.15416666666666667 0.11203703703703703
0 0.28802083333333334 0.3972222222222222 0.09270833333333334 0.10555555555555556
0 0.884375 0.6106481481481482 0.23020833333333332 0.42685185185185187
0 0.6533854166666667 0.5069444444444444 0.1046875 0.13240740740740742
0 0.47734375 0.5148148148148148 0.1109375 0.14814814814814814
0 0.5247395833333334 0.475 0.022395833333333334 0.040740740740740744
0 0.4869791666666667 0.42916666666666664 0.035416666666666666 0.026851851851851852
0 0.4127604166666667 0.45046296296296295 0.021354166666666667 0.03796296296296296
0 0.42265625 0.4671296296296296 0.016145833333333335 0.025
0 0.43307291666666664 0.4699074074074074 0.013020833333333334 0.026851851851851852
