0 0.008072916666666667 0.5032407407407408 0.016145833333333335 0.025
0 0.0375 0.5555555555555556 0.075 0.09444444444444444
0 0.09947916666666666 0.5518518518518518 0.06354166666666666 0.07222222222222222
0 0.17421875 0.549074074074074 0.04010416666666667 0.05555555555555555
0 0.18958333333333333 0.5476851851851852 0.026041666666666668 0.06018518518518518
0 0.25052083333333336 0.5518518518518518 0.11458333333333333 0.1388888888888889
0 0.31953125 0.5412037037037037 0.03697916666666667 0.05092592592592592
0 0.36640625 0.5402777777777777 0.03177083333333333 0.09166666666666666
0 0.3958333333333333 0.5435185185185185 0.046875 0.14629629629629629
0 0.6065104166666667 0.6662037037037037 0.46822916666666664 0.6657407407407407
1 0.9203125 0.5111111111111111 0.03229166666666667 0.19074074074074074
2 0.2734375 0.14444444444444443 0.06041666666666667 0.027777777777777776
2 0.40130208333333334 0.14166666666666666 0.059895833333333336 0.027777777777777776
2 0.52734375 0.3175925925925926 0.033854166666666664 0.016666666666666666
2 0.6 0.3148148148148148 0.034375 0.016666666666666666
3 0.46145833333333336 0.11805555555555555 0.03854166666666667 0.06759259259259259
3 0.5583333333333333 0.28425925925925927 0.021875 0.03888888888888889
