2 0.60390625 0.33287037037037037 0.0265625 0.01574074074074074
2 0.5489583333333333 0.3347222222222222 0.027083333333333334 0.01574074074074074
3 0.5760416666666667 0.3148148148148148 0.020833333333333332 0.03333333333333333
1 0.022135416666666668 0.5328703703703703 0.018229166666666668 0.11203703703703703
1 0.055989583333333336 0.5263888888888889 0.008854166666666666 0.06388888888888888
0 0.28177083333333336 0.5462962962962963 0.06875 0.10925925925925926
0 0.3333333333333333 0.5694444444444444 0.036458333333333336 0.046296296296296294
0 0.4041666666666667 0.5680555555555555 0.022916666666666665 0.032407407407407406
0 0.4903645833333333 0.5643518518518519 0.15052083333333333 0.2101851851851852
0 0.5947916666666667 0.5347222222222222 0.078125 0.11574074074074074
0 0.6755208333333333 0.562962962962963 0.06770833333333333 0.21851851851851853
0 0.8411458333333334 0.48148148148148145 0.31666666666666665 0.5777777777777777
