3 0.7080729166666667 0.3087962962962963 0.022395833333333334 0.03981481481481482
3 0.52421875 0.2972222222222222 0.0140625 0.025925925925925925
2 0.628125 0.425462962962963 0.00625 0.004629629629629629
0 0.6403645833333333 0.45925925925925926 0.027604166666666666 0.053703703703703705
0 0.9122395833333333 0.44305555555555554 0.10364583333333334 0.13425925925925927
0 0.8674479166666667 0.4388888888888889 0.09427083333333333 0.13703703703703704
0 0.571875 0.44212962962962965 0.01875 0.025
0 0.5432291666666667 0.44675925925925924 0.021875 0.03425925925925926
0 0.53125 0.4527777777777778 0.026041666666666668 0.040740740740740744
0 0.515625 0.4675925925925926 0.041666666666666664 0.05925925925925926
0 0.43697916666666664 0.4564814814814815 0.027083333333333334 0.04259259259259259
0 0.46640625 0.4634259259259259 0.034895833333333334 0.04537037037037037
0 0.41640625 0.48055555555555557 0.05364583333333333 0.08148148148148149
0 0.36875 0.4601851851851852 0.020833333333333332 0.024074074074074074
0 0.3411458333333333 0.4550925925925926 0.029166666666666667 0.041666666666666664
0 0.10416666666666667 0.48935185185185187 0.020833333333333332 0.03981481481481482
0 0.027083333333333334 0.49398148148148147 0.05416666666666667 0.05277777777777778
0 0.06614583333333333 0.4759259259259259 0.06770833333333333 0.07777777777777778
1 0.09036458333333333 0.48055555555555557 0.005729166666666666 0.05555555555555555
0 0.10651041666666666 0.5421296296296296 0.024479166666666666 0.14537037037037037
0 0.22760416666666666 0.5689814814814815 0.2552083333333333 0.3416666666666667
