0 0.04348958333333333 0.5675925925925925 0.08697916666666666 0.1037037037037037
0 0.17708333333333334 0.5430555555555555 0.12916666666666668 0.10092592592592593
0 0.27369791666666665 0.5648148148148148 0.049479166666666664 0.06666666666666667
0 0.43697916666666664 0.5527777777777778 0.036458333333333336 0.024074074074074074
0 0.5125 0.6287037037037037 0.16458333333333333 0.22407407407407406
0 0.8270833333333333 0.6527777777777778 0.24375 0.28703703703703703
2 0.47369791666666666 0.38842592592592595 0.021354166666666667 0.010185185185185186
2 0.5270833333333333 0.387037037037037 0.020833333333333332 0.011111111111111112
2 0.47994791666666664 0.46064814814814814 0.013020833333333334 0.006481481481481481
2 0.5161458333333333 0.4597222222222222 0.0125 0.006481481481481481
3 0.5080729166666667 0.3726851851851852 0.0171875 0.03425925925925926
3 0.5455729166666666 0.37824074074074077 0.016145833333333335 0.028703703703703703
3 0.50078125 0.4513888888888889 0.009895833333333333 0.019444444444444445
