0 0.046614583333333334 0.5675925925925925 0.09322916666666667 0.16296296296296298
0 0.11171875 0.5513888888888889 0.09322916666666667 0.13240740740740742
0 0.15520833333333334 0.5333333333333333 0.08541666666666667 0.13333333333333333
0 0.29921875 0.5111111111111111 0.0515625 0.07407407407407407
0 0.3229166666666667 0.5087962962962963 0.015625 0.06574074074074074
0 0.3533854166666667 0.4583333333333333 0.0734375 0.1425925925925926
0 0.4119791666666667 0.4703703703703704 0.034375 0.025925925925925925
0 0.4278645833333333 0.48842592592592593 0.030729166666666665 0.026851851851851852
0 0.4765625 0.48055555555555557 0.034375 0.044444444444444446
0 0.5088541666666667 0.48657407407407405 0.01875 0.03425925925925926
0 0.52109375 0.4861111111111111 0.018229166666666668 0.03518518518518519
0 0.5377604166666666 0.48564814814814816 0.028645833333333332 0.03981481481481482
0 0.5848958333333333 0.4675925925925926 0.05520833333333333 0.13518518518518519
0 0.5880208333333333 0.5023148148148148 0.028125 0.075
0 0.6153645833333333 0.5055555555555555 0.05260416666666667 0.08518518518518518
0 0.6721354166666667 0.5148148148148148 0.08489583333333334 0.14629629629629629
0 0.6859375 0.5333333333333333 0.08125 0.15555555555555556
0 0.7338541666666667 0.549074074074074 0.090625 0.19444444444444445
0 0.8388020833333333 0.5615740740740741 0.1921875 0.2935185185185185
0 0.9229166666666667 0.6263888888888889 0.153125 0.39166666666666666
