0 0.01015625 0.5837962962962963 0.0203125 0.13425925925925927
0 0.32760416666666664 0.48009259259259257 0.03854166666666667 0.058333333333333334
0 0.36744791666666665 0.49537037037037035 0.025520833333333333 0.03333333333333333
0 0.35104166666666664 0.4787037037037037 0.0125 0.022222222222222223
0 0.4856770833333333 0.4976851851851852 0.0328125 0.05277777777777778
0 0.5440104166666667 0.47453703703703703 0.04114583333333333 0.06759259259259259
2 0.5 0.2388888888888889 0.035416666666666666 0.024074074074074074
3 0.6096354166666667 0.2763888888888889 0.0265625 0.04722222222222222
3 0.6359375 0.26851851851851855 0.026041666666666668 0.046296296296296294
3 0.6640625 0.2638888888888889 0.03333333333333333 0.05555555555555555
2 0.51875 0.39305555555555555 0.0125 0.006481481481481481
2 0.50859375 0.3958333333333333 0.013020833333333334 0.006481481481481481
2 0.48932291666666666 0.39490740740740743 0.013020833333333334 0.006481481481481481
2 0.4778645833333333 0.3958333333333333 0.009895833333333333 0.006481481481481481
