3 0.39817708333333335 0.3907407407407407 0.0234375 0.04259259259259259
3 0.5015625 0.13194444444444445 0.027083333333333334 0.049074074074074076
2 0.13385416666666666 0.3416666666666667 0.014583333333333334 0.009259259259259259
2 0.16979166666666667 0.34120370370370373 0.014583333333333334 0.008333333333333333
2 0.051041666666666666 0.41898148148148145 0.004166666666666667 0.006481481481481481
0 0.06875 0.5055555555555555 0.1375 0.09444444444444444
0 0.02265625 0.45740740740740743 0.0453125 0.06851851851851852
0 0.14036458333333332 0.4708333333333333 0.0515625 0.075
0 0.16953125 0.4888888888888889 0.06510416666666667 0.0962962962962963
0 0.20104166666666667 0.4773148148148148 0.019791666666666666 0.04537037037037037
0 0.24947916666666667 0.48148148148148145 0.029166666666666667 0.05185185185185185
0 0.3494791666666667 0.5893518518518519 0.25104166666666666 0.33796296296296297
0 0.59375 0.5388888888888889 0.18020833333333333 0.21296296296296297
0 0.8239583333333333 0.5013888888888889 0.21979166666666666 0.1935185185185185
1 0.6901041666666666 0.5097222222222222 0.034375 0.1787037037037037
