0 0.09453125 0.5856481481481481 0.1890625 0.32685185185185184
0 0.22239583333333332 0.5287037037037037 0.14166666666666666 0.18333333333333332
0 0.31223958333333335 0.5083333333333333 0.08489583333333334 0.13333333333333333
0 0.353125 0.4550925925925926 0.028125 0.023148148148148147
0 0.45989583333333334 0.5453703703703704 0.22708333333333333 0.3611111111111111
0 0.55625 0.43472222222222223 0.023958333333333335 0.030555555555555555
0 0.575 0.4675925925925926 0.04791666666666667 0.07962962962962963
0 0.6419270833333334 0.4888888888888889 0.07447916666666667 0.13148148148148148
0 0.7122395833333334 0.524537037037037 0.1421875 0.17685185185185184
3 0.4822916666666667 0.11944444444444445 0.028125 0.05555555555555555
3 0.4505208333333333 0.12361111111111112 0.028125 0.05462962962962963
