0 0.3377604166666667 0.5087962962962963 0.025520833333333333 0.04722222222222222
0 0.36822916666666666 0.500462962962963 0.04895833333333333 0.06018518518518518
0 0.3841145833333333 0.5032407407407408 0.0546875 0.05462962962962963
0 0.45416666666666666 0.5023148148148148 0.03958333333333333 0.03611111111111111
0 0.5192708333333333 0.4912037037037037 0.03125 0.04537037037037037
0 0.5388020833333333 0.5041666666666667 0.04739583333333333 0.06759259259259259
0 0.6294270833333333 0.55 0.1546875 0.23333333333333334
0 0.7119791666666667 0.5032407407407408 0.042708333333333334 0.06388888888888888
0 0.7309895833333333 0.49074074074074076 0.0171875 0.037037037037037035
0 0.7513020833333334 0.4912037037037037 0.0234375 0.032407407407407406
1 0.32864583333333336 0.49074074074074076 0.007291666666666667 0.027777777777777776
