1 0.11848958333333333 0.4888888888888889 0.0265625 0.18333333333333332
1 0.6091145833333333 0.46435185185185185 0.019270833333333334 0.06388888888888888
1 0.8841145833333334 0.625462962962963 0.14739583333333334 0.6583333333333333
1 0.9869791666666666 0.47962962962962963 0.025 0.22407407407407406
1 0.8791666666666667 0.7875 0.13333333333333333 0.42314814814814816
1 0.7122395833333334 0.4148148148148148 0.0067708333333333336 0.03333333333333333
2 0.5932291666666667 0.2 0.030208333333333334 0.016666666666666666
2 0.6739583333333333 0.19537037037037036 0.030208333333333334 0.016666666666666666
3 0.6223958333333334 0.17916666666666667 0.026041666666666668 0.04722222222222222
3 0.6450520833333333 0.1814814814814815 0.022395833333333334 0.040740740740740744
0 0.6088541666666667 0.48055555555555557 0.022916666666666665 0.05925925925925926
0 0.6268229166666667 0.44212962962962965 0.0265625 0.06388888888888888
0 0.6546875 0.4527777777777778 0.04895833333333333 0.1037037037037037
0 0.6809895833333334 0.41898148148148145 0.021354166666666667 0.03981481481481482
0 0.8169270833333333 0.5046296296296297 0.2526041666666667 0.4203703703703704
0 0.3692708333333333 0.6921296296296297 0.45729166666666665 0.6138888888888889
0 0.48515625 0.5064814814814815 0.25364583333333335 0.43333333333333335
1 0.9692708333333333 0.5638888888888889 0.040625 0.12407407407407407
1 0.6828125 0.4449074074074074 0.0125 0.03981481481481482
3 0.6973958333333333 0.32314814814814813 0.0125 0.024074074074074074
