0 0.12395833333333334 0.462037037037037 0.06770833333333333 0.07592592592592592
0 0.23255208333333333 0.4083333333333333 0.03802083333333333 0.044444444444444446
0 0.2752604166666667 0.4444444444444444 0.049479166666666664 0.06111111111111111
0 0.2908854166666667 0.425 0.0265625 0.03888888888888889
0 0.31276041666666665 0.41574074074074074 0.019270833333333334 0.03333333333333333
0 0.32473958333333336 0.43287037037037035 0.033854166666666664 0.04537037037037037
0 0.3296875 0.4083333333333333 0.01875 0.027777777777777776
0 0.3359375 0.4013888888888889 0.015625 0.025
0 0.34713541666666664 0.3921296296296296 0.016145833333333335 0.023148148148148147
0 0.3619791666666667 0.4046296296296296 0.023958333333333335 0.04259259259259259
0 0.4203125 0.4027777777777778 0.016666666666666666 0.024074074074074074
0 0.4236979166666667 0.42777777777777776 0.015104166666666667 0.05740740740740741
0 0.44869791666666664 0.4050925925925926 0.0421875 0.075
0 0.45260416666666664 0.4638888888888889 0.059375 0.08148148148148149
0 0.5065104166666666 0.4449074074074074 0.04010416666666667 0.06018518518518518
0 0.5815104166666667 0.4791666666666667 0.07447916666666667 0.09351851851851851
0 0.7270833333333333 0.4861111111111111 0.090625 0.11851851851851852
3 0.6255208333333333 0.31851851851851853 0.015625 0.027777777777777776
0 0.12317708333333334 0.3449074074074074 0.11302083333333333 0.09537037037037037
