3 0.8885416666666667 0.4449074074074074 0.023958333333333335 0.04537037037037037
3 0.7403645833333333 0.2962962962962963 0.022395833333333334 0.03888888888888889
3 0.7174479166666666 0.29768518518518516 0.022395833333333334 0.03981481481481482
3 0.6934895833333333 0.29907407407407405 0.022395833333333334 0.03888888888888889
2 0.525 0.3106481481481482 0.036458333333333336 0.01574074074074074
2 0.59609375 0.3125 0.03697916666666667 0.017592592592592594
2 0.66171875 0.3125 0.0359375 0.017592592592592594
0 0.21927083333333333 0.5069444444444444 0.12395833333333334 0.14722222222222223
0 0.33958333333333335 0.48333333333333334 0.06354166666666666 0.07962962962962963
0 0.41640625 0.4976851851851852 0.044270833333333336 0.04351851851851852
0 0.5755208333333334 0.5078703703703704 0.023958333333333335 0.03981481481481482
0 0.7635416666666667 0.4962962962962963 0.05416666666666667 0.03148148148148148
0 0.30130208333333336 0.5444444444444444 0.06197916666666667 0.06111111111111111
0 0.33828125 0.5412037037037037 0.024479166666666666 0.049074074074074076
0 0.36354166666666665 0.5458333333333333 0.051041666666666666 0.062037037037037036
0 0.37864583333333335 0.5199074074074074 0.035416666666666666 0.030555555555555555
0 0.4080729166666667 0.5412037037037037 0.0421875 0.05277777777777778
0 0.4395833333333333 0.5328703703703703 0.034375 0.05277777777777778
0 0.4661458333333333 0.5324074074074074 0.025 0.03888888888888889
0 0.48359375 0.5291666666666667 0.0234375 0.03981481481481482
0 0.4986979166666667 0.5282407407407408 0.015104166666666667 0.03796296296296296
0 0.5104166666666666 0.5291666666666667 0.017708333333333333 0.030555555555555555
0 0.521875 0.5254629629629629 0.01875 0.032407407407407406
0 0.5348958333333333 0.524537037037037 0.014583333333333334 0.028703703703703703
0 0.3416666666666667 0.49675925925925923 0.1 0.03611111111111111
