0 0.8497395833333333 0.4078703703703704 0.1109375 0.12314814814814815
0 0.8940104166666667 0.43472222222222223 0.2109375 0.1787037037037037
2 0.61328125 0.4083333333333333 0.011979166666666667 0.007407407407407408
2 0.6419270833333334 0.40370370370370373 0.013020833333333334 0.007407407407407408
0 0.6528645833333333 0.49212962962962964 0.0265625 0.028703703703703703
0 0.5833333333333334 0.5013888888888889 0.03333333333333333 0.04351851851851852
0 0.5067708333333333 0.5018518518518519 0.03229166666666667 0.037037037037037035
0 0.45651041666666664 0.5013888888888889 0.030729166666666665 0.03425925925925926
0 0.42421875 0.5171296296296296 0.0421875 0.049074074074074076
0 0.37916666666666665 0.5055555555555555 0.03854166666666667 0.02962962962962963
0 0.3065104166666667 0.5106481481481482 0.0390625 0.03611111111111111
0 0.15546875 0.5226851851851851 0.0640625 0.05277777777777778
0 0.05807291666666667 0.5819444444444445 0.11614583333333334 0.20833333333333334
