3 0.5838541666666667 0.27175925925925926 0.017708333333333333 0.032407407407407406
3 0.6028645833333334 0.27037037037037037 0.0171875 0.02962962962962963
2 0.5486979166666667 0.36064814814814816 0.016145833333333335 0.006481481481481481
0 0.084375 0.5574074074074075 0.16875 0.25
0 0.39817708333333335 0.5064814814814815 0.07552083333333333 0.09444444444444444
0 0.41171875 0.4615740740740741 0.027604166666666666 0.028703703703703703
1 0.3307291666666667 0.46574074074074073 0.008333333333333333 0.04259259259259259
0 0.45807291666666666 0.45231481481481484 0.04635416666666667 0.1175925925925926
0 0.48776041666666664 0.4708333333333333 0.0140625 0.03611111111111111
0 0.5458333333333333 0.5037037037037037 0.10729166666666666 0.15925925925925927
0 0.6184895833333334 0.4671296296296296 0.018229166666666668 0.025
0 0.6255208333333333 0.4930555555555556 0.04895833333333333 0.06018518518518518
0 0.6830729166666667 0.5162037037037037 0.09114583333333333 0.1398148148148148
0 0.7596354166666667 0.4875 0.018229166666666668 0.04722222222222222
3 0.64453125 0.40925925925925927 0.013020833333333334 0.024074074074074074
0 0.49765625 0.4648148148148148 0.0140625 0.025925925925925925
0 0.6169270833333333 0.44722222222222224 0.021354166666666667 0.05
