2 0.5270833333333333 0.06666666666666667 0.08333333333333333 0.03888888888888889
2 0.7125 0.06620370370370371 0.08333333333333333 0.03611111111111111
3 0.5979166666666667 0.029166666666666667 0.041666666666666664 0.058333333333333334
3 0.6442708333333333 0.03981481481481482 0.05 0.07962962962962963
0 0.09453125 0.5555555555555556 0.18802083333333333 0.35185185185185186
0 0.15104166666666666 0.5652777777777778 0.084375 0.10462962962962963
0 0.17942708333333332 0.5537037037037037 0.0390625 0.08518518518518518
0 0.25 0.5569444444444445 0.07708333333333334 0.08055555555555556
0 0.2986979166666667 0.5449074074074074 0.03802083333333333 0.049074074074074076
0 0.35651041666666666 0.5476851851851852 0.0609375 0.07685185185185185
0 0.4046875 0.5287037037037037 0.013541666666666667 0.025925925925925925
0 0.421875 0.5365740740740741 0.036458333333333336 0.04537037037037037
0 0.51171875 0.49953703703703706 0.08697916666666666 0.18055555555555555
0 0.5752604166666667 0.5212962962962963 0.0140625 0.027777777777777776
0 0.58203125 0.5259259259259259 0.018229166666666668 0.024074074074074074
0 0.634375 0.5087962962962963 0.040625 0.06574074074074074
0 0.83046875 0.44537037037037036 0.3380208333333333 0.8907407407407407
