3 0.18671875 0.449537037037037 0.0140625 0.025
3 0.275 0.33240740740740743 0.0125 0.024074074074074074
0 0.07838541666666667 0.5171296296296296 0.07135416666666666 0.05092592592592592
0 0.14479166666666668 0.5097222222222222 0.03958333333333333 0.049074074074074076
0 0.21119791666666668 0.5027777777777778 0.08489583333333334 0.06481481481481481
0 0.23177083333333334 0.5722222222222222 0.13854166666666667 0.18333333333333332
0 0.30625 0.5166666666666667 0.06458333333333334 0.0962962962962963
0 0.34401041666666665 0.5125 0.0359375 0.07314814814814814
0 0.3658854166666667 0.5018518518518519 0.011979166666666667 0.044444444444444446
0 0.37734375 0.5236111111111111 0.0453125 0.10833333333333334
0 0.38958333333333334 0.48148148148148145 0.028125 0.037037037037037035
0 0.48880208333333336 0.6407407407407407 0.2859375 0.3888888888888889
0 0.74609375 0.5148148148148148 0.2671875 0.18333333333333332
1 0.02890625 0.5342592592592592 0.0265625 0.12777777777777777
1 0.06848958333333334 0.5162037037037037 0.013020833333333334 0.05648148148148148
1 0.06875 0.5305555555555556 0.013541666666666667 0.03888888888888889
1 0.3572916666666667 0.4861111111111111 0.008333333333333333 0.027777777777777776
1 0.5466145833333333 0.44166666666666665 0.013020833333333334 0.020370370370370372
1 0.6192708333333333 0.5162037037037037 0.027083333333333334 0.14351851851851852
1 0.9049479166666666 0.5814814814814815 0.07447916666666667 0.40555555555555556
