0 0.05234375 0.5074074074074074 0.09739583333333333 0.1111111111111111
0 0.1625 0.500462962962963 0.10625 0.14351851851851852
0 0.22057291666666667 0.47638888888888886 0.018229166666666668 0.03425925925925926
0 0.23385416666666667 0.4708333333333333 0.0125 0.030555555555555555
0 0.259375 0.47638888888888886 0.019791666666666666 0.03425925925925926
0 0.26510416666666664 0.47453703703703703 0.020833333333333332 0.03796296296296296
0 0.303125 0.4726851851851852 0.03229166666666667 0.032407407407407406
0 0.40572916666666664 0.4740740740740741 0.020833333333333332 0.03148148148148148
0 0.41302083333333334 0.48194444444444445 0.019791666666666666 0.04537037037037037
0 0.47994791666666664 0.5555555555555556 0.16927083333333334 0.2351851851851852
0 0.5385416666666667 0.4263888888888889 0.09270833333333334 0.21388888888888888
0 0.59453125 0.48055555555555557 0.018229166666666668 0.06111111111111111
0 0.6716145833333333 0.5324074074074074 0.14427083333333332 0.17592592592592593
0 0.8640625 0.5254629629629629 0.14791666666666667 0.16203703703703703
