2 0.9549479166666667 0.09537037037037037 0.06302083333333333 0.03148148148148148
2 0.8223958333333333 0.10185185185185185 0.06354166666666666 0.03148148148148148
3 0.3424479166666667 0.3453703703703704 0.015104166666666667 0.03148148148148148
1 0.010677083333333334 0.5370370370370371 0.021354166666666667 0.19074074074074074
1 0.013020833333333334 0.5291666666666667 0.01875 0.19166666666666668
1 0.19609375 0.487962962962963 0.018229166666666668 0.07962962962962963
1 0.30364583333333334 0.4962962962962963 0.029166666666666667 0.046296296296296294
1 0.3268229166666667 0.49444444444444446 0.0171875 0.044444444444444446
1 0.3484375 0.487962962962963 0.0125 0.05925925925925926
1 0.30520833333333336 0.4740740740740741 0.017708333333333333 0.07037037037037037
1 0.4432291666666667 0.4546296296296296 0.010416666666666666 0.040740740740740744
1 0.8013020833333333 0.4337962962962963 0.0046875 0.03425925925925926
1 0.86171875 0.4300925925925926 0.0078125 0.032407407407407406
1 0.86640625 0.43148148148148147 0.0067708333333333336 0.02962962962962963
0 0.9171875 0.5611111111111111 0.16458333333333333 0.3296296296296296
0 0.5799479166666667 0.6226851851851852 0.3494791666666667 0.5324074074074074
0 0.7348958333333333 0.5800925925925926 0.04479166666666667 0.262037037037037
