1 0.9091145833333333 0.5231481481481481 0.05677083333333333 0.23148148148148148
3 0.7447916666666666 0.26064814814814813 0.05416666666666667 0.08796296296296297
3 0.7010416666666667 0.3333333333333333 0.026041666666666668 0.046296296296296294
3 0.6567708333333333 0.33101851851851855 0.019791666666666666 0.04722222222222222
3 0.6575520833333334 0.38101851851851853 0.019270833333333334 0.04722222222222222
1 0.5768229166666666 0.48703703703703705 0.008854166666666666 0.037037037037037035
1 0.584375 0.5175925925925926 0.011458333333333333 0.046296296296296294
0 0.014322916666666666 0.562962962962963 0.028645833333333332 0.07592592592592592
0 0.37395833333333334 0.5046296296296297 0.042708333333333334 0.05185185185185185
0 0.4375 0.49907407407407406 0.017708333333333333 0.024074074074074074
0 0.48359375 0.524074074074074 0.022395833333333334 0.10185185185185185
0 0.53046875 0.5486111111111112 0.11614583333333334 0.175
0 0.6153645833333333 0.49537037037037035 0.06822916666666666 0.044444444444444446
