0 0.13385416666666666 0.6185185185185185 0.2677083333333333 0.4222222222222222
0 0.25494791666666666 0.5018518518518519 0.07760416666666667 0.11481481481481481
0 0.31666666666666665 0.4773148148148148 0.03958333333333333 0.05648148148148148
0 0.35833333333333334 0.4462962962962963 0.05416666666666667 0.1037037037037037
0 0.4140625 0.46805555555555556 0.041666666666666664 0.07314814814814814
0 0.48046875 0.4726851851851852 0.03697916666666667 0.05462962962962963
0 0.5330729166666667 0.4476851851851852 0.043229166666666666 0.09351851851851851
0 0.7375 0.4898148148148148 0.019791666666666666 0.1111111111111111
2 0.475 0.3101851851851852 0.023958333333333335 0.012962962962962963
2 0.52109375 0.30833333333333335 0.0171875 0.012962962962962963
0 0.6674479166666667 0.4634259259259259 0.0203125 0.08425925925925926
0 0.21328125 0.4601851851851852 0.0203125 0.025925925925925925
2 0.5072916666666667 0.3888888888888889 0.011458333333333333 0.007407407407407408
2 0.528125 0.38935185185185184 0.010416666666666666 0.006481481481481481
