0 0.5557291666666667 0.5513888888888889 0.1375 0.17685185185185184
0 0.484375 0.5277777777777778 0.06145833333333333 0.11296296296296296
0 0.5044270833333333 0.45787037037037037 0.0234375 0.026851851851851852
0 0.43828125 0.48518518518518516 0.03177083333333333 0.07407407407407407
0 0.3984375 0.5115740740740741 0.05625 0.07314814814814814
0 0.37447916666666664 0.4898148148148148 0.013541666666666667 0.024074074074074074
0 0.3528645833333333 0.5027777777777778 0.04114583333333333 0.053703703703703705
0 0.3184895833333333 0.48055555555555557 0.018229166666666668 0.02962962962962963
0 0.3033854166666667 0.4824074074074074 0.0203125 0.027777777777777776
0 0.29765625 0.5125 0.043229166666666666 0.07314814814814814
0 0.17317708333333334 0.512962962962963 0.2526041666666667 0.337037037037037
0 0.042708333333333334 0.5032407407407408 0.0625 0.06759259259259259
0 0.008072916666666667 0.5138888888888888 0.016145833333333335 0.05
3 0.3859375 0.3013888888888889 0.017708333333333333 0.030555555555555555
3 0.6442708333333333 0.29814814814814816 0.021875 0.03888888888888889
3 0.5822916666666667 0.43194444444444446 0.014583333333333334 0.023148148148148147
