0 0.91640625 0.5861111111111111 0.16614583333333333 0.43148148148148147
0 0.8291666666666667 0.5606481481481481 0.11770833333333333 0.2324074074074074
0 0.8002604166666667 0.44305555555555554 0.12135416666666667 0.10277777777777777
0 0.5791666666666667 0.6768518518518518 0.509375 0.6444444444444445
0 0.34010416666666665 0.6092592592592593 0.128125 0.3814814814814815
0 0.23619791666666667 0.4824074074074074 0.11197916666666667 0.1388888888888889
0 0.018489583333333334 0.42592592592592593 0.03697916666666667 0.046296296296296294
0 0.15130208333333334 0.44583333333333336 0.0390625 0.03425925925925926
0 0.17604166666666668 0.44814814814814813 0.022916666666666665 0.03333333333333333
0 0.19296875 0.449537037037037 0.015104166666666667 0.026851851851851852
1 0.121875 0.4444444444444444 0.00625 0.02962962962962963
2 0.55859375 0.3236111111111111 0.0203125 0.012037037037037037
2 0.5 0.32083333333333336 0.020833333333333332 0.012037037037037037
3 0.5325520833333334 0.31296296296296294 0.0171875 0.02962962962962963
