0 0.05520833333333333 0.5671296296296297 0.11041666666666666 0.19722222222222222
0 0.10208333333333333 0.5597222222222222 0.04479166666666667 0.09351851851851851
0 0.21067708333333332 0.500462962962963 0.1828125 0.225
0 0.3971354166666667 0.5486111111111112 0.04635416666666667 0.058333333333333334
0 0.4283854166666667 0.5541666666666667 0.022395833333333334 0.03796296296296296
0 0.44375 0.5546296296296296 0.01875 0.037037037037037035
0 0.47161458333333334 0.5449074074074074 0.0359375 0.05648148148148148
0 0.4947916666666667 0.55 0.01875 0.044444444444444446
0 0.5354166666666667 0.55 0.06666666666666667 0.09259259259259259
2 0.42265625 0.4111111111111111 0.022395833333333334 0.011111111111111112
2 0.46848958333333335 0.40694444444444444 0.022395833333333334 0.012037037037037037
3 0.44453125 0.39814814814814814 0.0140625 0.024074074074074074
