0 0.10260416666666666 0.5337962962962963 0.06458333333333334 0.0712962962962963
0 0.17473958333333334 0.4935185185185185 0.028645833333333332 0.03888888888888889
0 0.18567708333333333 0.5185185185185185 0.043229166666666666 0.053703703703703705
0 0.378125 0.42685185185185187 0.014583333333333334 0.024074074074074074
0 0.27421875 0.46944444444444444 0.019270833333333334 0.025925925925925925
0 0.26119791666666664 0.513425925925926 0.0484375 0.05648148148148148
0 0.30052083333333335 0.49444444444444446 0.027083333333333334 0.040740740740740744
0 0.38229166666666664 0.49398148148148147 0.029166666666666667 0.05277777777777778
0 0.3455729166666667 0.5268518518518519 0.09010416666666667 0.11666666666666667
0 0.41328125 0.5055555555555555 0.024479166666666666 0.05925925925925926
0 0.5783854166666667 0.5055555555555555 0.043229166666666666 0.08148148148148149
0 0.6041666666666666 0.5157407407407407 0.057291666666666664 0.09814814814814815
0 0.6638020833333333 0.5166666666666667 0.09635416666666667 0.1648148148148148
0 0.7182291666666667 0.5421296296296296 0.12604166666666666 0.20277777777777778
0 0.8630208333333333 0.6351851851851852 0.27291666666666664 0.6129629629629629
0 0.48541666666666666 0.5513888888888889 0.16666666666666666 0.23055555555555557
2 0.5138020833333333 0.35833333333333334 0.0140625 0.007407407407407408
2 0.5609375 0.35833333333333334 0.015625 0.011111111111111112
3 0.5286458333333334 0.35185185185185186 0.0125 0.022222222222222223
3 0.5434895833333333 0.350462962962963 0.013020833333333334 0.021296296296296296
