3 0.6661458333333333 0.38333333333333336 0.015625 0.025925925925925925
0 0.5713541666666667 0.47685185185185186 0.015625 0.046296296296296294
0 0.584375 0.48009259259259257 0.027083333333333334 0.07314814814814814
0 0.6229166666666667 0.45092592592592595 0.0625 0.16111111111111112
0 0.6364583333333333 0.4962962962962963 0.07708333333333334 0.1111111111111111
0 0.7390625 0.5333333333333333 0.13958333333333334 0.17592592592592593
0 0.5088541666666667 0.43657407407407406 0.115625 0.262037037037037
0 0.43072916666666666 0.4462962962962963 0.021875 0.03333333333333333
0 0.44088541666666664 0.48009259259259257 0.025520833333333333 0.049074074074074076
0 0.365625 0.43194444444444446 0.041666666666666664 0.04537037037037037
0 0.3919270833333333 0.48333333333333334 0.0734375 0.1259259259259259
0 0.221875 0.44722222222222224 0.11458333333333333 0.17222222222222222
0 0.2630208333333333 0.5268518518518519 0.11145833333333334 0.17962962962962964
0 0.30234375 0.5791666666666667 0.18489583333333334 0.2564814814814815
0 0.0265625 0.7305555555555555 0.053125 0.37222222222222223
0 0.15286458333333333 0.45694444444444443 0.024479166666666666 0.026851851851851852
0 0.036458333333333336 0.46296296296296297 0.0375 0.025925925925925925
