0 0.09401041666666667 0.5949074074074074 0.18802083333333333 0.3768518518518518
0 0.21744791666666666 0.5523148148148148 0.14739583333333334 0.2564814814814815
0 0.2721354166666667 0.5097222222222222 0.12239583333333333 0.21944444444444444
0 0.34270833333333334 0.5 0.03854166666666667 0.07407407407407407
0 0.384375 0.49953703703703706 0.07291666666666667 0.09351851851851851
0 0.4513020833333333 0.4930555555555556 0.019270833333333334 0.041666666666666664
0 0.5080729166666667 0.4976851851851852 0.1109375 0.16944444444444445
0 0.5877604166666667 0.49166666666666664 0.05364583333333333 0.07777777777777778
0 0.6424479166666667 0.4759259259259259 0.0609375 0.05925925925925926
0 0.6635416666666667 0.4976851851851852 0.052083333333333336 0.06759259259259259
0 0.68515625 0.47129629629629627 0.027604166666666666 0.044444444444444446
0 0.7221354166666667 0.4787037037037037 0.05572916666666667 0.06296296296296296
0 0.7716145833333333 0.4601851851851852 0.0140625 0.03333333333333333
3 0.8546875 0.32314814814814813 0.036458333333333336 0.06296296296296296
3 0.5604166666666667 0.3236111111111111 0.015625 0.028703703703703703
2 0.5809895833333333 0.3296296296296296 0.025520833333333333 0.012962962962962963
2 0.5390625 0.32685185185185184 0.023958333333333335 0.012962962962962963
2 0.71796875 0.38935185185185184 0.008854166666666666 0.04722222222222222
