3 0.9125 0.08333333333333333 0.017708333333333333 0.07037037037037037
3 0.7130208333333333 0.12268518518518519 0.029166666666666667 0.06574074074074074
2 0.66640625 0.16064814814814815 0.0609375 0.026851851851851852
2 0.5903645833333333 0.3972222222222222 0.0203125 0.012962962962962963
2 0.5481770833333334 0.39861111111111114 0.0203125 0.012037037037037037
3 0.56875 0.38333333333333336 0.016666666666666666 0.025925925925925925
0 0.01171875 0.5537037037037037 0.0234375 0.10185185185185185
1 0.17916666666666667 0.5462962962962963 0.010416666666666666 0.07222222222222222
1 0.19921875 0.5472222222222223 0.0078125 0.05740740740740741
0 0.30052083333333335 0.5356481481481481 0.078125 0.12129629629629629
0 0.38515625 0.5634259259259259 0.03802083333333333 0.05277777777777778
0 0.5059895833333333 0.5555555555555556 0.1421875 0.1962962962962963
0 0.6057291666666667 0.5361111111111111 0.07291666666666667 0.11296296296296296
0 0.7703125 0.4828703703703704 0.2760416666666667 0.5398148148148149
1 0.92421875 0.512962962962963 0.0140625 0.10740740740740741
