1 0.8515625 0.47453703703703703 0.01875 0.05648148148148148
1 0.12552083333333333 0.4837962962962963 0.008333333333333333 0.030555555555555555
3 0.7677083333333333 0.35555555555555557 0.015625 0.03333333333333333
3 0.7044270833333334 0.42592592592592593 0.013020833333333334 0.024074074074074074
0 0.9140625 0.4652777777777778 0.034375 0.03796296296296296
0 0.8794270833333333 0.47824074074074074 0.1015625 0.062037037037037036
0 0.79765625 0.5217592592592593 0.0640625 0.11018518518518519
0 0.7119791666666667 0.5287037037037037 0.13333333333333333 0.17777777777777778
0 0.5020833333333333 0.37453703703703706 0.08229166666666667 0.025
0 0.5158854166666667 0.5805555555555556 0.24739583333333334 0.39444444444444443
0 0.39166666666666666 0.5013888888888889 0.021875 0.030555555555555555
0 0.365625 0.49907407407407406 0.027083333333333334 0.044444444444444446
0 0.334375 0.5027777777777778 0.041666666666666664 0.05925925925925926
0 0.20911458333333333 0.575925925925926 0.21614583333333334 0.25925925925925924
0 0.1078125 0.5 0.05416666666666667 0.08148148148148149
0 0.04739583333333333 0.5310185185185186 0.09479166666666666 0.1527777777777778
