0 0.15 0.5703703703703704 0.13125 0.1574074074074074
1 0.13854166666666667 0.5523148148148148 0.040625 0.19166666666666668
0 0.38255208333333335 0.4587962962962963 0.0546875 0.10462962962962963
0 0.3953125 0.4930555555555556 0.034375 0.05277777777777778
0 0.40078125 0.49166666666666664 0.0234375 0.04814814814814815
0 0.43723958333333335 0.48564814814814816 0.0546875 0.0712962962962963
0 0.47421875 0.5050925925925925 0.0703125 0.0824074074074074
0 0.44479166666666664 0.4217592592592593 0.022916666666666665 0.03981481481481482
0 0.46432291666666664 0.425 0.019270833333333334 0.03148148148148148
0 0.4979166666666667 0.4759259259259259 0.0375 0.040740740740740744
0 0.5377604166666666 0.49953703703703706 0.059895833333333336 0.10833333333333334
0 0.5934895833333333 0.5087962962962963 0.10989583333333333 0.10648148148148148
0 0.6283854166666667 0.4824074074074074 0.0421875 0.06296296296296296
0 0.6315104166666666 0.45555555555555555 0.05260416666666667 0.037037037037037035
0 0.7033854166666667 0.49074074074074076 0.11302083333333333 0.11481481481481481
0 0.7388020833333333 0.48009259259259257 0.07447916666666667 0.10092592592592593
0 0.7697916666666667 0.4546296296296296 0.04375 0.03333333333333333
0 0.8302083333333333 0.47824074074074074 0.10729166666666666 0.08796296296296297
0 0.86328125 0.4675925925925926 0.043229166666666666 0.06666666666666667
1 0.90078125 0.449537037037037 0.0109375 0.05462962962962963
0 0.5088541666666667 0.4199074074074074 0.022916666666666665 0.03796296296296296
2 0.7541666666666667 0.2898148148148148 0.021875 0.014814814814814815
2 0.7919270833333333 0.287962962962963 0.0203125 0.012962962962962963
0 0.9700520833333334 0.4671296296296296 0.058854166666666666 0.058333333333333334
