0 0.038802083333333334 0.5097222222222222 0.07760416666666667 0.1287037037037037
0 0.08411458333333334 0.4847222222222222 0.027604166666666666 0.041666666666666664
0 0.1109375 0.48703703703703705 0.04479166666666667 0.05925925925925926
0 0.16640625 0.5018518518518519 0.0921875 0.12037037037037036
0 0.2296875 0.48194444444444445 0.06770833333333333 0.09907407407407408
0 0.43723958333333335 0.6101851851851852 0.3546875 0.512962962962963
0 0.5973958333333333 0.4847222222222222 0.051041666666666666 0.075
0 0.7026041666666667 0.5333333333333333 0.20416666666666666 0.2462962962962963
0 0.7932291666666667 0.4217592592592593 0.2375 0.35648148148148145
0 0.9197916666666667 0.4638888888888889 0.15729166666666666 0.9277777777777778
3 0.5890625 0.13935185185185187 0.030208333333333334 0.05277777777777778
