0 0.41458333333333336 0.4050925925925926 0.014583333333333334 0.030555555555555555
0 0.4705729166666667 0.4060185185185185 0.0140625 0.03425925925925926
0 0.47994791666666664 0.41064814814814815 0.0203125 0.04351851851851852
0 0.5005208333333333 0.41944444444444445 0.013541666666666667 0.037037037037037035
0 0.5255208333333333 0.4513888888888889 0.019791666666666666 0.028703703703703703
0 0.49270833333333336 0.44305555555555554 0.01875 0.023148148148148147
0 0.46458333333333335 0.4634259259259259 0.015625 0.03425925925925926
0 0.5072916666666667 0.4708333333333333 0.03333333333333333 0.05092592592592592
0 0.4473958333333333 0.4666666666666667 0.030208333333333334 0.05185185185185185
0 0.41770833333333335 0.4861111111111111 0.058333333333333334 0.07962962962962963
0 0.40286458333333336 0.4324074074074074 0.016145833333333335 0.025925925925925925
0 0.390625 0.44583333333333336 0.01875 0.028703703703703703
0 0.37552083333333336 0.4666666666666667 0.03854166666666667 0.05185185185185185
0 0.32578125 0.4824074074074074 0.05572916666666667 0.06851851851851852
0 0.22447916666666667 0.4986111111111111 0.08854166666666667 0.10462962962962963
0 0.45390625 0.4185185185185185 0.013020833333333334 0.025925925925925925
0 0.4921875 0.4550925925925926 0.017708333333333333 0.025
