1 0.7447916666666666 0.4930555555555556 0.025 0.10462962962962963
1 0.80546875 0.45787037037037037 0.0203125 0.062037037037037036
3 0.9244791666666666 0.2972222222222222 0.053125 0.0962962962962963
3 0.76875 0.34675925925925927 0.036458333333333336 0.06388888888888888
3 0.4869791666666667 0.18009259259259258 0.0375 0.058333333333333334
3 0.5213541666666667 0.17731481481481481 0.030208333333333334 0.062037037037037036
1 0.22317708333333333 0.48055555555555557 0.011979166666666667 0.05555555555555555
1 0.01875 0.5407407407407407 0.0375 0.22777777777777777
1 0.01640625 0.6037037037037037 0.0328125 0.15
0 0.48359375 0.41574074074074074 0.10260416666666666 0.05
0 0.51328125 0.6541666666666667 0.32760416666666664 0.44537037037037036
0 0.6786458333333333 0.5194444444444445 0.09479166666666666 0.12222222222222222
2 0.30859375 0.41435185185185186 0.0109375 0.008333333333333333
0 0.2721354166666667 0.48333333333333334 0.011979166666666667 0.03148148148148148
