0 0.3703125 0.6370370370370371 0.296875 0.48703703703703705
0 0.028385416666666666 0.4759259259259259 0.05677083333333333 0.08148148148148149
0 0.49895833333333334 0.47314814814814815 0.046875 0.07037037037037037
1 0.5838541666666667 0.4912037037037037 0.025 0.15462962962962962
1 0.5958333333333333 0.475 0.016666666666666666 0.1037037037037037
0 0.7033854166666667 0.5078703703703704 0.1453125 0.2175925925925926
0 0.78828125 0.5347222222222222 0.1453125 0.20833333333333334
0 0.8940104166666667 0.5402777777777777 0.17864583333333334 0.23055555555555557
0 0.97265625 0.5481481481481482 0.05364583333333333 0.24444444444444444
2 0.28203125 0.1814814814814815 0.034895833333333334 0.022222222222222223
2 0.3651041666666667 0.18425925925925926 0.03125 0.022222222222222223
