0 0.06067708333333333 0.4773148148148148 0.12135416666666667 0.2712962962962963
0 0.21614583333333334 0.3680555555555556 0.359375 0.4083333333333333
0 0.41458333333333336 0.3819444444444444 0.040625 0.05462962962962963
0 0.42734375 0.45787037037037037 0.10989583333333333 0.13240740740740742
0 0.5 0.46296296296296297 0.058333333333333334 0.1037037037037037
0 0.5229166666666667 0.45185185185185184 0.05520833333333333 0.09259259259259259
0 0.5606770833333333 0.4583333333333333 0.024479166666666666 0.06111111111111111
0 0.5794270833333334 0.44722222222222224 0.04635416666666667 0.07592592592592592
0 0.603125 0.4587962962962963 0.06041666666666667 0.06944444444444445
0 0.6442708333333333 0.45740740740740743 0.03958333333333333 0.05925925925925926
0 0.6786458333333333 0.4527777777777778 0.036458333333333336 0.05740740740740741
0 0.6940104166666666 0.43657407407407406 0.0171875 0.030555555555555555
0 0.7315104166666667 0.47453703703703703 0.07760416666666667 0.10648148148148148
0 0.8260416666666667 0.46435185185185185 0.051041666666666666 0.06759259259259259
0 0.8541666666666666 0.4615740740740741 0.021875 0.04537037037037037
0 0.85546875 0.45092592592592595 0.024479166666666666 0.05185185185185185
1 0.9609375 0.46064814814814814 0.00625 0.04537037037037037
3 0.9575520833333333 0.17175925925925925 0.0296875 0.09722222222222222
2 0.7140625 0.38796296296296295 0.010416666666666666 0.007407407407407408
2 0.8325520833333333 0.40046296296296297 0.009895833333333333 0.006481481481481481
2 0.8651041666666667 0.39861111111111114 0.009375 0.008333333333333333
