3 0.3768229166666667 0.1712962962962963 0.027604166666666666 0.04814814814814815
2 0.315625 0.3398148148148148 0.014583333333333334 0.011111111111111112
2 0.3619791666666667 0.33935185185185185 0.014583333333333334 0.008333333333333333
2 0.3078125 0.1912037037037037 0.034375 0.019444444444444445
2 0.42578125 0.18518518518518517 0.0328125 0.020370370370370372
0 0.14375 0.6356481481481482 0.2875 0.4527777777777778
0 0.22369791666666666 0.4439814814814815 0.022395833333333334 0.03611111111111111
0 0.296875 0.513425925925926 0.11041666666666666 0.16018518518518518
0 0.3328125 0.48518518518518516 0.06354166666666666 0.11296296296296296
0 0.3611979166666667 0.42314814814814816 0.033854166666666664 0.04259259259259259
0 0.3802083333333333 0.462037037037037 0.05625 0.09444444444444444
0 0.425 0.4787037037037037 0.06770833333333333 0.08703703703703704
0 0.5864583333333333 0.48148148148148145 0.19583333333333333 0.11296296296296296
0 0.9270833333333334 0.47685185185185186 0.14479166666666668 0.11481481481481481
0 0.9661458333333334 0.5726851851851852 0.06666666666666667 0.262037037037037
