3 0.46510416666666665 0.3416666666666667 0.0125 0.022222222222222223
3 0.49661458333333336 0.33935185185185185 0.011979166666666667 0.021296296296296296
0 0.13046875 0.41064814814814815 0.07760416666666667 0.03981481481481482
0 0.25625 0.4310185185185185 0.03958333333333333 0.03611111111111111
0 0.30911458333333336 0.4634259259259259 0.034895833333333334 0.04351851851851852
0 0.3463541666666667 0.46620370370370373 0.041666666666666664 0.05092592592592592
0 0.3528645833333333 0.43796296296296294 0.024479166666666666 0.03518518518518519
0 0.3880208333333333 0.4513888888888889 0.017708333333333333 0.032407407407407406
0 0.40625 0.4532407407407407 0.019791666666666666 0.028703703703703703
0 0.43307291666666664 0.45231481481481484 0.021354166666666667 0.026851851851851852
0 0.48359375 0.4398148148148148 0.0296875 0.07407407407407407
