0 0.58359375 0.4023148148148148 0.0390625 0.05092592592592592
0 0.33958333333333335 0.42962962962962964 0.022916666666666665 0.03333333333333333
0 0.109375 0.4148148148148148 0.11458333333333333 0.08888888888888889
0 0.36328125 0.47129629629629627 0.0296875 0.04814814814814815
0 0.39401041666666664 0.4842592592592593 0.049479166666666664 0.07222222222222222
0 0.3328125 0.4962962962962963 0.03229166666666667 0.0962962962962963
0 0.15416666666666667 0.5087962962962963 0.04375 0.125
0 0.246875 0.4925925925925926 0.1625 0.2518518518518518
0 0.04010416666666667 0.6587962962962963 0.08020833333333334 0.4305555555555556
0 0.5088541666666667 0.4203703703703704 0.203125 0.4111111111111111
0 0.7033854166666667 0.6027777777777777 0.31927083333333334 0.3648148148148148
