0 0.7375 0.49675925925925923 0.06979166666666667 0.13240740740740742
0 0.8317708333333333 0.5398148148148149 0.178125 0.23703703703703705
0 0.5541666666666667 0.4217592592592593 0.3125 0.5601851851851852
0 0.6401041666666667 0.37175925925925923 0.05416666666666667 0.0712962962962963
0 0.28125 0.4444444444444444 0.03333333333333333 0.025925925925925925
0 0.39921875 0.4773148148148148 0.022395833333333334 0.062037037037037036
0 0.3078125 0.48657407407407405 0.026041666666666668 0.06759259259259259
0 0.35546875 0.5009259259259259 0.09739583333333333 0.1259259259259259
0 0.2643229166666667 0.5050925925925925 0.022395833333333334 0.10092592592592593
0 0.05807291666666667 0.3 0.11614583333333334 0.07407407407407407
0 0.13541666666666666 0.5185185185185185 0.2708333333333333 0.4444444444444444
