0 0.11822916666666666 0.6296296296296297 0.22395833333333334 0.2574074074074074
0 0.23828125 0.5578703703703703 0.06197916666666667 0.0824074074074074
0 0.31145833333333334 0.5421296296296296 0.07291666666666667 0.07685185185185185
0 0.3653645833333333 0.5356481481481481 0.0296875 0.04722222222222222
0 0.39921875 0.538425925925926 0.0609375 0.049074074074074076
0 0.43776041666666665 0.5203703703703704 0.025520833333333333 0.027777777777777776
0 0.4625 0.5305555555555556 0.034375 0.03333333333333333
0 0.5354166666666667 0.5365740740740741 0.0375 0.058333333333333334
0 0.5942708333333333 0.5347222222222222 0.026041666666666668 0.03981481481481482
0 0.621875 0.5481481481481482 0.052083333333333336 0.07037037037037037
0 0.7059895833333333 0.5708333333333333 0.1390625 0.1935185185185185
2 0.56484375 0.43472222222222223 0.008854166666666666 0.004629629629629629
2 0.5432291666666667 0.4356481481481482 0.009375 0.004629629629629629
0 0.959375 0.575 0.08020833333333334 0.12777777777777777
1 0.8135416666666667 0.5361111111111111 0.016666666666666666 0.040740740740740744
1 0.8703125 0.5370370370370371 0.023958333333333335 0.03518518518518519
0 0.2671875 0.5462962962962963 0.026041666666666668 0.040740740740740744
0 0.5815104166666667 0.524537037037037 0.0171875 0.028703703703703703
0 0.5528645833333333 0.5328703703703703 0.013020833333333334 0.041666666666666664
