0 0.10911458333333333 0.37777777777777777 0.0859375 0.07777777777777778
0 0.08411458333333334 0.47685185185185186 0.06197916666666667 0.08888888888888889
0 0.13697916666666668 0.5027777777777778 0.07083333333333333 0.07222222222222222
0 0.19739583333333333 0.46111111111111114 0.036458333333333336 0.044444444444444446
0 0.22890625 0.4356481481481482 0.027604166666666666 0.05462962962962963
0 0.25338541666666664 0.4337962962962963 0.021354166666666667 0.028703703703703703
0 0.26666666666666666 0.4236111111111111 0.015625 0.025
0 0.2752604166666667 0.449537037037037 0.030729166666666665 0.04537037037037037
0 0.29140625 0.43703703703703706 0.018229166666666668 0.02962962962962963
0 0.275 0.4166666666666667 0.014583333333333334 0.022222222222222223
0 0.28072916666666664 0.40324074074074073 0.0125 0.023148148148148147
0 0.30442708333333335 0.41712962962962963 0.019270833333333334 0.041666666666666664
0 0.35651041666666666 0.4203703703703704 0.0171875 0.024074074074074074
0 0.37005208333333334 0.44814814814814813 0.021354166666666667 0.053703703703703705
0 0.39765625 0.4273148148148148 0.0390625 0.08425925925925926
0 0.40625 0.4837962962962963 0.057291666666666664 0.07685185185185185
0 0.4466145833333333 0.45740740740740743 0.03697916666666667 0.05555555555555555
0 0.5223958333333333 0.4898148148148148 0.065625 0.08148148148148149
0 0.6182291666666667 0.4861111111111111 0.06770833333333333 0.08888888888888889
0 0.87890625 0.5287037037037037 0.1890625 0.21851851851851853
3 0.875 0.2689814814814815 0.036458333333333336 0.06574074074074074
3 0.5177083333333333 0.34953703703703703 0.0125 0.023148148148148147
