0 0.16770833333333332 0.48842592592592593 0.19791666666666666 0.3824074074074074
0 0.31588541666666664 0.4486111111111111 0.1234375 0.2638888888888889
0 0.48125 0.45694444444444443 0.10416666666666667 0.19166666666666668
1 0.6010416666666667 0.4412037037037037 0.009375 0.0824074074074074
0 0.29348958333333336 0.5106481481481482 0.09427083333333333 0.24166666666666667
0 0.37838541666666664 0.5 0.022395833333333334 0.1037037037037037
0 0.3880208333333333 0.4842592592592593 0.027083333333333334 0.1037037037037037
0 0.7989583333333333 0.41064814814814815 0.14479166666666668 0.10462962962962963
0 0.9263020833333333 0.3648148148148148 0.12447916666666667 0.06481481481481481
0 0.5739583333333333 0.44722222222222224 0.040625 0.040740740740740744
1 0.5755208333333334 0.4263888888888889 0.011458333333333333 0.041666666666666664
1 0.1125 0.4527777777777778 0.0125 0.07777777777777778
0 0.9619791666666667 0.4083333333333333 0.075 0.12407407407407407
0 0.9010416666666666 0.40879629629629627 0.12916666666666668 0.11388888888888889
3 0.4700520833333333 0.0625 0.0390625 0.08055555555555556
3 0.3890625 0.08564814814814815 0.0375 0.06759259259259259
3 0.3046875 0.2523148148148148 0.017708333333333333 0.04537037037037037
2 0.27447916666666666 0.2638888888888889 0.030208333333333334 0.014814814814814815
2 0.3346354166666667 0.262037037037037 0.028645833333333332 0.014814814814814815
0 0.5013020833333334 0.5013888888888889 0.1265625 0.1935185185185185
