0 0.024739583333333332 0.7212962962962963 0.049479166666666664 0.362962962962963
0 0.020052083333333335 0.5532407407407407 0.04010416666666667 0.16018518518518518
0 0.20963541666666666 0.5273148148148148 0.15989583333333332 0.25092592592592594
0 0.2921875 0.5023148148148148 0.035416666666666666 0.0712962962962963
0 0.3502604166666667 0.4564814814814815 0.09010416666666667 0.2222222222222222
0 0.4940104166666667 0.44675925925925924 0.20572916666666666 0.41759259259259257
0 0.6036458333333333 0.48935185185185187 0.022916666666666665 0.07314814814814814
0 0.6544270833333333 0.4550925925925926 0.09635416666666667 0.19907407407407407
3 0.8463541666666666 0.20601851851851852 0.051041666666666666 0.05648148148148148
0 0.821875 0.4217592592592593 0.25625 0.3490740740740741
0 0.9755208333333333 0.412962962962963 0.04791666666666667 0.40925925925925927
