0 0.5807291666666666 0.5796296296296296 0.3145833333333333 0.4685185185185185
0 0.91328125 0.4361111111111111 0.17239583333333333 0.2611111111111111
0 0.10182291666666667 0.49907407407407406 0.20364583333333333 0.18518518518518517
0 0.17526041666666667 0.5212962962962963 0.0609375 0.12037037037037036
0 0.2203125 0.5546296296296296 0.01875 0.02962962962962963
0 0.24739583333333334 0.5509259259259259 0.05625 0.05555555555555555
0 0.29661458333333335 0.5416666666666666 0.1421875 0.06851851851851852
0 0.4005208333333333 0.5430555555555555 0.08020833333333334 0.05092592592592592
0 0.7356770833333334 0.49166666666666664 0.0484375 0.027777777777777776
0 0.79296875 0.4898148148148148 0.07239583333333334 0.03148148148148148
3 0.07786458333333333 0.04398148148148148 0.044270833333333336 0.08796296296296297
2 0.15182291666666667 0.059722222222222225 0.07135416666666666 0.032407407407407406
2 0.017447916666666667 0.05787037037037037 0.034895833333333334 0.03425925925925926
1 0.21171875 0.5092592592592593 0.0296875 0.14629629629629629
