0 0.019791666666666666 0.5189814814814815 0.03958333333333333 0.18055555555555555
0 0.03802083333333333 0.48935185185185187 0.022916666666666665 0.07314814814814814
0 0.053125 0.4375 0.10625 0.09537037037037037
0 0.09322916666666667 0.4287037037037037 0.036458333333333336 0.05740740740740741
0 0.1515625 0.4462962962962963 0.03958333333333333 0.03518518518518519
0 0.17604166666666668 0.4486111111111111 0.022916666666666665 0.03425925925925926
0 0.1984375 0.45231481481481484 0.028125 0.032407407407407406
0 0.21432291666666667 0.45416666666666666 0.016145833333333335 0.030555555555555555
0 0.34036458333333336 0.6087962962962963 0.12864583333333332 0.3824074074074074
0 0.57890625 0.6763888888888889 0.5098958333333333 0.6453703703703704
0 0.7997395833333333 0.44305555555555554 0.12135416666666667 0.10277777777777777
0 0.82890625 0.5606481481481481 0.11822916666666666 0.2324074074074074
0 0.9166666666666666 0.586574074074074 0.165625 0.4324074074074074
2 0.55859375 0.32314814814814813 0.0203125 0.012962962962962963
2 0.5002604166666667 0.32037037037037036 0.021354166666666667 0.012962962962962963
3 0.5325520833333334 0.31296296296296294 0.0171875 0.02962962962962963
