1 0.043229166666666666 0.5222222222222223 0.027083333333333334 0.1111111111111111
1 0.007552083333333333 0.5 0.0109375 0.06851851851851852
0 0.04088541666666667 0.5342592592592592 0.0734375 0.08333333333333333
0 0.29375 0.5199074074074074 0.17708333333333334 0.12129629629629629
0 0.45260416666666664 0.5305555555555556 0.196875 0.1388888888888889
0 0.5583333333333333 0.5324074074074074 0.034375 0.07592592592592592
0 0.6307291666666667 0.524074074074074 0.12916666666666668 0.1
0 0.6859375 0.5324074074074074 0.1375 0.09814814814814815
1 0.7567708333333333 0.5185185185185185 0.016666666666666666 0.08703703703703704
0 0.8067708333333333 0.5268518518518519 0.09791666666666667 0.08148148148148149
0 0.8770833333333333 0.537962962962963 0.115625 0.09444444444444444
0 0.9361979166666666 0.5185185185185185 0.0578125 0.07037037037037037
0 0.9692708333333333 0.5115740740740741 0.026041666666666668 0.049074074074074076
0 0.9848958333333333 0.5148148148148148 0.029166666666666667 0.05925925925925926
0 0.7544270833333333 0.5287037037037037 0.021354166666666667 0.053703703703703705
