0 0.6411458333333333 0.5412037037037037 0.15 0.23055555555555557
2 0.77578125 0.4199074074074074 0.005729166666666666 0.030555555555555555
0 0.7583333333333333 0.4962962962962963 0.07083333333333333 0.08703703703703704
0 0.81875 0.48518518518518516 0.019791666666666666 0.06296296296296296
0 0.8497395833333333 0.5078703703703704 0.0765625 0.10833333333333334
0 0.890625 0.49166666666666664 0.016666666666666666 0.03518518518518519
0 0.9020833333333333 0.49212962962962964 0.017708333333333333 0.03425925925925926
0 0.9869791666666666 0.49212962962962964 0.025 0.049074074074074076
0 0.9 0.46111111111111114 0.013541666666666667 0.025925925925925925
0 0.91015625 0.47314814814814815 0.019270833333333334 0.03148148148148148
2 0.9247395833333333 0.3638888888888889 0.019270833333333334 0.009259259259259259
2 0.8848958333333333 0.3675925925925926 0.01875 0.009259259259259259
