2 0.3703125 0.24861111111111112 0.029166666666666667 0.017592592592592594
2 0.44583333333333336 0.2439814814814815 0.028125 0.021296296296296296
3 0.7450520833333333 0.28564814814814815 0.025520833333333333 0.03796296296296296
1 0.07864583333333333 0.5208333333333334 0.010416666666666666 0.09351851851851851
1 0.9854166666666667 0.4708333333333333 0.028125 0.0712962962962963
1 0.46588541666666666 0.487962962962963 0.0296875 0.10185185185185185
0 0.057291666666666664 0.4898148148148148 0.11458333333333333 0.12037037037037036
0 0.35078125 0.4930555555555556 0.13385416666666666 0.06944444444444445
0 0.4661458333333333 0.5111111111111111 0.034375 0.08888888888888889
0 0.6783854166666666 0.49166666666666664 0.11927083333333334 0.11666666666666667
