0 0.0578125 0.5555555555555556 0.115625 0.15555555555555556
0 0.19036458333333334 0.5171296296296296 0.018229166666666668 0.058333333333333334
0 0.2234375 0.5115740740740741 0.017708333333333333 0.06018518518518518
0 0.2747395833333333 0.5370370370370371 0.09635416666666667 0.1259259259259259
0 0.33958333333333335 0.5148148148148148 0.030208333333333334 0.05185185185185185
0 0.37005208333333334 0.5194444444444445 0.050520833333333334 0.06481481481481481
0 0.40078125 0.5083333333333333 0.028645833333333332 0.04814814814814815
0 0.43697916666666664 0.5157407407407407 0.059375 0.08333333333333333
0 0.46171875 0.48194444444444445 0.0203125 0.026851851851851852
0 0.48072916666666665 0.513425925925926 0.03229166666666667 0.04537037037037037
0 0.49114583333333334 0.4828703703703704 0.017708333333333333 0.032407407407407406
0 0.5442708333333334 0.5412037037037037 0.11979166666666667 0.16203703703703703
0 0.6005208333333333 0.5 0.021875 0.037037037037037035
0 0.6393229166666666 0.4949074074074074 0.0484375 0.049074074074074076
0 0.7674479166666667 0.4898148148148148 0.16927083333333334 0.32222222222222224
0 0.8833333333333333 0.4861111111111111 0.06666666666666667 0.1
2 0.5127604166666667 0.22314814814814815 0.03177083333333333 0.020370370370370372
2 0.6122395833333333 0.22546296296296298 0.03177083333333333 0.019444444444444445
3 0.54609375 0.19074074074074074 0.025520833333333333 0.044444444444444446
3 0.6799479166666667 0.39861111111111114 0.0171875 0.028703703703703703
