2 0.66640625 0.012037037037037037 0.08697916666666666 0.024074074074074074
2 0.87421875 0.015277777777777777 0.0859375 0.030555555555555555
0 0.078125 0.5157407407407407 0.023958333333333335 0.07222222222222222
0 0.0828125 0.45925925925925926 0.021875 0.05555555555555555
0 0.040625 0.48842592592592593 0.06458333333333334 0.1398148148148148
0 0.02578125 0.538425925925926 0.0515625 0.1361111111111111
0 0.12604166666666666 0.5055555555555555 0.08958333333333333 0.13333333333333333
3 0.26223958333333336 0.4615740740740741 0.015104166666666667 0.028703703703703703
0 0.0328125 0.725462962962963 0.065625 0.3768518518518518
0 0.27708333333333335 0.5069444444444444 0.019791666666666666 0.025
0 0.28411458333333334 0.4898148148148148 0.033854166666666664 0.02962962962962963
0 0.4609375 0.5407407407407407 0.04479166666666667 0.05925925925925926
0 0.4828125 0.5356481481481481 0.014583333333333334 0.03981481481481482
0 0.43333333333333335 0.537962962962963 0.022916666666666665 0.044444444444444446
0 0.41796875 0.5416666666666666 0.027604166666666666 0.04814814814814815
0 0.40130208333333334 0.5388888888888889 0.021354166666666667 0.053703703703703705
0 0.37604166666666666 0.5430555555555555 0.058333333333333334 0.0787037037037037
0 0.3260416666666667 0.5430555555555555 0.07083333333333333 0.08981481481481482
0 0.19973958333333333 0.5800925925925926 0.19739583333333333 0.23796296296296296
0 0.5950520833333334 0.5319444444444444 0.0234375 0.028703703703703703
0 0.59453125 0.5532407407407407 0.027604166666666666 0.049074074074074076
0 0.63125 0.5125 0.027083333333333334 0.023148148148148147
0 0.6171875 0.5305555555555556 0.020833333333333332 0.03148148148148148
0 0.6359375 0.5393518518518519 0.020833333333333332 0.030555555555555555
0 0.65390625 0.5074074074074074 0.018229166666666668 0.037037037037037035
0 0.6536458333333334 0.5523148148148148 0.030208333333333334 0.041666666666666664
0 0.6932291666666667 0.5203703703703704 0.026041666666666668 0.027777777777777776
0 0.6752604166666667 0.5356481481481481 0.025520833333333333 0.03981481481481482
0 0.7072916666666667 0.5587962962962963 0.028125 0.041666666666666664
0 0.7434895833333334 0.5587962962962963 0.0484375 0.075
0 0.7697916666666667 0.5421296296296296 0.015625 0.021296296296296296
0 0.7872395833333333 0.562962962962963 0.03697916666666667 0.06111111111111111
0 0.8236979166666667 0.5680555555555555 0.0578125 0.0787037037037037
0 0.9377604166666667 0.5592592592592592 0.10052083333333334 0.14074074074074075
2 0.6692708333333334 0.4398148148148148 0.013541666666666667 0.005555555555555556
2 0.6984375 0.4398148148148148 0.013541666666666667 0.007407407407407408
2 0.6924479166666667 0.4444444444444444 0.011979166666666667 0.005555555555555556
0 0.75859375 0.512962962962963 0.0453125 0.03888888888888889
0 0.5348958333333333 0.5634259259259259 0.10208333333333333 0.13796296296296295
0 0.5802083333333333 0.48009259259259257 0.04791666666666667 0.03425925925925926
0 0.7203125 0.5300925925925926 0.017708333333333333 0.021296296296296296
