0 0.8171875 0.3236111111111111 0.3645833333333333 0.6453703703703704
0 0.6052083333333333 0.3726851851851852 0.10625 0.125
0 0.465625 0.30972222222222223 0.15625 0.1287037037037037
3 0.5997395833333333 0.26064814814814813 0.021354166666666667 0.03611111111111111
2 0.5536458333333333 0.18055555555555555 0.04375 0.020370370370370372
0 0.29270833333333335 0.4722222222222222 0.052083333333333336 0.07407407407407407
0 0.22161458333333334 0.4703703703703704 0.0484375 0.05555555555555555
0 0.25286458333333334 0.4671296296296296 0.030729166666666665 0.04722222222222222
0 0.49166666666666664 0.6833333333333333 0.509375 0.6314814814814815
0 0.46979166666666666 0.3143518518518518 0.125 0.11574074074074074
