0 0.18229166666666666 0.47824074074074074 0.042708333333333334 0.03981481481481482
0 0.28203125 0.47453703703703703 0.0671875 0.04722222222222222
3 0.65234375 0.4050925925925926 0.0140625 0.026851851851851852
3 0.6354166666666666 0.4050925925925926 0.014583333333333334 0.026851851851851852
0 0.7333333333333333 0.5254629629629629 0.11875 0.21944444444444444
0 0.6114583333333333 0.5212962962962963 0.017708333333333333 0.027777777777777776
0 0.5911458333333334 0.5199074074074074 0.017708333333333333 0.032407407407407406
0 0.5661458333333333 0.500462962962963 0.036458333333333336 0.08611111111111111
0 0.5421875 0.5092592592592593 0.016666666666666666 0.05185185185185185
0 0.5078125 0.5226851851851851 0.016666666666666666 0.023148148148148147
0 0.4830729166666667 0.5212962962962963 0.021354166666666667 0.027777777777777776
