3 0.5815104166666667 0.2638888888888889 0.0328125 0.05925925925925926
0 0.48541666666666666 0.4837962962962963 0.05520833333333333 0.1398148148148148
0 0.45364583333333336 0.5171296296296296 0.01875 0.05277777777777778
0 0.44140625 0.5217592592592593 0.0140625 0.032407407407407406
0 0.40286458333333336 0.5217592592592593 0.022395833333333334 0.030555555555555555
0 0.36614583333333334 0.5212962962962963 0.019791666666666666 0.03148148148148148
0 0.3138020833333333 0.5152777777777777 0.043229166666666666 0.05648148148148148
0 0.28515625 0.5037037037037037 0.028645833333333332 0.06666666666666667
0 0.20703125 0.5171296296296296 0.059895833333333336 0.06759259259259259
0 0.2638020833333333 0.5050925925925925 0.013020833333333334 0.021296296296296296
