2 0.6203125 0.14166666666666666 0.07083333333333333 0.03518518518518519
2 0.7622395833333333 0.1361111111111111 0.0703125 0.03333333333333333
0 0.38359375 0.5111111111111111 0.0671875 0.03518518518518519
0 0.5497395833333333 0.5282407407407408 0.034895833333333334 0.030555555555555555
0 0.6104166666666667 0.5291666666666667 0.042708333333333334 0.06018518518518518
0 0.62109375 0.5092592592592593 0.018229166666666668 0.027777777777777776
0 0.6419270833333334 0.4981481481481482 0.024479166666666666 0.03148148148148148
0 0.7166666666666667 0.5550925925925926 0.08020833333333334 0.11944444444444445
0 0.796875 0.5333333333333333 0.04375 0.07407407407407407
0 0.8216145833333334 0.5486111111111112 0.06302083333333333 0.08611111111111111
0 0.9065104166666667 0.5851851851851851 0.11822916666666666 0.1574074074074074
0 0.9885416666666667 0.637962962962963 0.021875 0.16111111111111112
