0 0.05520833333333333 0.49722222222222223 0.11041666666666666 0.46296296296296297
0 0.2390625 0.6277777777777778 0.34479166666666666 0.39814814814814814
1 0.39140625 0.4949074074074074 0.013020833333333334 0.041666666666666664
0 0.4434895833333333 0.5060185185185185 0.034895833333333334 0.05462962962962963
0 0.5002604166666667 0.5185185185185185 0.09114583333333333 0.13703703703703704
0 0.5671875 0.5013888888888889 0.05520833333333333 0.0787037037037037
0 0.6143229166666667 0.49722222222222223 0.04010416666666667 0.05740740740740741
2 0.5109375 0.125 0.04791666666666667 0.02962962962962963
2 0.6515625 0.11898148148148148 0.04791666666666667 0.032407407407407406
3 0.5635416666666667 0.0962962962962963 0.03333333333333333 0.07407407407407407
3 0.5989583333333334 0.06805555555555555 0.040625 0.06944444444444445
3 0.6955729166666667 0.08842592592592592 0.04010416666666667 0.06944444444444445
3 0.7213541666666666 0.3921296296296296 0.020833333333333332 0.03981481481481482
0 0.9713541666666666 0.6208333333333333 0.05625 0.3509259259259259
1 0.92421875 0.5120370370370371 0.05572916666666667 0.06851851851851852
1 0.8322916666666667 0.4949074074074074 0.011458333333333333 0.058333333333333334
1 0.92109375 0.5064814814814815 0.05677083333333333 0.07777777777777778
2 0.5421875 0.35138888888888886 0.017708333333333333 0.012037037037037037
3 0.5677083333333334 0.3453703703703704 0.017708333333333333 0.02962962962962963
2 0.5963541666666666 0.3486111111111111 0.017708333333333333 0.013888888888888888
0 0.38229166666666664 0.500462962962963 0.014583333333333334 0.03611111111111111
2 0.5627604166666667 0.41574074074074074 0.008854166666666666 0.005555555555555556
2 0.584375 0.4152777777777778 0.008333333333333333 0.004629629629629629
