0 0.090625 0.6726851851851852 0.18125 0.39537037037037037
0 0.35442708333333334 0.5356481481481481 0.027604166666666666 0.03611111111111111
0 0.37838541666666664 0.5523148148148148 0.027604166666666666 0.05277777777777778
0 0.4549479166666667 0.5546296296296296 0.0203125 0.053703703703703705
0 0.475 0.5393518518518519 0.01875 0.026851851851851852
0 0.41822916666666665 0.5699074074074074 0.078125 0.10648148148148148
1 0.6033854166666667 0.5319444444444444 0.0046875 0.032407407407407406
3 0.6177083333333333 0.44675925925925924 0.019791666666666666 0.03611111111111111
0 0.7078125 0.5305555555555556 0.08333333333333333 0.10925925925925926
0 0.9091145833333333 0.524537037037037 0.1078125 0.14537037037037037
