0 0.0484375 0.674537037037037 0.096875 0.16944444444444445
0 0.11744791666666667 0.6930555555555555 0.0640625 0.125
0 0.25546875 0.6453703703703704 0.1578125 0.21296296296296297
0 0.34296875 0.725 0.018229166666666668 0.03148148148148148
0 0.36484375 0.7199074074074074 0.0265625 0.03425925925925926
0 0.4049479166666667 0.712037037037037 0.04739583333333333 0.05
0 0.43046875 0.7175925925925926 0.0140625 0.03888888888888889
0 0.43697916666666664 0.7111111111111111 0.026041666666666668 0.044444444444444446
0 0.453125 0.6893518518518519 0.016666666666666666 0.028703703703703703
0 0.45546875 0.6800925925925926 0.0140625 0.023148148148148147
0 0.48046875 0.6819444444444445 0.0171875 0.025
0 0.5111979166666667 0.674074074074074 0.015104166666666667 0.022222222222222223
0 0.5125 0.6981481481481482 0.01875 0.025925925925925925
0 0.5372395833333333 0.7129629629629629 0.018229166666666668 0.037037037037037035
0 0.5484375 0.7138888888888889 0.019791666666666666 0.037037037037037035
0 0.57421875 0.7060185185185185 0.04635416666666667 0.05092592592592592
0 0.6359375 0.6782407407407407 0.078125 0.10277777777777777
0 0.9869791666666666 0.6791666666666667 0.025 0.1935185185185185
3 0.7005208333333334 0.4888888888888889 0.021875 0.044444444444444446
1 0.7669270833333334 0.6319444444444444 0.011979166666666667 0.062037037037037036
3 0.6294270833333333 0.6083333333333333 0.018229166666666668 0.03888888888888889
2 0.46822916666666664 0.6134259259259259 0.011458333333333333 0.004629629629629629
2 0.5033854166666667 0.6087962962962963 0.0109375 0.006481481481481481
