0 0.062239583333333334 0.5879629629629629 0.12447916666666667 0.2574074074074074
0 0.13489583333333333 0.5342592592592592 0.034375 0.037037037037037035
0 0.16145833333333334 0.5324074074074074 0.028125 0.03333333333333333
0 0.17760416666666667 0.5347222222222222 0.017708333333333333 0.028703703703703703
0 0.1859375 0.5337962962962963 0.023958333333333335 0.028703703703703703
0 0.25546875 0.5157407407407407 0.1265625 0.1574074074074074
0 0.33671875 0.537962962962963 0.0296875 0.03888888888888889
0 0.3859375 0.5328703703703703 0.025 0.03796296296296296
0 0.40989583333333335 0.5333333333333333 0.03958333333333333 0.05
0 0.46145833333333336 0.5208333333333334 0.017708333333333333 0.026851851851851852
0 0.5338541666666666 0.5069444444444444 0.022916666666666665 0.04537037037037037
