0 0.01171875 0.4981481481481482 0.0234375 0.15555555555555556
0 0.0640625 0.5236111111111111 0.06979166666666667 0.0787037037037037
0 0.13541666666666666 0.49212962962962964 0.08541666666666667 0.14537037037037037
0 0.30052083333333335 0.5050925925925925 0.036458333333333336 0.08981481481481482
0 0.3450520833333333 0.5125 0.08489583333333334 0.10833333333333334
0 0.34453125 0.44722222222222224 0.021354166666666667 0.018518518518518517
0 0.3723958333333333 0.4527777777777778 0.020833333333333332 0.025925925925925925
0 0.3765625 0.44027777777777777 0.030208333333333334 0.04351851851851852
0 0.3997395833333333 0.48009259259259257 0.0421875 0.05462962962962963
0 0.5067708333333333 0.5203703703703704 0.13333333333333333 0.2
3 0.42890625 0.3143518518518518 0.0171875 0.028703703703703703
3 0.44244791666666666 0.31296296296296294 0.013020833333333334 0.027777777777777776
2 0.40859375 0.32546296296296295 0.018229166666666668 0.012037037037037037
2 0.465625 0.3194444444444444 0.01875 0.012962962962962963
