0 0.9924479166666667 0.47962962962962963 0.0140625 0.053703703703703705
0 0.7713541666666667 0.4708333333333333 0.096875 0.10462962962962963
0 0.6088541666666667 0.4625 0.24270833333333333 0.15462962962962962
3 0.42083333333333334 0.35324074074074074 0.015625 0.026851851851851852
0 0.3341145833333333 0.40046296296296297 0.03802083333333333 0.06574074074074074
2 0.18880208333333334 0.2199074074074074 0.04010416666666667 0.019444444444444445
0 0.12421875 0.4625 0.2484375 0.2064814814814815
3 0.35208333333333336 0.27314814814814814 0.014583333333333334 0.025925925925925925
2 0.2947916666666667 0.35324074074074074 0.008333333333333333 0.006481481481481481
2 0.30833333333333335 0.35694444444444445 0.007291666666666667 0.004629629629629629
2 0.31588541666666664 0.35185185185185186 0.0078125 0.003703703703703704
