0 0.22005208333333334 0.5564814814814815 0.15052083333333333 0.19444444444444445
0 0.29973958333333334 0.5069444444444444 0.04114583333333333 0.06388888888888888
0 0.35 0.5125 0.06979166666666667 0.08981481481481482
0 0.25026041666666665 0.44722222222222224 0.0609375 0.05925925925925926
0 0.3098958333333333 0.45092592592592595 0.029166666666666667 0.03333333333333333
0 0.33880208333333334 0.4527777777777778 0.021354166666666667 0.027777777777777776
0 0.3645833333333333 0.4462962962962963 0.03125 0.03888888888888889
0 0.48776041666666664 0.49212962962962964 0.1703125 0.3712962962962963
0 0.69765625 0.5472222222222223 0.15989583333333332 0.1962962962962963
0 0.71171875 0.43333333333333335 0.0484375 0.03148148148148148
0 0.796875 0.48935185185185187 0.06145833333333333 0.10648148148148148
0 0.8057291666666667 0.49166666666666664 0.04895833333333333 0.08333333333333333
0 0.9122395833333333 0.45740740740740743 0.17447916666666666 0.18888888888888888
0 0.9291666666666667 0.4925925925925926 0.13125 0.1259259259259259
0 0.95 0.5032407407407408 0.09166666666666666 0.12685185185185185
0 0.990625 0.4935185185185185 0.017708333333333333 0.12777777777777777
0 0.7736979166666667 0.45416666666666666 0.10885416666666667 0.05092592592592592
1 0.64375 0.48194444444444445 0.010416666666666666 0.05092592592592592
