0 0.5822916666666667 0.4675925925925926 0.05 0.09444444444444444
0 0.6075520833333333 0.44814814814814813 0.033854166666666664 0.0962962962962963
0 0.6458333333333334 0.4722222222222222 0.04583333333333333 0.06666666666666667
0 0.6880208333333333 0.4842592592592593 0.059375 0.07592592592592592
0 0.7544270833333333 0.49398148148148147 0.08385416666666666 0.10277777777777777
0 0.4903645833333333 0.5666666666666667 0.2140625 0.2962962962962963
0 0.42578125 0.43333333333333335 0.022395833333333334 0.03333333333333333
0 0.4015625 0.4685185185185185 0.030208333333333334 0.037037037037037035
0 0.35260416666666666 0.48703703703703705 0.090625 0.13333333333333333
0 0.23020833333333332 0.4444444444444444 0.03958333333333333 0.03333333333333333
0 0.1359375 0.4449074074074074 0.059375 0.03611111111111111
