0 0.11875 0.6277777777777778 0.2375 0.37777777777777777
3 0.128125 0.3287037037037037 0.0125 0.07592592592592592
0 0.075 0.37175925925925923 0.15 0.14351851851851852
0 0.19348958333333333 0.41574074074074074 0.08697916666666666 0.05740740740740741
0 0.20494791666666667 0.5574074074074075 0.13802083333333334 0.23148148148148148
0 0.2669270833333333 0.5435185185185185 0.1015625 0.2
0 0.34140625 0.5277777777777778 0.1015625 0.1537037037037037
0 0.3921875 0.5138888888888888 0.075 0.12777777777777777
0 0.41901041666666666 0.49074074074074076 0.0859375 0.13518518518518519
0 0.4473958333333333 0.4726851851851852 0.07708333333333334 0.1398148148148148
0 0.49713541666666666 0.49074074074074076 0.03802083333333333 0.07962962962962963
0 0.5247395833333334 0.44212962962962965 0.09010416666666667 0.15648148148148147
0 0.5763020833333333 0.44027777777777777 0.025520833333333333 0.062037037037037036
0 0.5950520833333334 0.42685185185185187 0.0234375 0.03518518518518519
0 0.60234375 0.5125 0.0953125 0.1361111111111111
0 0.6515625 0.4925925925925926 0.059375 0.10555555555555556
0 0.6736979166666667 0.4625 0.030729166666666665 0.04537037037037037
0 0.7088541666666667 0.4759259259259259 0.046875 0.06296296296296296
0 0.7338541666666667 0.45555555555555555 0.034375 0.046296296296296294
0 0.7549479166666667 0.4587962962962963 0.016145833333333335 0.032407407407407406
0 0.8815104166666666 0.4486111111111111 0.021354166666666667 0.026851851851851852
0 0.90546875 0.44305555555555554 0.0171875 0.025
