3 0.9127604166666666 0.14212962962962963 0.04739583333333333 0.09722222222222222
3 0.3046875 0.3541666666666667 0.025 0.04351851851851852
3 0.43020833333333336 0.39166666666666666 0.015625 0.024074074074074074
0 0.014322916666666666 0.5106481481481482 0.028645833333333332 0.12685185185185185
0 0.18125 0.5342592592592592 0.31875 0.44074074074074077
0 0.33359375 0.5027777777777778 0.0359375 0.1111111111111111
0 0.3802083333333333 0.47638888888888886 0.052083333333333336 0.07685185185185185
0 0.4510416666666667 0.4787037037037037 0.034375 0.05
0 0.5197916666666667 0.5064814814814815 0.1125 0.16111111111111112
0 0.6330729166666667 0.4537037037037037 0.015104166666666667 0.03333333333333333
0 0.6497395833333334 0.45925925925925926 0.0296875 0.044444444444444446
