0 0.09401041666666667 0.6587962962962963 0.18802083333333333 0.4861111111111111
0 0.39427083333333335 0.6828703703703703 0.5416666666666666 0.6324074074074074
0 0.6286458333333333 0.6078703703703704 0.1 0.35833333333333334
0 0.23984375 0.3435185185185185 0.4796875 0.2462962962962963
0 0.9088541666666666 0.5569444444444445 0.18125 0.31574074074074077
0 0.7856770833333333 0.5254629629629629 0.1140625 0.14722222222222223
0 0.765625 0.49398148148148147 0.109375 0.15833333333333333
0 0.6786458333333333 0.4935185185185185 0.08229166666666667 0.07962962962962963
0 0.6841145833333333 0.44722222222222224 0.05260416666666667 0.044444444444444446
2 0.628125 0.33935185185185185 0.01875 0.012037037037037037
2 0.5760416666666667 0.3375 0.01875 0.012037037037037037
3 0.6052083333333333 0.33101851851851855 0.015625 0.026851851851851852
