0 0.13229166666666667 0.3421296296296296 0.022916666666666665 0.023148148148148147
0 0.16223958333333333 0.3194444444444444 0.0390625 0.037037037037037035
0 0.17265625 0.300462962962963 0.013020833333333334 0.023148148148148147
0 0.19739583333333333 0.31527777777777777 0.021875 0.03981481481481482
0 0.2078125 0.3037037037037037 0.030208333333333334 0.04814814814814815
0 0.24453125 0.31342592592592594 0.021354166666666667 0.032407407407407406
0 0.23489583333333333 0.30092592592592593 0.014583333333333334 0.027777777777777776
0 0.35442708333333334 0.2490740740740741 0.0140625 0.022222222222222223
0 0.3307291666666667 0.2773148148148148 0.017708333333333333 0.025
0 0.32734375 0.2884259259259259 0.0140625 0.023148148148148147
0 0.08333333333333333 0.5023148148148148 0.16666666666666666 0.1787037037037037
0 0.278125 0.4810185185185185 0.121875 0.1361111111111111
0 0.37552083333333336 0.4305555555555556 0.06875 0.10185185185185185
0 0.42083333333333334 0.34120370370370373 0.041666666666666664 0.0712962962962963
0 0.4375 0.3194444444444444 0.03333333333333333 0.05185185185185185
0 0.50546875 0.2916666666666667 0.03177083333333333 0.027777777777777776
0 0.5002604166666667 0.3023148148148148 0.028645833333333332 0.021296296296296296
0 0.5049479166666667 0.32175925925925924 0.0390625 0.049074074074074076
0 0.50078125 0.38333333333333336 0.059895833333333336 0.08518518518518518
0 0.49661458333333336 0.46111111111111114 0.08489583333333334 0.11481481481481481
0 0.5776041666666667 0.2935185185185185 0.015625 0.024074074074074074
0 0.8375 0.3439814814814815 0.035416666666666666 0.030555555555555555
0 0.3359375 0.3226851851851852 0.04791666666666667 0.06574074074074074
1 0.37135416666666665 0.2884259259259259 0.005208333333333333 0.023148148148148147
3 0.5768229166666666 0.34629629629629627 0.025520833333333333 0.040740740740740744
3 0.5765625 0.3888888888888889 0.025 0.040740740740740744
3 0.7432291666666667 0.2175925925925926 0.06979166666666667 0.12037037037037036
3 0.74140625 0.3162037037037037 0.06927083333333334 0.1175925925925926
0 0.20494791666666667 0.34074074074074073 0.018229166666666668 0.022222222222222223
0 0.2643229166666667 0.3023148148148148 0.0171875 0.021296296296296296
