0 0.07760416666666667 0.4773148148148148 0.1125 0.13240740740740742
0 0.36041666666666666 0.5018518518518519 0.029166666666666667 0.06111111111111111
0 0.6067708333333334 0.6180555555555556 0.3333333333333333 0.5101851851851852
0 0.7627604166666667 0.5032407407407408 0.049479166666666664 0.075
0 0.8486979166666667 0.575925925925926 0.1796875 0.24074074074074073
0 0.8651041666666667 0.43703703703703706 0.13645833333333332 0.16111111111111112
0 0.9567708333333333 0.5425925925925926 0.08541666666666667 0.21851851851851853
3 0.81953125 0.28703703703703703 0.022395833333333334 0.040740740740740744
2 0.71640625 0.3023148148148148 0.033854166666666664 0.01574074074074074
2 0.7893229166666667 0.3023148148148148 0.0359375 0.017592592592592594
1 0.309375 0.5046296296296297 0.0125 0.09074074074074075
1 0.3177083333333333 0.5018518518518519 0.008333333333333333 0.07407407407407407
