0 0.24895833333333334 0.45601851851851855 0.11458333333333333 0.1175925925925926
0 0.2669270833333333 0.4847222222222222 0.07760416666666667 0.09166666666666666
0 0.39036458333333335 0.48657407407407405 0.13489583333333333 0.08796296296296297
0 0.61796875 0.44907407407407407 0.08177083333333333 0.08148148148148149
0 0.66796875 0.44166666666666665 0.0140625 0.027777777777777776
0 0.6796875 0.4444444444444444 0.015625 0.03518518518518519
0 0.7002604166666667 0.44814814814814813 0.0390625 0.05185185185185185
0 0.7197916666666667 0.44212962962962965 0.017708333333333333 0.03796296296296296
0 0.7479166666666667 0.44583333333333336 0.03125 0.049074074074074076
0 0.7708333333333334 0.5055555555555555 0.06770833333333333 0.1537037037037037
0 0.86328125 0.5125 0.15364583333333334 0.30092592592592593
0 0.9682291666666667 0.4324074074074074 0.0625 0.044444444444444446
0 0.9403645833333333 0.6263888888888889 0.11822916666666666 0.41388888888888886
1 0.40208333333333335 0.4787037037037037 0.027083333333333334 0.12222222222222222
1 0.42239583333333336 0.4787037037037037 0.01875 0.11666666666666667
1 0.49973958333333335 0.4444444444444444 0.009895833333333333 0.040740740740740744
1 0.5330729166666667 0.475462962962963 0.0140625 0.09722222222222222
1 0.6033854166666667 0.47314814814814815 0.025520833333333333 0.0962962962962963
3 0.09375 0.37962962962962965 0.020833333333333332 0.05
3 0.7927083333333333 0.30185185185185187 0.014583333333333334 0.027777777777777776
3 0.76796875 0.30185185185185187 0.0140625 0.025925925925925925
3 0.7083333333333334 0.22407407407407406 0.020833333333333332 0.03888888888888889
2 0.6763020833333333 0.24351851851851852 0.033854166666666664 0.018518518518518517
2 0.7666666666666667 0.23703703703703705 0.03333333333333333 0.016666666666666666
