0 0.03854166666666667 0.5703703703703704 0.07708333333333334 0.11296296296296296
0 0.08359375 0.5634259259259259 0.0265625 0.058333333333333334
0 0.11328125 0.562037037037037 0.0578125 0.06111111111111111
0 0.18046875 0.5615740740740741 0.08802083333333334 0.09351851851851851
0 0.31640625 0.5425925925925926 0.021354166666666667 0.037037037037037035
0 0.37265625 0.5055555555555555 0.04739583333333333 0.06666666666666667
0 0.5122395833333333 0.5694444444444444 0.12864583333333332 0.18703703703703703
0 0.57421875 0.5370370370370371 0.025520833333333333 0.05555555555555555
0 0.6096354166666667 0.5476851851851852 0.06510416666666667 0.09166666666666666
0 0.73828125 0.49166666666666664 0.2140625 0.39814814814814814
1 0.9174479166666667 0.5194444444444445 0.011979166666666667 0.07777777777777778
2 0.89453125 0.2972222222222222 0.0296875 0.020370370370370372
2 0.8203125 0.2935185185185185 0.03229166666666667 0.016666666666666666
2 0.7130208333333333 0.2847222222222222 0.03229166666666667 0.019444444444444445
3 0.8528645833333334 0.2740740740740741 0.024479166666666666 0.05185185185185185
0 0.42682291666666666 0.5236111111111111 0.013020833333333334 0.025
