0 0.14010416666666667 0.5981481481481481 0.28020833333333334 0.34444444444444444
0 0.2908854166666667 0.49907407407407406 0.04635416666666667 0.06481481481481481
0 0.26927083333333335 0.4875 0.015625 0.030555555555555555
0 0.2526041666666667 0.4791666666666667 0.027083333333333334 0.030555555555555555
0 0.3846354166666667 0.48703703703703705 0.0296875 0.037037037037037035
0 0.42109375 0.47453703703703703 0.019270833333333334 0.030555555555555555
0 0.45208333333333334 0.47453703703703703 0.01875 0.026851851851851852
0 0.48802083333333335 0.4861111111111111 0.03333333333333333 0.04814814814814815
0 0.60390625 0.4564814814814815 0.06197916666666667 0.044444444444444446
2 0.48984375 0.38796296296296295 0.016145833333333335 0.007407407407407408
2 0.5221354166666666 0.3861111111111111 0.016145833333333335 0.007407407407407408
3 0.5950520833333334 0.2712962962962963 0.021354166666666667 0.037037037037037035
