0 0.11588541666666667 0.31527777777777777 0.23177083333333334 0.25277777777777777
0 0.27838541666666666 0.4148148148148148 0.09947916666666666 0.07037037037037037
0 0.37447916666666664 0.4212962962962963 0.052083333333333336 0.06481481481481481
0 0.41171875 0.4287037037037037 0.027604166666666666 0.046296296296296294
0 0.4359375 0.4310185185185185 0.020833333333333332 0.041666666666666664
0 0.47708333333333336 0.4398148148148148 0.026041666666666668 0.037037037037037035
0 0.5338541666666666 0.5175925925925926 0.12708333333333333 0.1962962962962963
0 0.59140625 0.4513888888888889 0.0265625 0.06944444444444445
0 0.38619791666666664 0.4111111111111111 0.024479166666666666 0.046296296296296294
0 0.3723958333333333 0.4060185185185185 0.028125 0.032407407407407406
