0 0.08151041666666667 0.5898148148148148 0.14322916666666666 0.12407407407407407
0 0.19322916666666667 0.5666666666666667 0.090625 0.1037037037037037
0 0.2557291666666667 0.5222222222222223 0.059375 0.044444444444444446
0 0.2747395833333333 0.562037037037037 0.0765625 0.08333333333333333
0 0.3572916666666667 0.5861111111111111 0.146875 0.1685185185185185
0 0.44453125 0.5430555555555555 0.0265625 0.04537037037037037
0 0.4747395833333333 0.5444444444444444 0.0578125 0.05925925925925926
0 0.5184895833333333 0.5370370370370371 0.0328125 0.037037037037037035
0 0.55 0.5342592592592592 0.03125 0.03518518518518519
0 0.5815104166666667 0.5287037037037037 0.025520833333333333 0.04259259259259259
0 0.6424479166666667 0.5277777777777778 0.0296875 0.053703703703703705
0 0.6143229166666667 0.5467592592592593 0.06510416666666667 0.08425925925925926
0 0.7265625 0.48518518518518516 0.042708333333333334 0.025925925925925925
0 0.6848958333333334 0.537962962962963 0.036458333333333336 0.07222222222222222
0 0.7369791666666666 0.5722222222222222 0.121875 0.15
0 0.784375 0.5282407407407408 0.03125 0.06018518518518518
0 0.92578125 0.5879629629629629 0.14739583333333334 0.4888888888888889
0 0.6549479166666666 0.525 0.013020833333333334 0.03888888888888889
