0 0.1328125 0.6268518518518519 0.265625 0.5388888888888889
0 0.3494791666666667 0.5388888888888889 0.11875 0.07592592592592592
0 0.4236979166666667 0.500462962962963 0.0578125 0.10092592592592593
0 0.4578125 0.5226851851851851 0.0125 0.030555555555555555
0 0.48802083333333335 0.513425925925926 0.046875 0.058333333333333334
0 0.5588541666666667 0.5444444444444444 0.19270833333333334 0.1537037037037037
0 0.9671875 0.5361111111111111 0.06458333333333334 0.10185185185185185
3 0.9252604166666667 0.18333333333333332 0.019270833333333334 0.05740740740740741
3 0.4953125 0.33425925925925926 0.017708333333333333 0.03148148148148148
2 0.46901041666666665 0.3402777777777778 0.028645833333333332 0.012037037037037037
2 0.5333333333333333 0.34074074074074073 0.029166666666666667 0.012962962962962963
2 0.5104166666666666 0.4736111111111111 0.008333333333333333 0.004629629629629629
2 0.49583333333333335 0.4726851851851852 0.009375 0.004629629629629629
