0 0.08072916666666667 0.5893518518518519 0.16145833333333334 0.19166666666666668
0 0.19088541666666667 0.5009259259259259 0.04114583333333333 0.027777777777777776
0 0.19583333333333333 0.5587962962962963 0.057291666666666664 0.12129629629629629
0 0.3015625 0.5476851851851852 0.16041666666666668 0.23055555555555557
0 0.40078125 0.5347222222222222 0.058854166666666666 0.09722222222222222
0 0.43385416666666665 0.4962962962962963 0.0375 0.06481481481481481
0 0.4934895833333333 0.5949074074074074 0.15364583333333334 0.21574074074074073
0 0.55 0.49166666666666664 0.06875 0.13148148148148148
0 0.60390625 0.4773148148148148 0.043229166666666666 0.11388888888888889
0 0.6333333333333333 0.5074074074074074 0.0625 0.10740740740740741
0 0.6901041666666666 0.5694444444444444 0.10729166666666666 0.1425925925925926
0 0.7356770833333334 0.487962962962963 0.03802083333333333 0.024074074074074074
0 0.7567708333333333 0.4898148148148148 0.029166666666666667 0.025925925925925925
0 0.81015625 0.48518518518518516 0.018229166666666668 0.022222222222222223
0 0.9036458333333334 0.6606481481481481 0.19166666666666668 0.5064814814814815
1 0.7463541666666667 0.4888888888888889 0.011458333333333333 0.027777777777777776
1 0.17109375 0.5203703703703704 0.0109375 0.02962962962962963
2 0.4309895833333333 0.36712962962962964 0.0265625 0.012037037037037037
2 0.5299479166666666 0.3611111111111111 0.0265625 0.012962962962962963
2 0.48359375 0.4125 0.0140625 0.008333333333333333
2 0.5263020833333333 0.4111111111111111 0.0140625 0.007407407407407408
3 0.4671875 0.34120370370370373 0.015625 0.026851851851851852
3 0.8619791666666666 0.3490740740740741 0.021875 0.040740740740740744
