0 0.12890625 0.5638888888888889 0.0734375 0.07962962962962963
0 0.22838541666666667 0.5430555555555555 0.08385416666666666 0.10462962962962963
0 0.29010416666666666 0.5430555555555555 0.040625 0.04537037037037037
0 0.2713541666666667 0.5023148148148148 0.06979166666666667 0.06574074074074074
0 0.3421875 0.5351851851851852 0.03333333333333333 0.037037037037037035
0 0.3346354166666667 0.5185185185185185 0.0421875 0.05555555555555555
0 0.3828125 0.5361111111111111 0.040625 0.05
0 0.41354166666666664 0.524537037037037 0.022916666666666665 0.030555555555555555
0 0.44140625 0.5287037037037037 0.03697916666666667 0.06111111111111111
0 0.5127604166666667 0.5773148148148148 0.14114583333333333 0.20277777777777778
0 0.5760416666666667 0.5282407407407408 0.022916666666666665 0.049074074074074076
0 0.6236979166666666 0.549074074074074 0.08489583333333334 0.10555555555555556
0 0.6497395833333334 0.49907407407407406 0.06614583333333333 0.1259259259259259
0 0.6888020833333334 0.5236111111111111 0.0234375 0.03796296296296296
0 0.8419270833333333 0.4666666666666667 0.3151041666666667 0.7444444444444445
2 0.5408854166666667 0.4666666666666667 0.008854166666666666 0.005555555555555556
