0 0.02734375 0.5537037037037037 0.0546875 0.12962962962962962
0 0.14869791666666668 0.4828703703703704 0.07447916666666667 0.05648148148148148
0 0.20859375 0.462037037037037 0.08385416666666666 0.06481481481481481
0 0.2375 0.48564814814814816 0.0625 0.049074074074074076
0 0.29348958333333336 0.5333333333333333 0.09114583333333333 0.10740740740740741
0 0.3859375 0.5101851851851852 0.07395833333333333 0.04814814814814815
0 0.4044270833333333 0.48842592592592593 0.049479166666666664 0.03611111111111111
0 0.42473958333333334 0.5833333333333334 0.0609375 0.18888888888888888
0 0.5411458333333333 0.6662037037037037 0.25416666666666665 0.41574074074074074
0 0.88671875 0.6810185185185185 0.22552083333333334 0.375
0 0.7591145833333334 0.5731481481481482 0.1734375 0.21666666666666667
0 0.66875 0.5592592592592592 0.06354166666666666 0.11481481481481481
0 0.6552083333333333 0.5046296296296297 0.06666666666666667 0.05925925925925926
0 0.6111979166666667 0.4759259259259259 0.19947916666666668 0.05925925925925926
0 0.8989583333333333 0.42314814814814816 0.20104166666666667 0.2074074074074074
2 0.5088541666666667 0.44027777777777777 0.010416666666666666 0.004629629629629629
2 0.5375 0.44166666666666665 0.010416666666666666 0.005555555555555556
