0 0.04583333333333333 0.5310185185185186 0.09166666666666666 0.1287037037037037
0 0.19010416666666666 0.5458333333333333 0.058333333333333334 0.04722222222222222
0 0.27317708333333335 0.5393518518518519 0.033854166666666664 0.030555555555555555
0 0.3221354166666667 0.5305555555555556 0.018229166666666668 0.037037037037037035
0 0.34661458333333334 0.5273148148148148 0.04010416666666667 0.041666666666666664
0 0.3611979166666667 0.5361111111111111 0.04114583333333333 0.025925925925925925
0 0.38645833333333335 0.5324074074074074 0.01875 0.024074074074074074
0 0.43776041666666665 0.524074074074074 0.018229166666666668 0.027777777777777776
0 0.49947916666666664 0.5365740740740741 0.01875 0.025
0 0.5309895833333333 0.5351851851851852 0.024479166666666666 0.03518518518518519
0 0.56640625 0.5393518518518519 0.024479166666666666 0.032407407407407406
