0 0.78984375 0.5652777777777778 0.1796875 0.2101851851851852
0 0.6921875 0.5532407407407407 0.075 0.1398148148148148
0 0.6213541666666667 0.5365740740740741 0.059375 0.08055555555555556
0 0.5252604166666667 0.5555555555555556 0.0734375 0.09814814814814815
0 0.5513020833333333 0.5231481481481481 0.0171875 0.03888888888888889
0 0.20052083333333334 0.5476851851851852 0.09895833333333333 0.06388888888888888
2 0.52734375 0.45694444444444443 0.008854166666666666 0.006481481481481481
2 0.5057291666666667 0.45787037037037037 0.008333333333333333 0.006481481481481481
2 0.5138020833333333 0.47129629629629627 0.0067708333333333336 0.005555555555555556
2 0.5015625 0.47175925925925927 0.00625 0.006481481481481481
