3 0.8700520833333333 0.3888888888888889 0.025520833333333333 0.053703703703703705
3 0.5611979166666666 0.4027777777777778 0.027604166666666666 0.04814814814814815
2 0.36770833333333336 0.4023148148148148 0.017708333333333333 0.008333333333333333
2 0.3377604166666667 0.3138888888888889 0.03177083333333333 0.012962962962962963
2 0.40130208333333334 0.31203703703703706 0.03177083333333333 0.014814814814814815
0 0.30078125 0.4962962962962963 0.0328125 0.05740740740740741
0 0.340625 0.5083333333333333 0.020833333333333332 0.037037037037037035
0 0.5518229166666667 0.4935185185185185 0.08802083333333334 0.08148148148148149
0 0.6192708333333333 0.5064814814814815 0.036458333333333336 0.05740740740740741
0 0.6770833333333334 0.5560185185185185 0.121875 0.1787037037037037
0 0.8627604166666667 0.4685185185185185 0.1921875 0.23703703703703705
0 0.9502604166666667 0.4740740740740741 0.0296875 0.12407407407407407
0 0.74921875 0.5013888888888889 0.027604166666666666 0.025
0 0.9783854166666667 0.7157407407407408 0.0421875 0.31296296296296294
