3 0.7497395833333333 0.1537037037037037 0.028645833333333332 0.05
3 0.4234375 0.2300925925925926 0.028125 0.05092592592592592
2 0.37421875 0.25092592592592594 0.0484375 0.024074074074074074
2 0.5182291666666666 0.24166666666666667 0.04791666666666667 0.025925925925925925
2 0.49192708333333335 0.4027777777777778 0.018229166666666668 0.011111111111111112
0 0.8692708333333333 0.45601851851851855 0.2604166666666667 0.9120370370370371
0 0.5572916666666666 0.4810185185185185 0.025 0.021296296296296296
0 0.52578125 0.5828703703703704 0.14739583333333334 0.1935185185185185
0 0.45364583333333336 0.5157407407407407 0.021875 0.03148148148148148
0 0.42552083333333335 0.5194444444444445 0.04583333333333333 0.05925925925925926
0 0.3731770833333333 0.5143518518518518 0.03697916666666667 0.049074074074074076
0 0.3455729166666667 0.5097222222222222 0.015104166666666667 0.025
0 0.32109375 0.5171296296296296 0.0203125 0.023148148148148147
0 0.30234375 0.5175925925925926 0.0203125 0.025925925925925925
0 0.2864583333333333 0.5175925925925926 0.01875 0.027777777777777776
0 0.265625 0.49675925925925923 0.026041666666666668 0.028703703703703703
0 0.2625 0.5138888888888888 0.03125 0.03888888888888889
0 0.22760416666666666 0.49722222222222223 0.041666666666666664 0.03518518518518519
0 0.2328125 0.5203703703703704 0.029166666666666667 0.02962962962962963
0 0.2140625 0.5208333333333334 0.019791666666666666 0.030555555555555555
0 0.19322916666666667 0.5231481481481481 0.030208333333333334 0.02962962962962963
0 0.17890625 0.5092592592592593 0.0640625 0.06296296296296296
