2 0.9861979166666667 0.2652777777777778 0.0265625 0.023148148148148147
2 0.8752604166666667 0.274537037037037 0.04635416666666667 0.025
1 0.3260416666666667 0.5555555555555556 0.020833333333333332 0.1037037037037037
1 0.20651041666666667 0.5592592592592592 0.024479166666666666 0.12037037037037036
2 0.1015625 0.1763888888888889 0.058333333333333334 0.04537037037037037
3 0.05130208333333333 0.1310185185185185 0.0328125 0.07685185185185185
0 0.059375 0.6166666666666667 0.11875 0.26666666666666666
0 0.8528645833333334 0.5583333333333333 0.0578125 0.08333333333333333
0 0.8184895833333333 0.5555555555555556 0.028645833333333332 0.06111111111111111
3 0.95 0.2490740740740741 0.029166666666666667 0.053703703703703705
