0 0.9747395833333333 0.4597222222222222 0.03802083333333333 0.041666666666666664
0 0.8479166666666667 0.4722222222222222 0.03229166666666667 0.03333333333333333
0 0.79140625 0.45925925925925926 0.033854166666666664 0.05
3 0.83515625 0.40555555555555556 0.0296875 0.053703703703703705
0 0.5786458333333333 0.4875 0.016666666666666666 0.03796296296296296
0 0.56875 0.49027777777777776 0.014583333333333334 0.03425925925925926
0 0.5627604166666667 0.49675925925925923 0.016145833333333335 0.026851851851851852
0 0.55625 0.5023148148148148 0.023958333333333335 0.030555555555555555
0 0.4744791666666667 0.5328703703703703 0.08229166666666667 0.11018518518518519
0 0.28411458333333334 0.5273148148148148 0.12864583333333332 0.09537037037037037
0 0.13567708333333334 0.5319444444444444 0.11302083333333333 0.14907407407407408
