0 0.228125 0.5175925925925926 0.051041666666666666 0.024074074074074074
0 0.2598958333333333 0.513425925925926 0.040625 0.030555555555555555
0 0.47109375 0.5185185185185185 0.015104166666666667 0.03333333333333333
0 0.515625 0.5324074074074074 0.016666666666666666 0.025925925925925925
0 0.5338541666666666 0.5351851851851852 0.026041666666666668 0.037037037037037035
0 0.559375 0.5319444444444444 0.027083333333333334 0.049074074074074076
0 0.5809895833333333 0.5412037037037037 0.0484375 0.06388888888888888
0 0.6114583333333333 0.5375 0.017708333333333333 0.028703703703703703
0 0.6338541666666667 0.5375 0.026041666666666668 0.03611111111111111
0 0.8802083333333334 0.5412037037037037 0.035416666666666666 0.049074074074074076
0 0.9302083333333333 0.5875 0.13854166666666667 0.1361111111111111
0 0.7528645833333333 0.5111111111111111 0.23072916666666668 0.34444444444444444
0 0.54609375 0.4986111111111111 0.0296875 0.058333333333333334
