2 0.7924479166666667 0.18194444444444444 0.049479166666666664 0.023148148148148147
2 0.8924479166666667 0.17962962962962964 0.050520833333333334 0.022222222222222223
1 0.5125 0.42685185185185187 0.009375 0.04259259259259259
0 0.48932291666666666 0.4861111111111111 0.0578125 0.08333333333333333
0 0.5611979166666666 0.4791666666666667 0.0609375 0.09907407407407408
0 0.5979166666666667 0.4722222222222222 0.035416666666666666 0.07592592592592592
0 0.59921875 0.449537037037037 0.0484375 0.05462962962962963
0 0.6197916666666666 0.4356481481481482 0.034375 0.05092592592592592
0 0.63828125 0.425462962962963 0.022395833333333334 0.03611111111111111
0 0.6401041666666667 0.412962962962963 0.019791666666666666 0.027777777777777776
0 0.6604166666666667 0.3972222222222222 0.016666666666666666 0.024074074074074074
0 0.62890625 0.38425925925925924 0.024479166666666666 0.046296296296296294
0 0.7986979166666667 0.35324074074074074 0.0265625 0.028703703703703703
0 0.8479166666666667 0.6199074074074075 0.303125 0.5194444444444445
2 0.07057291666666667 0.23842592592592593 0.030729166666666665 0.025
2 0.11588541666666667 0.2490740740740741 0.0296875 0.022222222222222223
