0 0.12421875 0.675 0.2484375 0.45185185185185184
0 0.2421875 0.5527777777777778 0.042708333333333334 0.053703703703703705
0 0.2674479166666667 0.5518518518518518 0.0328125 0.03518518518518519
0 0.2708333333333333 0.5291666666666667 0.12083333333333333 0.06018518518518518
0 0.4158854166666667 0.5587962962962963 0.0921875 0.125
0 0.4752604166666667 0.5486111111111112 0.043229166666666666 0.05648148148148148
0 0.50703125 0.5287037037037037 0.022395833333333334 0.046296296296296294
0 0.6203125 0.5333333333333333 0.021875 0.040740740740740744
0 0.70703125 0.5597222222222222 0.09427083333333333 0.12314814814814815
0 0.56015625 0.6162037037037037 0.15989583333333332 0.22685185185185186
