0 0.13541666666666666 0.5680555555555555 0.2708333333333333 0.27870370370370373
0 0.33515625 0.5694444444444444 0.13697916666666668 0.15
0 0.42630208333333336 0.5217592592592593 0.058854166666666666 0.0824074074074074
0 0.4588541666666667 0.5203703703703704 0.017708333333333333 0.05185185185185185
0 0.44921875 0.48009259259259257 0.027604166666666666 0.026851851851851852
0 0.47421875 0.4842592592592593 0.025520833333333333 0.025925925925925925
0 0.509375 0.5550925925925926 0.10208333333333333 0.14537037037037037
0 0.5614583333333333 0.5013888888888889 0.0125 0.023148148148148147
0 0.5783854166666667 0.4981481481481482 0.027604166666666666 0.05185185185185185
0 0.61953125 0.5305555555555556 0.0796875 0.09444444444444444
