0 0.055989583333333336 0.7282407407407407 0.11197916666666667 0.4527777777777778
0 0.08880208333333334 0.42083333333333334 0.17760416666666667 0.16944444444444445
0 0.26067708333333334 0.43703703703703706 0.1953125 0.13148148148148148
3 0.6854166666666667 0.2175925925925926 0.04479166666666667 0.07962962962962963
2 0.475 0.45 0.00625 0.003703703703703704
2 0.4625 0.45092592592592595 0.00625 0.003703703703703704
0 0.3796875 0.5407407407407407 0.09791666666666667 0.13333333333333333
0 0.41822916666666665 0.5194444444444445 0.04895833333333333 0.10740740740740741
0 0.45208333333333334 0.5171296296296296 0.03125 0.06574074074074074
0 0.5268229166666667 0.5884259259259259 0.16302083333333334 0.225
0 0.8708333333333333 0.4615740740740741 0.0875 0.0787037037037037
