2 0.5682291666666667 0.34814814814814815 0.035416666666666666 0.016666666666666666
2 0.6401041666666667 0.3453703703703704 0.035416666666666666 0.016666666666666666
3 0.8744791666666667 0.16944444444444445 0.015625 0.06666666666666667
1 0.8963541666666667 0.5546296296296296 0.020833333333333332 0.04259259259259259
0 0.00546875 0.6287037037037037 0.0109375 0.09074074074074075
0 0.31875 0.5666666666666667 0.06354166666666666 0.07592592592592592
0 0.490625 0.5578703703703703 0.041666666666666664 0.05462962962962963
0 0.5552083333333333 0.5425925925925926 0.023958333333333335 0.03333333333333333
0 0.5778645833333333 0.5412037037037037 0.0203125 0.025
0 0.6119791666666666 0.5518518518518518 0.040625 0.06111111111111111
0 0.6666666666666666 0.5388888888888889 0.017708333333333333 0.025925925925925925
