0 0.05520833333333333 0.5356481481481481 0.11041666666666666 0.14537037037037037
0 0.07421875 0.49027777777777776 0.0265625 0.030555555555555555
0 0.11041666666666666 0.5046296296296297 0.04791666666666667 0.03888888888888889
0 0.14661458333333333 0.49166666666666664 0.0296875 0.024074074074074074
0 0.196875 0.5203703703703704 0.121875 0.1
0 0.2828125 0.5074074074074074 0.06770833333333333 0.07592592592592592
0 0.32760416666666664 0.49583333333333335 0.046875 0.06944444444444445
0 0.3697916666666667 0.5064814814814815 0.06458333333333334 0.08148148148148149
0 0.43854166666666666 0.4986111111111111 0.026041666666666668 0.03796296296296296
0 0.4609375 0.49583333333333335 0.016666666666666666 0.025
0 0.4856770833333333 0.4981481481481482 0.019270833333333334 0.02962962962962963
2 0.47734375 0.43194444444444446 0.009895833333333333 0.004629629629629629
0 0.6971354166666667 0.4875 0.07864583333333333 0.08425925925925926
0 0.628125 0.4736111111111111 0.057291666666666664 0.08796296296296297
1 0.9309895833333334 0.48842592592592593 0.04635416666666667 0.10277777777777777
1 0.9424479166666667 0.5092592592592593 0.043229166666666666 0.09814814814814815
