0 0.9763020833333333 0.7291666666666666 0.04635416666666667 0.30648148148148147
0 0.740625 0.5875 0.16354166666666667 0.19166666666666668
0 0.6721354166666667 0.5574074074074075 0.08177083333333333 0.1425925925925926
0 0.6333333333333333 0.5421296296296296 0.053125 0.11574074074074074
0 0.5643229166666667 0.5291666666666667 0.030729166666666665 0.041666666666666664
0 0.47317708333333336 0.5833333333333334 0.15052083333333333 0.24074074074074073
0 0.48932291666666666 0.4375 0.07447916666666667 0.09537037037037037
0 0.38776041666666666 0.5388888888888889 0.0328125 0.04259259259259259
0 0.34765625 0.5416666666666666 0.04739583333333333 0.06481481481481481
0 0.3333333333333333 0.5513888888888889 0.03333333333333333 0.062037037037037036
0 0.2890625 0.5537037037037037 0.07083333333333333 0.08518518518518518
