0 0.024739583333333332 0.5361111111111111 0.049479166666666664 0.08703703703703704
0 0.042708333333333334 0.4759259259259259 0.08541666666666667 0.1
0 0.07604166666666666 0.5365740740740741 0.05625 0.062037037037037036
0 0.1328125 0.5398148148148149 0.075 0.07037037037037037
0 0.16822916666666668 0.5314814814814814 0.036458333333333336 0.05185185185185185
0 0.19270833333333334 0.5231481481481481 0.03958333333333333 0.05740740740740741
0 0.23307291666666666 0.5254629629629629 0.05364583333333333 0.06018518518518518
0 0.26119791666666664 0.5254629629629629 0.015104166666666667 0.03425925925925926
0 0.2838541666666667 0.5212962962962963 0.015625 0.03148148148148148
0 0.30520833333333336 0.5222222222222223 0.03333333333333333 0.040740740740740744
0 0.32708333333333334 0.5212962962962963 0.021875 0.03518518518518519
0 0.34427083333333336 0.5217592592592593 0.019791666666666666 0.028703703703703703
0 0.3692708333333333 0.5231481481481481 0.017708333333333333 0.027777777777777776
0 0.39140625 0.524074074074074 0.0296875 0.04259259259259259
0 0.40546875 0.5078703703703704 0.018229166666666668 0.041666666666666664
0 0.5106770833333333 0.5398148148148149 0.050520833333333334 0.06666666666666667
