0 0.08854166666666667 0.6527777777777778 0.17708333333333334 0.387037037037037
0 0.18828125 0.5120370370370371 0.0546875 0.08703703703703704
0 0.22786458333333334 0.4981481481481482 0.0234375 0.03888888888888889
0 0.21927083333333333 0.5152777777777777 0.013541666666666667 0.04351851851851852
0 0.30520833333333336 0.5018518518518519 0.03333333333333333 0.03333333333333333
0 0.33567708333333335 0.5009259259259259 0.0328125 0.03518518518518519
0 0.3890625 0.4981481481481482 0.036458333333333336 0.03888888888888889
0 0.47552083333333334 0.5537037037037037 0.13645833333333332 0.18518518518518517
0 0.5880208333333333 0.5231481481481481 0.071875 0.09074074074074075
0 0.6450520833333333 0.5398148148148149 0.05677083333333333 0.1388888888888889
0 0.7153645833333333 0.5398148148148149 0.12239583333333333 0.17962962962962964
2 0.4127604166666667 0.35324074074074074 0.0171875 0.012037037037037037
2 0.44244791666666666 0.3527777777777778 0.0171875 0.011111111111111112
3 0.5419270833333333 0.24537037037037038 0.018229166666666668 0.03333333333333333
0 0.5375 0.5064814814814815 0.025 0.046296296296296294
