0 0.01875 0.575462962962963 0.0375 0.10462962962962963
0 0.24947916666666667 0.5444444444444444 0.09583333333333334 0.10185185185185185
0 0.4010416666666667 0.5092592592592593 0.021875 0.05
0 0.42630208333333336 0.5115740740740741 0.015104166666666667 0.032407407407407406
0 0.43854166666666666 0.5180555555555556 0.017708333333333333 0.025
0 0.48020833333333335 0.5106481481481482 0.015625 0.032407407407407406
0 0.5192708333333333 0.5407407407407407 0.06145833333333333 0.08518518518518518
0 0.6302083333333334 0.4898148148148148 0.030208333333333334 0.025925925925925925
0 0.6567708333333333 0.48842592592592593 0.021875 0.032407407407407406
3 0.7888020833333333 0.44537037037037036 0.016145833333333335 0.025925925925925925
2 0.23203125 0.22175925925925927 0.03697916666666667 0.026851851851851852
2 0.45546875 0.41944444444444445 0.011979166666666667 0.009259259259259259
2 0.4979166666666667 0.41574074074074074 0.0125 0.007407407407407408
2 0.6630208333333333 0.3453703703703704 0.019791666666666666 0.012962962962962963
2 0.7127604166666667 0.34120370370370373 0.019270833333333334 0.012037037037037037
