0 0.015104166666666667 0.6111111111111112 0.030208333333333334 0.15555555555555556
0 0.13645833333333332 0.5310185185185186 0.03125 0.05648148148148148
0 0.17109375 0.5342592592592592 0.05572916666666667 0.06111111111111111
0 0.32473958333333336 0.5504629629629629 0.11614583333333334 0.15462962962962962
0 0.3963541666666667 0.5319444444444444 0.03333333333333333 0.04351851851851852
0 0.44244791666666666 0.5254629629629629 0.0203125 0.028703703703703703
0 0.46484375 0.5194444444444445 0.018229166666666668 0.02962962962962963
0 0.47994791666666664 0.5180555555555556 0.0140625 0.025
0 0.5028645833333333 0.5152777777777777 0.015104166666666667 0.030555555555555555
0 0.51875 0.5138888888888888 0.017708333333333333 0.04814814814814815
3 0.3171875 0.3712962962962963 0.0125 0.024074074074074074
