3 0.76015625 0.3351851851851852 0.025520833333333333 0.05
0 0.6986979166666667 0.5018518518518519 0.0640625 0.07407407407407407
0 0.6005208333333333 0.538425925925926 0.075 0.08981481481481482
0 0.47369791666666666 0.5912037037037037 0.1890625 0.2657407407407407
0 0.30755208333333334 0.45601851851851855 0.19010416666666666 0.23425925925925925
0 0.3255208333333333 0.538425925925926 0.134375 0.16944444444444445
0 0.39479166666666665 0.5087962962962963 0.029166666666666667 0.04537037037037037
0 0.057291666666666664 0.6175925925925926 0.11458333333333333 0.11296296296296296
0 0.07265625 0.5699074074074074 0.1453125 0.13796296296296295
0 0.5622395833333333 0.5162037037037037 0.04114583333333333 0.06018518518518518
0 0.10807291666666667 0.5458333333333333 0.09427083333333333 0.09351851851851851
0 0.15208333333333332 0.5300925925925926 0.06041666666666667 0.04351851851851852
0 0.40703125 0.4736111111111111 0.027604166666666666 0.025
