3 0.025 0.4583333333333333 0.017708333333333333 0.04814814814814815
1 0.07578125 0.5356481481481481 0.008854166666666666 0.06759259259259259
1 0.11692708333333333 0.5388888888888889 0.013020833333333334 0.06111111111111111
1 0.7473958333333334 0.49907407407407406 0.005208333333333333 0.027777777777777776
1 0.7424479166666667 0.4976851851851852 0.005729166666666666 0.023148148148148147
1 0.69140625 0.5046296296296297 0.005729166666666666 0.024074074074074074
1 0.6596354166666667 0.5037037037037037 0.0046875 0.025925925925925925
2 0.5703125 0.4300925925925926 0.013541666666666667 0.006481481481481481
2 0.6041666666666666 0.4305555555555556 0.0125 0.007407407407407408
0 0.0375 0.5231481481481481 0.03229166666666667 0.046296296296296294
0 0.10026041666666667 0.5324074074074074 0.04114583333333333 0.03518518518518519
0 0.1640625 0.5333333333333333 0.057291666666666664 0.05740740740740741
0 0.49661458333333336 0.5097222222222222 0.0171875 0.026851851851851852
0 0.5833333333333334 0.5277777777777778 0.058333333333333334 0.07222222222222222
0 0.5234375 0.5101851851851852 0.016666666666666666 0.022222222222222223
0 0.8528645833333334 0.5305555555555556 0.09114583333333333 0.09074074074074075
0 0.8088541666666667 0.5074074074074074 0.034375 0.03518518518518519
0 0.8361979166666667 0.49166666666666664 0.030729166666666665 0.024074074074074074
1 0.3411458333333333 0.5092592592592593 0.004166666666666667 0.022222222222222223
