0 0.08333333333333333 0.7069444444444445 0.16666666666666666 0.5842592592592593
0 0.09505208333333333 0.549537037037037 0.10677083333333333 0.175
0 0.15104166666666666 0.5319444444444444 0.040625 0.11574074074074074
0 0.19322916666666667 0.5212962962962963 0.06979166666666667 0.11296296296296296
0 0.24114583333333334 0.5203703703703704 0.0375 0.07962962962962963
0 0.275 0.5097222222222222 0.05 0.075
0 0.30494791666666665 0.5106481481481482 0.018229166666666668 0.04722222222222222
0 0.3625 0.4981481481481482 0.035416666666666666 0.05555555555555555
0 0.31588541666666664 0.5060185185185185 0.018229166666666668 0.03981481481481482
0 0.39505208333333336 0.4949074074074074 0.027604166666666666 0.03981481481481482
0 0.5432291666666667 0.5824074074074074 0.18541666666666667 0.25
0 0.4466145833333333 0.4981481481481482 0.04114583333333333 0.05555555555555555
0 0.42526041666666664 0.44722222222222224 0.022395833333333334 0.040740740740740744
0 0.45338541666666665 0.42453703703703705 0.015104166666666667 0.03425925925925926
0 0.4734375 0.46574074074074073 0.016666666666666666 0.020370370370370372
3 0.5341145833333333 0.06666666666666667 0.058854166666666666 0.09259259259259259
3 0.5231770833333333 0.3013888888888889 0.0203125 0.03981481481481482
3 0.63125 0.39490740740740743 0.014583333333333334 0.026851851851851852
3 0.7822916666666667 0.26296296296296295 0.03333333333333333 0.053703703703703705
2 0.5033854166666667 0.3939814814814815 0.016145833333333335 0.008333333333333333
0 0.5533854166666666 0.43287037037037035 0.019270833333333334 0.041666666666666664
2 0.5315104166666667 0.39351851851851855 0.011979166666666667 0.009259259259259259
0 0.047135416666666666 0.4486111111111111 0.0484375 0.025
