0 0.5856770833333333 0.5532407407407407 0.06510416666666667 0.0824074074074074
0 0.5471354166666667 0.5296296296296297 0.0390625 0.07222222222222222
0 0.4640625 0.5152777777777777 0.01875 0.021296296296296296
0 0.41458333333333336 0.5305555555555556 0.025 0.03148148148148148
0 0.26901041666666664 0.5333333333333333 0.05364583333333333 0.03333333333333333
0 0.24010416666666667 0.5347222222222222 0.013541666666666667 0.023148148148148147
0 0.021354166666666667 0.5833333333333334 0.042708333333333334 0.17407407407407408
3 0.82890625 0.36157407407407405 0.04010416666666667 0.0787037037037037
2 0.44375 0.4527777777777778 0.0125 0.005555555555555556
2 0.47291666666666665 0.45231481481481484 0.010416666666666666 0.004629629629629629
0 0.9119791666666667 0.513425925925926 0.04479166666666667 0.08611111111111111
0 0.8723958333333334 0.5148148148148148 0.06770833333333333 0.07777777777777778
0 0.3372395833333333 0.5208333333333334 0.018229166666666668 0.021296296296296296
