0 0.7770833333333333 0.49398148148148147 0.03333333333333333 0.125
3 0.6296875 0.3472222222222222 0.027083333333333334 0.07407407407407407
3 0.6236979166666666 0.26805555555555555 0.03802083333333333 0.08425925925925926
2 0.5002604166666667 0.4046296296296296 0.015104166666666667 0.007407407407407408
2 0.46953125 0.4078703703703704 0.015104166666666667 0.008333333333333333
0 0.5216145833333333 0.5064814814814815 0.019270833333333334 0.02962962962962963
0 0.5153645833333333 0.5013888888888889 0.018229166666666668 0.03611111111111111
0 0.4778645833333333 0.5037037037037037 0.016145833333333335 0.040740740740740744
0 0.46640625 0.5087962962962963 0.030729166666666665 0.04722222222222222
0 0.44583333333333336 0.5189814814814815 0.034375 0.05462962962962963
0 0.40729166666666666 0.5319444444444444 0.06875 0.08981481481481482
0 0.36354166666666665 0.513425925925926 0.03958333333333333 0.07685185185185185
0 0.303125 0.5680555555555555 0.140625 0.16944444444444445
0 0.25416666666666665 0.5013888888888889 0.04895833333333333 0.05462962962962963
0 0.128125 0.6069444444444444 0.25625 0.6657407407407407
0 0.2859375 0.2652777777777778 0.06770833333333333 0.032407407407407406
