1 0.7354166666666667 0.5416666666666666 0.013541666666666667 0.05185185185185185
2 0.5010416666666667 0.38425925925925924 0.021875 0.011111111111111112
2 0.4661458333333333 0.3851851851851852 0.022916666666666665 0.011111111111111112
2 0.7723958333333333 0.3375 0.013541666666666667 0.017592592592592594
0 0.765625 0.5263888888888889 0.05520833333333333 0.075
0 0.6747395833333333 0.5513888888888889 0.09635416666666667 0.09166666666666666
0 0.5783854166666667 0.5634259259259259 0.0921875 0.10462962962962963
0 0.4434895833333333 0.575925925925926 0.10989583333333333 0.14074074074074075
0 0.35260416666666666 0.5351851851851852 0.036458333333333336 0.04814814814814815
0 0.3265625 0.5263888888888889 0.020833333333333332 0.03981481481481482
0 0.30234375 0.5305555555555556 0.0390625 0.053703703703703705
