0 0.7802083333333333 0.549537037037037 0.16875 0.22685185185185186
0 0.6190104166666667 0.5277777777777778 0.0296875 0.04259259259259259
0 0.578125 0.5347222222222222 0.03333333333333333 0.049074074074074076
0 0.5096354166666667 0.5347222222222222 0.0359375 0.05092592592592592
0 0.5169270833333334 0.5018518518518519 0.0234375 0.04814814814814815
0 0.09635416666666667 0.5958333333333333 0.19270833333333334 0.20092592592592592
0 0.6645833333333333 0.5037037037037037 0.03229166666666667 0.05555555555555555
0 0.76953125 0.42592592592592593 0.05572916666666667 0.03518518518518519
0 0.7325520833333333 0.4398148148148148 0.0234375 0.027777777777777776
0 0.5971354166666667 0.5222222222222223 0.015104166666666667 0.027777777777777776
