3 0.5981770833333333 0.27037037037037037 0.025520833333333333 0.046296296296296294
2 0.559375 0.2935185185185185 0.041666666666666664 0.020370370370370372
2 0.66953125 0.28703703703703703 0.04114583333333333 0.020370370370370372
0 0.9697916666666667 0.6069444444444444 0.059375 0.1527777777777778
1 0.96796875 0.538425925925926 0.06302083333333333 0.1527777777777778
0 0.81953125 0.5421296296296296 0.10989583333333333 0.06388888888888888
0 0.5018229166666667 0.5333333333333333 0.0140625 0.027777777777777776
3 0.7604166666666666 0.4703703703703704 0.011458333333333333 0.024074074074074074
3 0.6200520833333333 0.4222222222222222 0.011979166666666667 0.022222222222222223
3 0.6395833333333333 0.4222222222222222 0.0125 0.022222222222222223
3 0.16744791666666667 0.2212962962962963 0.0109375 0.05740740740740741
