0 0.011458333333333333 0.5717592592592593 0.022916666666666665 0.03981481481481482
1 0.03802083333333333 0.562037037037037 0.00625 0.04814814814814815
1 0.14869791666666668 0.5597222222222222 0.0171875 0.03981481481481482
0 0.21770833333333334 0.5601851851851852 0.13854166666666667 0.1388888888888889
0 0.37734375 0.5300925925925926 0.050520833333333334 0.049074074074074076
0 0.43411458333333336 0.5157407407407407 0.021354166666666667 0.027777777777777776
0 0.5075520833333333 0.524537037037037 0.033854166666666664 0.05092592592592592
0 0.5739583333333333 0.5175925925925926 0.022916666666666665 0.03148148148148148
0 0.6950520833333333 0.5837962962962963 0.18489583333333334 0.19537037037037036
0 0.9072916666666667 0.5078703703703704 0.04375 0.06388888888888888
0 0.9729166666666667 0.5967592592592592 0.053125 0.12685185185185185
