0 0.10703125 0.5263888888888889 0.050520833333333334 0.041666666666666664
0 0.21145833333333333 0.524074074074074 0.03125 0.02962962962962963
0 0.4125 0.5375 0.05 0.06759259259259259
0 0.4434895833333333 0.5199074074074074 0.0171875 0.021296296296296296
0 0.46848958333333335 0.5157407407407407 0.016145833333333335 0.02962962962962963
0 0.5010416666666667 0.5310185185185186 0.05 0.075
0 0.5927083333333333 0.5361111111111111 0.05416666666666667 0.08333333333333333
0 0.78359375 0.5953703703703703 0.19739583333333333 0.2074074074074074
3 0.5911458333333334 0.07777777777777778 0.03333333333333333 0.05740740740740741
3 0.55546875 0.07546296296296297 0.0328125 0.05648148148148148
