0 0.09895833333333333 0.5712962962962963 0.134375 0.10740740740740741
0 0.6182291666666667 0.5236111111111111 0.021875 0.05092592592592592
0 0.6385416666666667 0.5236111111111111 0.013541666666666667 0.023148148148148147
0 0.6611979166666667 0.5277777777777778 0.03802083333333333 0.07222222222222222
0 0.6721354166666667 0.5333333333333333 0.04114583333333333 0.07407407407407407
0 0.67109375 0.5601851851851852 0.034895833333333334 0.1037037037037037
0 0.7565104166666666 0.6240740740740741 0.20989583333333334 0.2759259259259259
0 0.8544270833333333 0.5532407407407407 0.08385416666666666 0.13055555555555556
0 0.6018229166666667 0.5393518518518519 0.025520833333333333 0.05648148148148148
0 0.5625 0.5439814814814815 0.075 0.10648148148148148
0 0.38046875 0.6166666666666667 0.2557291666666667 0.3148148148148148
