0 0.46328125 0.25462962962962965 0.09322916666666667 0.022222222222222223
3 0.4953125 0.2935185185185185 0.015625 0.027777777777777776
3 0.44895833333333335 0.3472222222222222 0.014583333333333334 0.025925925925925925
2 0.5143229166666666 0.3425925925925926 0.0359375 0.016666666666666666
3 0.55 0.34444444444444444 0.022916666666666665 0.037037037037037035
3 0.5736979166666667 0.3458333333333333 0.022395833333333334 0.03981481481481482
2 0.6140625 0.34305555555555556 0.036458333333333336 0.017592592592592594
0 0.46458333333333335 0.2550925925925926 0.09479166666666666 0.023148148148148147
0 0.12135416666666667 0.524074074074074 0.030208333333333334 0.03148148148148148
0 0.00625 0.5453703703703704 0.0125 0.04259259259259259
0 0.21145833333333333 0.524537037037037 0.03958333333333333 0.041666666666666664
0 0.23411458333333332 0.5638888888888889 0.034895833333333334 0.08518518518518518
1 0.24557291666666667 0.5388888888888889 0.019270833333333334 0.09444444444444444
0 0.37161458333333336 0.5268518518518519 0.07239583333333334 0.05925925925925926
1 0.4192708333333333 0.5254629629629629 0.008333333333333333 0.03611111111111111
0 0.43984375 0.5268518518518519 0.0140625 0.03148148148148148
0 0.48828125 0.5180555555555556 0.08697916666666666 0.09166666666666666
0 0.5263020833333333 0.5203703703703704 0.016145833333333335 0.02962962962962963
0 0.5442708333333334 0.5203703703703704 0.020833333333333332 0.024074074074074074
0 0.5643229166666667 0.5097222222222222 0.019270833333333334 0.030555555555555555
0 0.5934895833333333 0.5254629629629629 0.0765625 0.05277777777777778
0 0.6520833333333333 0.5287037037037037 0.084375 0.05
0 0.7817708333333333 0.5101851851851852 0.026041666666666668 0.02962962962962963
0 0.83046875 0.5138888888888888 0.05677083333333333 0.05185185185185185
0 0.9088541666666666 0.5814814814814815 0.18125 0.18703703703703703
