1 0.08125 0.5236111111111111 0.013541666666666667 0.030555555555555555
1 0.044270833333333336 0.5444444444444444 0.013541666666666667 0.06481481481481481
1 0.8958333333333334 0.5351851851851852 0.026041666666666668 0.07037037037037037
1 0.8567708333333334 0.5212962962962963 0.026041666666666668 0.037037037037037035
2 0.5153645833333333 0.4337962962962963 0.0109375 0.006481481481481481
2 0.53671875 0.43425925925925923 0.009895833333333333 0.005555555555555556
0 0.49322916666666666 0.5162037037037037 0.025 0.03611111111111111
0 0.5268229166666667 0.5185185185185185 0.0234375 0.040740740740740744
0 0.5354166666666667 0.5231481481481481 0.025 0.040740740740740744
0 0.55703125 0.5310185185185186 0.04010416666666667 0.05277777777777778
0 0.425 0.5 0.029166666666666667 0.018518518518518517
0 0.446875 0.5148148148148148 0.022916666666666665 0.02962962962962963
0 0.4296875 0.5310185185185186 0.036458333333333336 0.05277777777777778
0 0.4075520833333333 0.5217592592592593 0.018229166666666668 0.03796296296296296
0 0.36614583333333334 0.5467592592592593 0.084375 0.12129629629629629
0 0.33177083333333335 0.5055555555555555 0.028125 0.037037037037037035
0 0.3265625 0.5449074074074074 0.017708333333333333 0.06759259259259259
