0 0.7981770833333334 0.5023148148148148 0.06822916666666666 0.07314814814814814
0 0.6322916666666667 0.5166666666666667 0.08333333333333333 0.05925925925925926
0 0.5848958333333333 0.5111111111111111 0.013541666666666667 0.024074074074074074
0 0.5703125 0.5171296296296296 0.021875 0.03425925925925926
0 0.534375 0.5236111111111111 0.03333333333333333 0.041666666666666664
0 0.5552083333333333 0.49074074074074076 0.016666666666666666 0.02962962962962963
0 0.35833333333333334 0.5481481481481482 0.029166666666666667 0.07962962962962963
1 0.3572916666666667 0.5333333333333333 0.022916666666666665 0.07777777777777778
0 0.25546875 0.5300925925925926 0.0203125 0.032407407407407406
0 0.271875 0.5231481481481481 0.0375 0.03518518518518519
0 0.22317708333333333 0.5226851851851851 0.049479166666666664 0.06759259259259259
0 0.13020833333333334 0.5111111111111111 0.04375 0.02962962962962963
0 0.12213541666666666 0.5462962962962963 0.06822916666666666 0.05555555555555555
0 0.15625 0.5046296296296297 0.03333333333333333 0.025925925925925925
2 0.5671875 0.25324074074074077 0.04375 0.019444444444444445
2 0.4666666666666667 0.25462962962962965 0.04375 0.018518518518518517
3 0.5033854166666667 0.23564814814814813 0.027604166666666666 0.049074074074074076
2 0.5015625 0.45601851851851855 0.00625 0.004629629629629629
