3 0.7247395833333333 0.3537037037037037 0.0328125 0.05555555555555555
1 0.6598958333333333 0.5273148148148148 0.028125 0.12314814814814815
0 0.6619791666666667 0.5773148148148148 0.028125 0.07314814814814814
1 0.88125 0.5148148148148148 0.035416666666666666 0.1925925925925926
1 0.9106770833333333 0.5138888888888888 0.024479166666666666 0.18888888888888888
0 0.0828125 0.6180555555555556 0.165625 0.29907407407407405
0 0.04114583333333333 0.4550925925925926 0.08229166666666667 0.03796296296296296
0 0.21171875 0.5731481481481482 0.14322916666666666 0.18888888888888888
0 0.3098958333333333 0.5439814814814815 0.06041666666666667 0.0824074074074074
1 0.37083333333333335 0.5064814814814815 0.014583333333333334 0.024074074074074074
0 0.37057291666666664 0.5393518518518519 0.0203125 0.05277777777777778
0 0.4453125 0.5300925925925926 0.042708333333333334 0.05277777777777778
0 0.46901041666666665 0.5254629629629629 0.0234375 0.04537037037037037
0 0.51484375 0.5291666666666667 0.07239583333333334 0.11018518518518519
0 0.5658854166666667 0.5199074074074074 0.028645833333333332 0.04537037037037037
