3 0.70390625 0.41064814814814815 0.018229166666666668 0.03611111111111111
0 0.5380208333333333 0.5152777777777777 0.015625 0.026851851851851852
0 0.50546875 0.5412037037037037 0.07239583333333334 0.09722222222222222
0 0.4434895833333333 0.5143518518518518 0.0203125 0.030555555555555555
0 0.4044270833333333 0.525 0.033854166666666664 0.046296296296296294
0 0.3580729166666667 0.5324074074074074 0.025520833333333333 0.03518518518518519
0 0.2359375 0.5523148148148148 0.07083333333333333 0.08796296296296297
0 0.0765625 0.5800925925925926 0.153125 0.1361111111111111
0 0.06640625 0.47129629629629627 0.11510416666666666 0.1
2 0.509375 0.45787037037037037 0.007291666666666667 0.004629629629629629
2 0.49921875 0.4625 0.0067708333333333336 0.004629629629629629
0 0.18385416666666668 0.5027777777777778 0.07916666666666666 0.10185185185185185
0 0.9885416666666667 0.4824074074074074 0.021875 0.07592592592592592
