0 0.009635416666666667 0.549537037037037 0.019270833333333334 0.04351851851851852
0 0.031510416666666666 0.5462962962962963 0.044270833333333336 0.046296296296296294
0 0.04973958333333333 0.5425925925925926 0.025520833333333333 0.040740740740740744
0 0.0515625 0.5328703703703703 0.040625 0.03796296296296296
0 0.1 0.5277777777777778 0.0625 0.07407407407407407
0 0.14895833333333333 0.5305555555555556 0.028125 0.040740740740740744
0 0.27760416666666665 0.549537037037037 0.04583333333333333 0.05092592592592592
1 0.3455729166666667 0.5199074074074074 0.005729166666666666 0.023148148148148147
1 0.31328125 0.5328703703703703 0.0046875 0.028703703703703703
0 0.3567708333333333 0.5398148148148149 0.035416666666666666 0.044444444444444446
0 0.415625 0.5305555555555556 0.035416666666666666 0.04814814814814815
0 0.44140625 0.5277777777777778 0.021354166666666667 0.03888888888888889
0 0.4625 0.5342592592592592 0.035416666666666666 0.046296296296296294
0 0.47421875 0.5148148148148148 0.022395833333333334 0.044444444444444446
0 0.4903645833333333 0.5199074074074074 0.0140625 0.026851851851851852
0 0.51953125 0.5143518518518518 0.016145833333333335 0.023148148148148147
0 0.5567708333333333 0.524537037037037 0.03229166666666667 0.032407407407407406
1 0.6294270833333333 0.513425925925926 0.0109375 0.03981481481481482
0 0.8627604166666667 0.475462962962963 0.034895833333333334 0.026851851851851852
0 0.9072916666666667 0.4652777777777778 0.05625 0.028703703703703703
0 0.9859375 0.47962962962962963 0.027083333333333334 0.06111111111111111
0 0.9838541666666667 0.44907407407407407 0.03125 0.040740740740740744
3 0.4791666666666667 0.37962962962962965 0.0125 0.025925925925925925
2 0.4622395833333333 0.3921296296296296 0.022395833333333334 0.012037037037037037
2 0.5244791666666667 0.38657407407407407 0.022916666666666665 0.010185185185185186
3 0.08177083333333333 0.3527777777777778 0.0125 0.03888888888888889
