2 0.4666666666666667 0.4023148148148148 0.016666666666666666 0.008333333333333333
2 0.509375 0.4023148148148148 0.017708333333333333 0.008333333333333333
1 0.8283854166666667 0.513425925925926 0.0109375 0.08796296296296297
0 0.5557291666666667 0.5041666666666667 0.01875 0.023148148148148147
0 0.6216145833333333 0.5046296296296297 0.06822916666666666 0.11481481481481481
0 0.6466145833333333 0.525 0.0578125 0.09259259259259259
0 0.7138020833333333 0.5282407407407408 0.08177083333333333 0.10833333333333334
0 0.4635416666666667 0.5171296296296296 0.0375 0.06018518518518518
0 0.43255208333333334 0.5097222222222222 0.0203125 0.032407407407407406
0 0.4265625 0.5162037037037037 0.026041666666666668 0.03981481481481482
0 0.4119791666666667 0.525 0.021875 0.06296296296296296
0 0.3875 0.5365740740740741 0.06354166666666666 0.08796296296296297
0 0.35651041666666666 0.512962962962963 0.0234375 0.03518518518518519
0 0.2950520833333333 0.575462962962963 0.15052083333333333 0.18055555555555555
0 0.23567708333333334 0.5175925925925926 0.033854166666666664 0.053703703703703705
0 0.18463541666666666 0.5361111111111111 0.08385416666666666 0.10925925925925926
0 0.10390625 0.55 0.12447916666666667 0.13333333333333333
0 0.9052083333333333 0.5407407407407407 0.01875 0.1111111111111111
