0 0.5080729166666667 0.4962962962962963 0.07552083333333333 0.1111111111111111
0 0.41875 0.47129629629629627 0.025 0.03888888888888889
0 0.371875 0.4675925925925926 0.027083333333333334 0.04259259259259259
0 0.30703125 0.43425925925925923 0.015104166666666667 0.040740740740740744
0 0.29921875 0.4388888888888889 0.0171875 0.04259259259259259
0 0.21692708333333333 0.4828703703703704 0.0234375 0.03981481481481482
0 0.26171875 0.49675925925925923 0.08177083333333333 0.12314814814814815
0 0.0984375 0.46296296296296297 0.025 0.022222222222222223
0 0.10546875 0.4550925925925926 0.021354166666666667 0.03611111111111111
0 0.16432291666666668 0.44722222222222224 0.016145833333333335 0.03148148148148148
0 0.1375 0.4486111111111111 0.020833333333333332 0.03981481481481482
0 0.15052083333333333 0.5074074074074074 0.07083333333333333 0.08703703703703704
0 0.04453125 0.45231481481481484 0.04010416666666667 0.049074074074074076
