0 0.039322916666666666 0.600462962962963 0.06510416666666667 0.10648148148148148
0 0.050520833333333334 0.5634259259259259 0.040625 0.07314814814814814
0 0.01015625 0.5685185185185185 0.0203125 0.06111111111111111
0 0.08619791666666667 0.5291666666666667 0.1046875 0.10833333333333334
0 0.19739583333333333 0.5236111111111111 0.03229166666666667 0.05277777777777778
0 0.23645833333333333 0.5208333333333334 0.052083333333333336 0.06018518518518518
0 0.4635416666666667 0.5050925925925925 0.016666666666666666 0.03611111111111111
0 0.5052083333333334 0.513425925925926 0.03125 0.06759259259259259
0 0.5231770833333333 0.5291666666666667 0.049479166666666664 0.06944444444444445
0 0.84765625 0.6574074074074074 0.30364583333333334 0.3685185185185185
3 0.70390625 0.4726851851851852 0.0140625 0.026851851851851852
2 0.51484375 0.4462962962962963 0.0067708333333333336 0.003703703703703704
2 0.5356770833333333 0.4439814814814815 0.008854166666666666 0.004629629629629629
