0 0.10911458333333333 0.5430555555555555 0.0609375 0.06018518518518518
0 0.27447916666666666 0.5263888888888889 0.078125 0.08425925925925926
0 0.3221354166666667 0.49583333333333335 0.08177083333333333 0.10092592592592593
0 0.41901041666666666 0.5337962962962963 0.0578125 0.06759259259259259
0 0.44817708333333334 0.5087962962962963 0.0140625 0.023148148148148147
0 0.5072916666666667 0.5319444444444444 0.046875 0.06574074074074074
0 0.5171875 0.5041666666666667 0.019791666666666666 0.028703703703703703
0 0.5447916666666667 0.5143518518518518 0.021875 0.03425925925925926
0 0.5755208333333334 0.5305555555555556 0.042708333333333334 0.05555555555555555
0 0.6744791666666666 0.5606481481481481 0.13958333333333334 0.20092592592592592
0 0.9526041666666667 0.5587962962962963 0.09375 0.2101851851851852
3 0.5635416666666667 0.3476851851851852 0.019791666666666666 0.030555555555555555
3 0.5830729166666667 0.3476851851851852 0.019270833333333334 0.030555555555555555
