0 0.0796875 0.5685185185185185 0.159375 0.17222222222222222
0 0.27786458333333336 0.5523148148148148 0.11614583333333334 0.13240740740740742
0 0.3419270833333333 0.5194444444444445 0.033854166666666664 0.046296296296296294
0 0.43359375 0.5083333333333333 0.0515625 0.07962962962962963
0 0.45260416666666664 0.5375 0.06354166666666666 0.08611111111111111
0 0.48333333333333334 0.5310185185185186 0.023958333333333335 0.0712962962962963
0 0.50078125 0.525 0.0328125 0.05925925925925926
0 0.52578125 0.4861111111111111 0.034895833333333334 0.027777777777777776
0 0.5356770833333333 0.5162037037037037 0.034895833333333334 0.04722222222222222
0 0.55859375 0.5328703703703703 0.058854166666666666 0.0787037037037037
0 0.59765625 0.5236111111111111 0.04114583333333333 0.06388888888888888
0 0.6333333333333333 0.5236111111111111 0.03854166666666667 0.05462962962962963
0 0.6635416666666667 0.5194444444444445 0.035416666666666666 0.04814814814814815
0 0.38984375 0.5365740740740741 0.0265625 0.06574074074074074
1 0.39010416666666664 0.5212962962962963 0.021875 0.06851851851851852
0 0.6609375 0.4847222222222222 0.027083333333333334 0.03425925925925926
0 0.6041666666666666 0.4736111111111111 0.096875 0.07685185185185185
0 0.6776041666666667 0.4759259259259259 0.040625 0.05
0 0.7450520833333333 0.5083333333333333 0.1359375 0.21481481481481482
0 0.9677083333333333 0.6162037037037037 0.06354166666666666 0.21574074074074073
