0 0.029947916666666668 0.562962962962963 0.059895833333333336 0.12407407407407407
0 0.24401041666666667 0.5333333333333333 0.10572916666666667 0.08518518518518518
0 0.3098958333333333 0.5194444444444445 0.035416666666666666 0.044444444444444446
0 0.35390625 0.5157407407407407 0.028645833333333332 0.03148148148148148
0 0.38671875 0.5120370370370371 0.044270833333333336 0.046296296296296294
0 0.4192708333333333 0.5106481481481482 0.04791666666666667 0.03796296296296296
0 0.5549479166666667 0.5106481481481482 0.033854166666666664 0.049074074074074076
0 0.7169270833333333 0.524074074074074 0.0515625 0.04814814814814815
0 0.05911458333333333 0.549074074074074 0.0703125 0.08148148148148149
0 0.08958333333333333 0.5444444444444444 0.051041666666666666 0.06111111111111111
