0 0.10182291666666667 0.5893518518518519 0.13489583333333333 0.125
0 0.19401041666666666 0.5736111111111111 0.07552083333333333 0.09166666666666666
0 0.25078125 0.5625 0.0609375 0.07314814814814814
0 0.2890625 0.5569444444444445 0.036458333333333336 0.058333333333333334
0 0.32916666666666666 0.5555555555555556 0.06354166666666666 0.07407407407407407
0 0.3776041666666667 0.5513888888888889 0.036458333333333336 0.05092592592592592
0 0.4161458333333333 0.549074074074074 0.051041666666666666 0.06296296296296296
0 0.44453125 0.5402777777777777 0.0203125 0.06388888888888888
0 0.49713541666666666 0.4648148148148148 0.0765625 0.07037037037037037
0 0.49895833333333334 0.5930555555555556 0.12604166666666666 0.19907407407407407
0 0.5416666666666666 0.5106481481481482 0.015625 0.030555555555555555
0 0.5591145833333333 0.5407407407407407 0.0265625 0.044444444444444446
0 0.5958333333333333 0.5412037037037037 0.08333333333333333 0.06759259259259259
1 0.6471354166666666 0.5296296296296297 0.008854166666666666 0.044444444444444446
1 0.7796875 0.5263888888888889 0.019791666666666666 0.125
1 0.8611979166666667 0.5199074074074074 0.0234375 0.1287037037037037
1 0.8713541666666667 0.512962962962963 0.016666666666666666 0.13333333333333333
1 0.9630208333333333 0.5236111111111111 0.019791666666666666 0.1712962962962963
