1 0.04973958333333333 0.46805555555555556 0.008854166666666666 0.032407407407407406
3 0.06848958333333334 0.40925925925925927 0.013020833333333334 0.022222222222222223
1 0.2557291666666667 0.4810185185185185 0.015625 0.06388888888888888
1 0.38671875 0.47824074074074074 0.0046875 0.03981481481481482
1 0.39869791666666665 0.4791666666666667 0.0067708333333333336 0.03611111111111111
1 0.6901041666666666 0.475 0.017708333333333333 0.07962962962962963
1 0.6994791666666667 0.4722222222222222 0.011458333333333333 0.05925925925925926
3 0.8236979166666667 0.1587962962962963 0.05677083333333333 0.1175925925925926
3 0.6651041666666667 0.27546296296296297 0.028125 0.058333333333333334
3 0.6645833333333333 0.35324074074074074 0.028125 0.05648148148148148
3 0.59765625 0.3962962962962963 0.0171875 0.03148148148148148
3 0.3958333333333333 0.02962962962962963 0.041666666666666664 0.05925925925925926
2 0.48072916666666665 0.41805555555555557 0.011458333333333333 0.006481481481481481
2 0.49453125 0.41712962962962963 0.0109375 0.006481481481481481
0 0.4265625 0.4703703703703704 0.04583333333333333 0.06481481481481481
0 0.4895833333333333 0.48009259259259257 0.019791666666666666 0.028703703703703703
0 0.5044270833333333 0.47962962962962963 0.015104166666666667 0.022222222222222223
