2 0.41432291666666665 0.449537037037037 0.009895833333333333 0.008333333333333333
2 0.44166666666666665 0.44814814814814813 0.010416666666666666 0.009259259259259259
0 0.036458333333333336 0.5208333333333334 0.07291666666666667 0.16203703703703703
0 0.05625 0.5592592592592592 0.08645833333333333 0.08703703703703704
0 0.10390625 0.5361111111111111 0.027604166666666666 0.03333333333333333
0 0.128125 0.5578703703703703 0.0625 0.06018518518518518
0 0.14791666666666667 0.5300925925925926 0.0375 0.023148148148148147
0 0.18072916666666666 0.5444444444444444 0.04791666666666667 0.053703703703703705
0 0.221875 0.5439814814814815 0.0375 0.04537037037037037
0 0.24739583333333334 0.5370370370370371 0.03125 0.044444444444444446
0 0.26848958333333334 0.537962962962963 0.018229166666666668 0.037037037037037035
0 0.2765625 0.5347222222222222 0.022916666666666665 0.03796296296296296
0 0.29192708333333334 0.5365740740740741 0.013020833333333334 0.030555555555555555
0 0.29921875 0.5157407407407407 0.03177083333333333 0.06481481481481481
2 0.41744791666666664 0.4597222222222222 0.0078125 0.006481481481481481
0 0.5372395833333333 0.525 0.019270833333333334 0.03148148148148148
0 0.5572916666666666 0.5231481481481481 0.023958333333333335 0.03888888888888889
0 0.5739583333333333 0.5370370370370371 0.03958333333333333 0.06296296296296296
0 0.62265625 0.5402777777777777 0.0859375 0.11944444444444445
0 0.66640625 0.5898148148148148 0.15885416666666666 0.19444444444444445
2 0.4390625 0.45740740740740743 0.007291666666666667 0.005555555555555556
0 0.42161458333333335 0.5268518518518519 0.019270833333333334 0.024074074074074074
