0 0.05260416666666667 0.5574074074074075 0.07291666666666667 0.05185185185185185
0 0.3296875 0.5361111111111111 0.046875 0.053703703703703705
0 0.5036458333333333 0.5393518518518519 0.020833333333333332 0.023148148148148147
0 0.5294270833333333 0.5449074074074074 0.0203125 0.03425925925925926
0 0.5684895833333333 0.5740740740740741 0.08177083333333333 0.1259259259259259
0 0.6158854166666666 0.5476851851851852 0.022395833333333334 0.032407407407407406
1 0.8723958333333334 0.5666666666666667 0.023958333333333335 0.20555555555555555
2 0.33645833333333336 0.21203703703703702 0.057291666666666664 0.027777777777777776
2 0.45807291666666666 0.20787037037037037 0.0578125 0.026851851851851852
3 0.39010416666666664 0.15787037037037038 0.035416666666666666 0.06018518518518518
3 0.5825520833333333 0.20324074074074075 0.028645833333333332 0.049074074074074076
