2 0.42135416666666664 0.3560185185185185 0.019791666666666666 0.012037037037037037
2 0.4778645833333333 0.35555555555555557 0.019270833333333334 0.011111111111111112
1 0.7072916666666667 0.5106481481481482 0.014583333333333334 0.0787037037037037
1 0.759375 0.5171296296296296 0.014583333333333334 0.08796296296296297
1 0.57109375 0.5185185185185185 0.005729166666666666 0.040740740740740744
1 0.5651041666666666 0.5185185185185185 0.005208333333333333 0.040740740740740744
0 0.9317708333333333 0.45416666666666666 0.015625 0.03796296296296296
0 0.8796875 0.4689814814814815 0.06145833333333333 0.06574074074074074
0 0.7809895833333333 0.4861111111111111 0.10052083333333334 0.09074074074074075
0 0.9411458333333333 0.5967592592592592 0.11666666666666667 0.2212962962962963
0 0.46458333333333335 0.5041666666666667 0.01875 0.03796296296296296
0 0.44557291666666665 0.5175925925925926 0.016145833333333335 0.03333333333333333
0 0.45260416666666664 0.525 0.021875 0.027777777777777776
0 0.40234375 0.55 0.06510416666666667 0.1259259259259259
0 0.30755208333333334 0.6287037037037037 0.19635416666666666 0.3074074074074074
0 0.2203125 0.5388888888888889 0.026041666666666668 0.04814814814814815
0 0.17708333333333334 0.4810185185185185 0.07083333333333333 0.1675925925925926
0 0.21171875 0.5074074074074074 0.04635416666666667 0.10555555555555556
0 0.10208333333333333 0.5476851851851852 0.058333333333333334 0.05648148148148148
0 0.03177083333333333 0.5226851851851851 0.06354166666666666 0.14351851851851852
1 0.19270833333333334 0.4462962962962963 0.005208333333333333 0.02962962962962963
