3 0.68671875 0.2657407407407407 0.05364583333333333 0.08518518518518518
3 0.48984375 0.31574074074074077 0.011979166666666667 0.022222222222222223
3 0.47760416666666666 0.31712962962962965 0.011458333333333333 0.021296296296296296
0 0.42213541666666665 0.41435185185185186 0.0671875 0.16574074074074074
0 0.43671875 0.48935185185185187 0.08072916666666667 0.10462962962962963
0 0.33203125 0.4634259259259259 0.05572916666666667 0.09907407407407408
0 0.28463541666666664 0.4513888888888889 0.0203125 0.03425925925925926
0 0.27395833333333336 0.462037037037037 0.036458333333333336 0.05185185185185185
0 0.15625 0.4217592592592593 0.014583333333333334 0.030555555555555555
0 0.184375 0.4217592592592593 0.022916666666666665 0.03796296296296296
