0 0.39947916666666666 0.4583333333333333 0.03333333333333333 0.053703703703703705
0 0.44114583333333335 0.4675925925925926 0.051041666666666666 0.08888888888888889
3 0.5015625 0.4449074074074074 0.0125 0.023148148148148147
0 0.6114583333333333 0.4550925925925926 0.075 0.058333333333333334
3 0.6377604166666667 0.44212962962962965 0.013020833333333334 0.028703703703703703
3 0.7861979166666667 0.3587962962962963 0.05572916666666667 0.09722222222222222
0 0.5598958333333334 0.45185185185185184 0.014583333333333334 0.024074074074074074
2 0.46432291666666664 0.37962962962962965 0.015104166666666667 0.007407407407407408
2 0.4903645833333333 0.3800925925925926 0.015104166666666667 0.006481481481481481
2 0.49270833333333336 0.4013888888888889 0.010416666666666666 0.004629629629629629
0 0.44114583333333335 0.4935185185185185 0.046875 0.08333333333333333
0 0.4309895833333333 0.5120370370370371 0.059895833333333336 0.1037037037037037
