0 0.98828125 0.5097222222222222 0.022395833333333334 0.06388888888888888
0 0.7953125 0.5023148148148148 0.065625 0.0712962962962963
0 0.6703125 0.5152777777777777 0.08854166666666667 0.05462962962962963
0 0.5565104166666667 0.5277777777777778 0.0421875 0.05185185185185185
0 0.56953125 0.5203703703703704 0.022395833333333334 0.040740740740740744
0 0.5346354166666667 0.5106481481481482 0.021354166666666667 0.03981481481481482
0 0.5588541666666667 0.4888888888888889 0.017708333333333333 0.025925925925925925
0 0.5924479166666666 0.5120370370370371 0.022395833333333334 0.024074074074074074
0 0.31744791666666666 0.5231481481481481 0.0484375 0.03518518518518519
0 0.2640625 0.5282407407407408 0.021875 0.032407407407407406
0 0.28177083333333336 0.5018518518518519 0.030208333333333334 0.02962962962962963
0 0.2328125 0.5236111111111111 0.04895833333333333 0.06944444444444445
0 0.14895833333333333 0.5087962962962963 0.025 0.025
0 0.16458333333333333 0.5032407407407408 0.035416666666666666 0.023148148148148147
0 0.13567708333333334 0.5449074074074074 0.06614583333333333 0.05462962962962963
0 0.008333333333333333 0.825462962962963 0.015625 0.18425925925925926
2 0.5703125 0.262037037037037 0.042708333333333334 0.018518518518518517
2 0.4734375 0.26342592592592595 0.042708333333333334 0.017592592592592594
3 0.50859375 0.2449074074074074 0.0265625 0.04722222222222222
