0 0.018489583333333334 0.45555555555555555 0.03697916666666667 0.06666666666666667
0 0.03463541666666667 0.5388888888888889 0.0140625 0.08333333333333333
0 0.10833333333333334 0.49537037037037035 0.14375 0.24259259259259258
0 0.26223958333333336 0.5518518518518518 0.1546875 0.18888888888888888
0 0.26875 0.412962962962963 0.12291666666666666 0.15555555555555556
0 0.33567708333333335 0.4828703703703704 0.03177083333333333 0.07685185185185185
0 0.40598958333333335 0.4425925925925926 0.09635416666666667 0.2222222222222222
0 0.46041666666666664 0.4675925925925926 0.029166666666666667 0.08703703703703704
0 0.4953125 0.4638888888888889 0.013541666666666667 0.024074074074074074
0 0.5140625 0.5171296296296296 0.07395833333333333 0.09722222222222222
0 0.8359375 0.38564814814814813 0.026041666666666668 0.028703703703703703
