3 0.58359375 0.337037037037037 0.024479166666666666 0.04259259259259259
0 0.07369791666666667 0.5402777777777777 0.0484375 0.025
0 0.24114583333333334 0.5689814814814815 0.20833333333333334 0.26944444444444443
0 0.43776041666666665 0.5407407407407407 0.04010416666666667 0.05185185185185185
0 0.47109375 0.5324074074074074 0.0234375 0.03148148148148148
0 0.5109375 0.5393518518518519 0.041666666666666664 0.0787037037037037
0 0.5549479166666667 0.5314814814814814 0.0296875 0.04259259259259259
0 0.5963541666666666 0.5263888888888889 0.015625 0.023148148148148147
0 0.61875 0.5324074074074074 0.036458333333333336 0.04814814814814815
0 0.71875 0.5425925925925926 0.06458333333333334 0.09259259259259259
0 0.87890625 0.6546296296296297 0.24010416666666667 0.4351851851851852
