2 0.5174479166666667 0.39444444444444443 0.019270833333333334 0.009259259259259259
2 0.5567708333333333 0.38981481481481484 0.01875 0.011111111111111112
2 0.49140625 0.425462962962963 0.013020833333333334 0.006481481481481481
2 0.52578125 0.42314814814814816 0.0171875 0.007407407407407408
0 0.8463541666666666 0.5254629629629629 0.029166666666666667 0.07685185185185185
0 0.9432291666666667 0.524074074074074 0.052083333333333336 0.16666666666666666
0 0.6135416666666667 0.500462962962963 0.023958333333333335 0.025
0 0.5510416666666667 0.49537037037037035 0.026041666666666668 0.02962962962962963
0 0.58359375 0.5319444444444444 0.05572916666666667 0.08981481481481482
0 0.5151041666666667 0.5726851851851852 0.11979166666666667 0.1675925925925926
0 0.46119791666666665 0.4759259259259259 0.08697916666666666 0.05
0 0.45755208333333336 0.5050925925925925 0.0359375 0.04351851851851852
0 0.46197916666666666 0.5175925925925926 0.015625 0.03333333333333333
0 0.4453125 0.5342592592592592 0.035416666666666666 0.07407407407407407
0 0.4119791666666667 0.5439814814814815 0.06458333333333334 0.10092592592592593
0 0.37890625 0.5643518518518519 0.04739583333333333 0.14907407407407408
0 0.24427083333333333 0.5564814814814815 0.25104166666666666 0.3314814814814815
0 0.12916666666666668 0.5666666666666667 0.134375 0.17222222222222222
0 0.0421875 0.700462962962963 0.084375 0.3638888888888889
1 0.8828125 0.5333333333333333 0.029166666666666667 0.05925925925925926
