0 0.01796875 0.4638888888888889 0.0359375 0.09444444444444444
0 0.23463541666666668 0.4986111111111111 0.028645833333333332 0.03981481481481482
0 0.30390625 0.5481481481481482 0.1484375 0.17777777777777778
0 0.5072916666666667 0.5972222222222222 0.23125 0.31851851851851853
0 0.41015625 0.5064814814814815 0.03177083333333333 0.06296296296296296
0 0.6166666666666667 0.5120370370370371 0.05 0.08148148148148149
3 0.65703125 0.28055555555555556 0.019270833333333334 0.03148148148148148
0 0.7838541666666666 0.43425925925925923 0.28958333333333336 0.45
0 0.9591145833333333 0.3861111111111111 0.08072916666666667 0.3351851851851852
2 0.45338541666666665 0.36018518518518516 0.015104166666666667 0.009259259259259259
2 0.5005208333333333 0.3592592592592593 0.015625 0.009259259259259259
2 0.4322916666666667 0.3851851851851852 0.011458333333333333 0.007407407407407408
2 0.4744791666666667 0.38564814814814813 0.011458333333333333 0.006481481481481481
0 0.36614583333333334 0.48842592592592593 0.022916666666666665 0.028703703703703703
0 0.3776041666666667 0.4847222222222222 0.017708333333333333 0.03425925925925926
