0 0.5171875 0.5634259259259259 0.0625 0.08425925925925926
0 0.4765625 0.5458333333333333 0.030208333333333334 0.04351851851851852
0 0.4549479166666667 0.5412037037037037 0.0234375 0.03981481481481482
0 0.0109375 0.5231481481481481 0.021875 0.024074074074074074
0 0.1390625 0.5125 0.09583333333333334 0.11944444444444445
3 0.3028645833333333 0.48703703703703705 0.013020833333333334 0.025925925925925925
1 0.2625 0.538425925925926 0.005208333333333333 0.026851851851851852
1 0.75078125 0.5356481481481481 0.0078125 0.03796296296296296
1 0.7661458333333333 0.537962962962963 0.009375 0.040740740740740744
3 0.9890625 0.3587962962962963 0.020833333333333332 0.049074074074074076
0 0.33229166666666665 0.5319444444444444 0.03958333333333333 0.026851851851851852
