3 0.45625 0.38472222222222224 0.015625 0.023148148148148147
0 0.04453125 0.5388888888888889 0.0890625 0.053703703703703705
0 0.10833333333333334 0.5361111111111111 0.041666666666666664 0.03888888888888889
0 0.20572916666666666 0.5236111111111111 0.06979166666666667 0.04351851851851852
0 0.24791666666666667 0.5222222222222223 0.03229166666666667 0.03518518518518519
0 0.31666666666666665 0.5092592592592593 0.040625 0.037037037037037035
0 0.36692708333333335 0.5087962962962963 0.0265625 0.023148148148148147
0 0.40208333333333335 0.5398148148148149 0.06354166666666666 0.08148148148148149
0 0.45208333333333334 0.5148148148148148 0.03125 0.04259259259259259
0 0.46953125 0.5106481481481482 0.013020833333333334 0.025
0 0.5049479166666667 0.5259259259259259 0.049479166666666664 0.07777777777777778
0 0.62578125 0.5157407407407407 0.033854166666666664 0.04259259259259259
0 0.7205729166666667 0.4888888888888889 0.0203125 0.03333333333333333
0 0.7395833333333334 0.5027777777777778 0.028125 0.05
0 0.8984375 0.538425925925926 0.096875 0.08611111111111111
3 0.69921875 0.4546296296296296 0.016145833333333335 0.02962962962962963
