0 0.07135416666666666 0.537962962962963 0.14270833333333333 0.75
0 0.20963541666666666 0.5037037037037037 0.2234375 0.28703703703703703
0 0.36041666666666666 0.5837962962962963 0.13020833333333334 0.16574074074074074
0 0.4153645833333333 0.5532407407407407 0.03177083333333333 0.08611111111111111
0 0.44140625 0.500462962962963 0.06822916666666666 0.13055555555555556
0 0.4875 0.4842592592592593 0.03333333333333333 0.04259259259259259
0 0.4856770833333333 0.5222222222222223 0.028645833333333332 0.04259259259259259
0 0.5104166666666666 0.5439814814814815 0.05625 0.07685185185185185
0 0.6072916666666667 0.5231481481481481 0.090625 0.11666666666666667
2 0.44036458333333334 0.36064814814814816 0.0203125 0.012037037037037037
3 0.46770833333333334 0.34675925925925927 0.017708333333333333 0.030555555555555555
2 0.49973958333333335 0.3578703703703704 0.021354166666666667 0.013888888888888888
2 0.4661458333333333 0.4162037037037037 0.0125 0.008333333333333333
2 0.49505208333333334 0.4148148148148148 0.013020833333333334 0.007407407407407408
1 0.6752604166666667 0.5259259259259259 0.022395833333333334 0.10740740740740741
1 0.7161458333333334 0.5185185185185185 0.0125 0.09444444444444444
1 0.9096354166666667 0.5226851851851851 0.03697916666666667 0.2064814814814815
1 0.9494791666666667 0.5268518518518519 0.028125 0.20925925925925926
