0 0.43385416666666665 0.5518518518518518 0.06354166666666666 0.10555555555555556
0 0.5940104166666667 0.5675925925925925 0.12447916666666667 0.17222222222222222
0 0.50390625 0.5351851851851852 0.034895833333333334 0.05925925925925926
0 0.47942708333333334 0.5222222222222223 0.015104166666666667 0.02962962962962963
0 0.4666666666666667 0.5175925925925926 0.014583333333333334 0.03518518518518519
0 0.4515625 0.4976851851851852 0.013541666666666667 0.025
1 0.7856770833333333 0.5347222222222222 0.0171875 0.08425925925925926
1 0.79921875 0.5347222222222222 0.013020833333333334 0.09907407407407408
1 0.8098958333333334 0.537962962962963 0.007291666666666667 0.09444444444444444
1 0.9182291666666667 0.5449074074074074 0.029166666666666667 0.09166666666666666
1 0.03307291666666667 0.5259259259259259 0.022395833333333334 0.0962962962962963
0 0.24791666666666667 0.5162037037037037 0.025 0.041666666666666664
0 0.2609375 0.5106481481481482 0.015625 0.041666666666666664
