0 0.3515625 0.4162037037037037 0.07916666666666666 0.08796296296296297
0 0.34869791666666666 0.39537037037037037 0.0421875 0.046296296296296294
0 0.3765625 0.40555555555555556 0.022916666666666665 0.053703703703703705
0 0.4049479166666667 0.42962962962962964 0.044270833333333336 0.05925925925925926
0 0.45234375 0.4375 0.04114583333333333 0.05277777777777778
0 0.4822916666666667 0.44722222222222224 0.01875 0.03888888888888889
0 0.4953125 0.45 0.015625 0.02962962962962963
0 0.5104166666666666 0.45185185185185184 0.014583333333333334 0.02962962962962963
0 0.5580729166666667 0.5217592592592593 0.1203125 0.18611111111111112
0 0.5997395833333333 0.45185185185185184 0.018229166666666668 0.04814814814814815
0 0.9700520833333334 0.3787037037037037 0.058854166666666666 0.7574074074074074
0 0.37447916666666664 0.40925925925925927 0.015625 0.05555555555555555
