1 0.7888020833333333 0.537962962962963 0.015104166666666667 0.11851851851851852
1 0.7072916666666667 0.5342592592592592 0.0125 0.07222222222222222
1 0.6690104166666667 0.5162037037037037 0.0078125 0.06018518518518518
2 0.62890625 0.18611111111111112 0.043229166666666666 0.03518518518518519
2 0.5567708333333333 0.19814814814814816 0.04375 0.02962962962962963
0 0.5877604166666667 0.49537037037037035 0.07760416666666667 0.13333333333333333
0 0.5200520833333333 0.5037037037037037 0.0171875 0.025925925925925925
0 0.5075520833333333 0.5138888888888888 0.015104166666666667 0.03148148148148148
1 0.515625 0.5143518518518518 0.010416666666666666 0.03425925925925926
0 0.24479166666666666 0.5375 0.07395833333333333 0.08611111111111111
1 0.19010416666666666 0.5328703703703703 0.019791666666666666 0.06388888888888888
1 0.33697916666666666 0.5199074074074074 0.007291666666666667 0.032407407407407406
