1 0.165625 0.5444444444444444 0.020833333333333332 0.12037037037037036
1 0.35442708333333334 0.524074074074074 0.009895833333333333 0.05185185185185185
1 0.36953125 0.5199074074074074 0.0078125 0.03796296296296296
1 0.3859375 0.5212962962962963 0.005208333333333333 0.03148148148148148
1 0.5651041666666666 0.5162037037037037 0.00625 0.03611111111111111
1 0.5786458333333333 0.5203703703703704 0.010416666666666666 0.05185185185185185
1 0.6841145833333333 0.5282407407407408 0.0328125 0.16574074074074074
0 0.43046875 0.5074074074074074 0.0578125 0.08888888888888889
0 0.5130208333333334 0.5481481481481482 0.06354166666666666 0.09074074074074075
1 0.24791666666666667 0.5351851851851852 0.016666666666666666 0.07407407407407407
1 0.9877604166666667 0.5185185185185185 0.0234375 0.18703703703703703
