3 0.5830729166666667 0.47314814814814815 0.0140625 0.024074074074074074
0 0.15338541666666666 0.5666666666666667 0.12864583333333332 0.12222222222222222
0 0.2515625 0.4689814814814815 0.034375 0.03425925925925926
0 0.2830729166666667 0.47129629629629627 0.0265625 0.03888888888888889
0 0.26875 0.48703703703703705 0.08125 0.07037037037037037
0 0.42421875 0.5287037037037037 0.059895833333333336 0.09814814814814815
0 0.4622395833333333 0.524537037037037 0.028645833333333332 0.04537037037037037
0 0.4791666666666667 0.524537037037037 0.014583333333333334 0.030555555555555555
0 0.5184895833333333 0.5314814814814814 0.0484375 0.07222222222222222
0 0.4864583333333333 0.5194444444444445 0.0125 0.024074074074074074
