0 0.24114583333333334 0.5273148148148148 0.084375 0.08981481481481482
0 0.31354166666666666 0.5287037037037037 0.05416666666666667 0.06481481481481481
0 0.3578125 0.5402777777777777 0.026041666666666668 0.03796296296296296
0 0.3502604166666667 0.5296296296296297 0.0234375 0.05555555555555555
0 0.40911458333333334 0.5268518518518519 0.022395833333333334 0.046296296296296294
0 0.4765625 0.5185185185185185 0.015625 0.025925925925925925
0 0.49895833333333334 0.5342592592592592 0.016666666666666666 0.024074074074074074
0 0.5328125 0.5342592592592592 0.017708333333333333 0.024074074074074074
0 0.7145833333333333 0.5273148148148148 0.0375 0.023148148148148147
0 0.98515625 0.5328703703703703 0.028645833333333332 0.03796296296296296
0 0.9752604166666666 0.524537037037037 0.0484375 0.049074074074074076
1 0.11770833333333333 0.5513888888888889 0.010416666666666666 0.05648148148148148
1 0.10572916666666667 0.5513888888888889 0.011458333333333333 0.05462962962962963
1 0.18776041666666668 0.5388888888888889 0.0078125 0.05925925925925926
1 0.17864583333333334 0.5416666666666666 0.009375 0.06111111111111111
0 0.7059895833333333 0.525 0.027604166666666666 0.024074074074074074
0 0.44765625 0.524074074074074 0.016145833333333335 0.040740740740740744
