0 0.013802083333333333 0.524074074074074 0.027604166666666666 0.1685185185185185
0 0.059895833333333336 0.5212962962962963 0.07604166666666666 0.08518518518518518
0 0.10755208333333334 0.5162037037037037 0.03697916666666667 0.06018518518518518
0 0.190625 0.49537037037037035 0.08229166666666667 0.11666666666666667
0 0.24036458333333333 0.5013888888888889 0.0171875 0.05092592592592592
0 0.3067708333333333 0.49537037037037035 0.04479166666666667 0.06481481481481481
0 0.5197916666666667 0.5643518518518519 0.18125 0.25277777777777777
1 0.7533854166666667 0.48333333333333334 0.024479166666666666 0.09444444444444444
3 0.7026041666666667 0.32314814814814813 0.026041666666666668 0.046296296296296294
3 0.5075520833333333 0.1638888888888889 0.033854166666666664 0.06851851851851852
2 0.48385416666666664 0.36435185185185187 0.020833333333333332 0.010185185185185186
2 0.5229166666666667 0.3638888888888889 0.020833333333333332 0.009259259259259259
0 0.3927083333333333 0.4962962962962963 0.059375 0.08148148148148149
0 0.36640625 0.4949074074074074 0.0203125 0.07314814814814814
0 0.4427083333333333 0.49027777777777776 0.025 0.03796296296296296
0 0.39479166666666665 0.43148148148148147 0.021875 0.04814814814814815
0 0.4315104166666667 0.41203703703703703 0.016145833333333335 0.037037037037037035
0 0.5432291666666667 0.4148148148148148 0.021875 0.05185185185185185
3 0.590625 0.4078703703703704 0.0125 0.021296296296296296
0 0.36171875 0.4787037037037037 0.0140625 0.040740740740740744
0 0.44453125 0.46296296296296297 0.0234375 0.024074074074074074
