2 0.48880208333333336 0.39861111111111114 0.011979166666666667 0.006481481481481481
2 0.45026041666666666 0.40046296296296297 0.011979166666666667 0.006481481481481481
0 0.2765625 0.5712962962962963 0.2 0.27037037037037037
0 0.4359375 0.5106481481481482 0.052083333333333336 0.0787037037037037
0 0.4627604166666667 0.49675925925925923 0.025520833333333333 0.04537037037037037
0 0.5114583333333333 0.5175925925925926 0.05416666666666667 0.07407407407407407
1 0.5375 0.4930555555555556 0.005208333333333333 0.04537037037037037
0 0.6546875 0.4837962962962963 0.034375 0.028703703703703703
0 0.7153645833333333 0.4791666666666667 0.034895833333333334 0.04537037037037037
0 0.7255208333333333 0.47962962962962963 0.014583333333333334 0.025925925925925925
1 0.9903645833333333 0.5388888888888889 0.018229166666666668 0.10185185185185185
1 0.9815104166666667 0.5388888888888889 0.030729166666666665 0.08518518518518518
2 0.48098958333333336 0.4199074074074074 0.0078125 0.004629629629629629
2 0.4552083333333333 0.4199074074074074 0.008333333333333333 0.004629629629629629
