3 0.037760416666666664 0.4009259259259259 0.016145833333333335 0.02962962962962963
0 0.18828125 0.5481481481481482 0.05260416666666667 0.07037037037037037
0 0.22421875 0.5462962962962963 0.018229166666666668 0.03888888888888889
0 0.2986979166666667 0.5337962962962963 0.030729166666666665 0.04351851851851852
0 0.32708333333333334 0.5305555555555556 0.023958333333333335 0.040740740740740744
0 0.4934895833333333 0.513425925925926 0.07447916666666667 0.11018518518518519
0 0.5533854166666666 0.5074074074074074 0.0140625 0.03333333333333333
3 0.7197916666666667 0.2523148148148148 0.026041666666666668 0.04537037037037037
3 0.7908854166666667 0.35833333333333334 0.0171875 0.03148148148148148
0 0.7825520833333334 0.5282407407407408 0.09635416666666667 0.14722222222222223
0 0.7380208333333333 0.49953703703703706 0.020833333333333332 0.026851851851851852
0 0.8856770833333333 0.6203703703703703 0.22760416666666666 0.4074074074074074
