1 0.8682291666666667 0.49212962962962964 0.014583333333333334 0.030555555555555555
0 0.6393229166666666 0.5861111111111111 0.0234375 0.08148148148148149
0 0.6158854166666666 0.5736111111111111 0.0296875 0.09722222222222222
0 0.47552083333333334 0.5550925925925926 0.05 0.0787037037037037
0 0.42942708333333335 0.5356481481481481 0.016145833333333335 0.04351851851851852
0 0.41875 0.5412037037037037 0.030208333333333334 0.05092592592592592
0 0.40546875 0.549074074074074 0.024479166666666666 0.05555555555555555
0 0.39140625 0.5601851851851852 0.025520833333333333 0.07962962962962963
0 0.3572916666666667 0.5625 0.0625 0.1175925925925926
0 0.30963541666666666 0.5898148148148148 0.10885416666666667 0.14814814814814814
0 0.1359375 0.6578703703703703 0.271875 0.29907407407407405
1 0.05755208333333333 0.5486111111111112 0.0140625 0.07314814814814814
1 0.24661458333333333 0.5324074074074074 0.011979166666666667 0.03888888888888889
3 0.59921875 0.42407407407407405 0.013020833333333334 0.03333333333333333
