3 0.024739583333333332 0.45740740740740743 0.0171875 0.04814814814814815
1 0.09817708333333333 0.5282407407407408 0.009895833333333333 0.062037037037037036
1 0.2833333333333333 0.5194444444444445 0.00625 0.03148148148148148
0 0.8434895833333333 0.5819444444444445 0.31197916666666664 0.25833333333333336
0 0.6674479166666667 0.5310185185185186 0.07135416666666666 0.06944444444444445
2 0.6036458333333333 0.4300925925925926 0.013541666666666667 0.008333333333333333
2 0.57109375 0.4305555555555556 0.013020833333333334 0.007407407407407408
0 0.5583333333333333 0.5208333333333334 0.042708333333333334 0.05277777777777778
0 0.6286458333333333 0.5148148148148148 0.035416666666666666 0.03888888888888889
0 0.5963541666666666 0.5018518518518519 0.019791666666666666 0.03333333333333333
0 0.5713541666666667 0.5013888888888889 0.017708333333333333 0.030555555555555555
0 0.49635416666666665 0.5087962962962963 0.017708333333333333 0.028703703703703703
0 0.46875 0.5087962962962963 0.016666666666666666 0.026851851851851852
0 0.42265625 0.5106481481481482 -0.0171875 0.023148148148148147
0 0.4036458333333333 0.512962962962963 0.022916666666666665 0.024074074074074074
0 0.03463541666666667 0.5259259259259259 0.028645833333333332 0.05555555555555555
1 0.034895833333333334 0.5365740740740741 0.007291666666666667 0.05277777777777778
0 0.4421875 0.5111111111111111 0.017708333333333333 0.025925925925925925
