1 0.78671875 0.5060185185185185 0.034895833333333334 0.1675925925925926
1 0.8158854166666667 0.49675925925925923 0.019270833333333334 0.1175925925925926
1 0.7033854166666667 0.5055555555555555 0.015104166666666667 0.09074074074074075
0 0.16614583333333333 0.43703703703703706 0.33229166666666665 0.8740740740740741
0 0.33177083333333335 0.5319444444444444 0.034375 0.10462962962962963
0 0.35234375 0.5296296296296297 0.0328125 0.07777777777777778
0 0.3734375 0.5254629629629629 0.019791666666666666 0.05092592592592592
0 0.3731770833333333 0.5166666666666667 0.025520833333333333 0.04259259259259259
0 0.38723958333333336 0.5185185185185185 0.016145833333333335 0.03148148148148148
0 0.37994791666666666 0.500462962962963 0.08385416666666666 0.04722222222222222
0 0.41822916666666665 0.5203703703703704 0.027083333333333334 0.037037037037037035
0 0.5125 0.5259259259259259 0.05 0.06481481481481481
0 0.565625 0.4930555555555556 0.07916666666666666 0.04351851851851852
0 0.5770833333333333 0.5300925925925926 0.090625 0.11203703703703703
1 0.7666666666666667 0.4652777777777778 0.00625 0.023148148148148147
2 0.346875 0.44305555555555554 0.0125 0.006481481481481481
2 0.38307291666666665 0.44027777777777777 0.011979166666666667 0.006481481481481481
2 0.38359375 0.45185185185185184 0.0109375 0.005555555555555556
