3 0.27734375 0.42453703703703705 0.0234375 0.04537037037037037
3 0.67890625 0.4675925925925926 0.016145833333333335 0.027777777777777776
3 0.8229166666666666 0.4023148148148148 0.014583333333333334 0.026851851851851852
0 0.4239583333333333 0.5180555555555556 0.030208333333333334 0.04722222222222222
0 0.46822916666666664 0.487962962962963 0.01875 0.03888888888888889
0 0.4669270833333333 0.5259259259259259 0.0140625 0.040740740740740744
0 0.49296875 0.5421296296296296 0.05677083333333333 0.08425925925925926
0 0.534375 0.5236111111111111 0.03229166666666667 0.04537037037037037
0 0.59296875 0.5291666666666667 0.05260416666666667 0.09907407407407408
0 0.7869791666666667 0.5328703703703703 0.06145833333333333 0.06574074074074074
