2 0.5377604166666666 0.40925925925925927 0.015104166666666667 0.007407407407407408
2 0.5692708333333333 0.4064814814814815 0.014583333333333334 0.005555555555555556
2 0.53203125 0.42407407407407405 0.011979166666666667 0.005555555555555556
2 0.5580729166666667 0.4236111111111111 0.011979166666666667 0.006481481481481481
0 0.5072916666666667 0.5097222222222222 0.027083333333333334 0.03796296296296296
0 0.4591145833333333 0.5074074074074074 0.027604166666666666 0.040740740740740744
0 0.3338541666666667 0.49398148148148147 0.036458333333333336 0.09537037037037037
0 0.28098958333333335 0.5115740740740741 0.06510416666666667 0.03425925925925926
0 0.15911458333333334 0.5157407407407407 0.0640625 0.03333333333333333
0 0.06875 0.5143518518518518 0.06979166666666667 0.04722222222222222
