3 0.025260416666666667 0.45787037037037037 0.0171875 0.049074074074074076
0 0.034375 0.5208333333333334 0.03229166666666667 0.04537037037037037
0 0.09609375 0.5314814814814814 0.03802083333333333 0.03518518518518519
1 0.11848958333333333 0.5393518518518519 0.008854166666666666 0.062037037037037036
0 0.15911458333333334 0.5425925925925926 0.05572916666666667 0.07592592592592592
0 0.8953125 0.5717592592592593 0.20833333333333334 0.1787037037037037
0 0.8369791666666667 0.49583333333333335 0.03333333333333333 0.03425925925925926
0 0.7690104166666667 0.5148148148148148 0.0359375 0.044444444444444446
1 0.7302083333333333 0.5078703703703704 0.00625 0.028703703703703703
1 0.7041666666666667 0.5064814814814815 0.00625 0.027777777777777776
0 0.59375 0.5356481481481481 0.07604166666666666 0.08796296296296297
0 0.628125 0.5226851851851851 0.029166666666666667 0.05092592592592592
0 0.5575520833333333 0.5083333333333333 0.0203125 0.03148148148148148
0 0.5322916666666667 0.513425925925926 0.023958333333333335 0.028703703703703703
0 0.5216145833333333 0.5060185185185185 0.0140625 0.025
0 0.49661458333333336 0.5092592592592593 0.016145833333333335 0.027777777777777776
2 0.5716145833333334 0.42962962962962964 0.013020833333333334 0.007407407407407408
2 0.6033854166666667 0.4300925925925926 0.0140625 0.006481481481481481
1 0.2872395833333333 0.5152777777777777 0.0078125 0.032407407407407406
