1 0.8567708333333334 0.513425925925926 0.010416666666666666 0.062037037037037036
1 0.84453125 0.512962962962963 0.005729166666666666 0.040740740740740744
1 0.7182291666666667 0.5050925925925925 0.007291666666666667 0.03611111111111111
1 0.725 0.5074074074074074 0.005208333333333333 0.03333333333333333
0 0.12421875 0.5574074074074075 0.2484375 0.2814814814814815
0 0.2713541666666667 0.5300925925925926 0.06354166666666666 0.05648148148148148
0 0.37447916666666664 0.5148148148148148 0.029166666666666667 0.037037037037037035
0 0.39348958333333334 0.5208333333333334 0.0296875 0.041666666666666664
0 0.43854166666666666 0.5208333333333334 0.036458333333333336 0.049074074074074076
0 0.4635416666666667 0.5120370370370371 0.01875 0.03518518518518519
0 0.49609375 0.5092592592592593 0.0171875 0.02962962962962963
0 0.5322916666666667 0.5101851851851852 0.026041666666666668 0.037037037037037035
0 0.60546875 0.5222222222222223 0.1015625 0.1425925925925926
0 0.790625 0.537962962962963 0.10625 0.08333333333333333
2 0.5705729166666667 0.4300925925925926 0.0140625 0.008333333333333333
2 0.6033854166666667 0.42962962962962964 0.011979166666666667 0.007407407407407408
