0 0.22552083333333334 0.44305555555555554 0.08541666666666667 0.08611111111111111
0 0.3497395833333333 0.45925925925925926 0.034895833333333334 0.04259259259259259
0 0.38828125 0.4564814814814815 0.03177083333333333 0.040740740740740744
0 0.5122395833333333 0.5305555555555556 0.10572916666666667 0.14444444444444443
0 0.5763020833333333 0.49212962962962964 0.04739583333333333 0.06759259259259259
0 0.5528645833333333 0.45740740740740743 0.018229166666666668 0.024074074074074074
0 0.5927083333333333 0.4537037037037037 0.025 0.03148148148148148
0 0.60390625 0.4875 0.0203125 0.03611111111111111
0 0.6252604166666667 0.4787037037037037 0.0234375 0.044444444444444446
0 0.68046875 0.5101851851851852 0.11614583333333334 0.1574074074074074
