0 0.15416666666666667 0.5625 0.16145833333333334 0.16944444444444445
0 0.28541666666666665 0.5333333333333333 0.06041666666666667 0.07777777777777778
0 0.24505208333333334 0.5078703703703704 0.05364583333333333 0.06018518518518518
0 0.39375 0.5092592592592593 0.0875 0.06111111111111111
0 0.54140625 0.6296296296296297 0.18802083333333333 0.31296296296296294
0 0.44973958333333336 0.5745370370370371 0.05677083333333333 0.16018518518518518
0 0.7361979166666667 0.5689814814814815 0.15052083333333333 0.18796296296296297
0 0.6552083333333333 0.5569444444444445 0.05625 0.10277777777777777
0 0.6471354166666666 0.5342592592592592 0.06822916666666666 0.10555555555555556
0 0.83671875 0.5546296296296296 0.05260416666666667 0.05185185185185185
0 0.9533854166666667 0.5712962962962963 0.08489583333333334 0.07962962962962963
2 0.5455729166666666 0.4462962962962963 0.009895833333333333 0.005555555555555556
2 0.5174479166666667 0.4449074074074074 0.009895833333333333 0.004629629629629629
1 0.32864583333333336 0.49537037037037035 0.009375 0.03888888888888889
1 0.3184895833333333 0.4949074074074074 0.009895833333333333 0.03796296296296296
0 0.44140625 0.5101851851851852 0.018229166666666668 0.024074074074074074
