0 0.5213541666666667 0.5731481481481482 0.06875 0.0962962962962963
0 0.4674479166666667 0.5550925925925926 0.033854166666666664 0.049074074074074076
0 0.4434895833333333 0.5504629629629629 0.024479166666666666 0.04351851851851852
0 0.059895833333333336 0.5402777777777777 0.03333333333333333 0.023148148148148147
0 0.03854166666666667 0.5356481481481481 0.028125 0.023148148148148147
0 0.007291666666666667 0.5310185185185186 0.014583333333333334 0.023148148148148147
0 0.20546875 0.5592592592592592 0.018229166666666668 0.044444444444444446
1 0.20963541666666666 0.5449074074074074 0.008854166666666666 0.041666666666666664
0 0.26640625 0.5319444444444444 0.05572916666666667 0.08425925925925926
3 0.3463541666666667 0.5069444444444444 0.011458333333333333 0.021296296296296296
1 0.7114583333333333 0.5453703703703704 0.010416666666666666 0.037037037037037035
1 0.7244791666666667 0.5467592592592593 0.009375 0.04351851851851852
3 0.8450520833333334 0.41435185185185186 0.018229166666666668 0.03425925925925926
1 0.9869791666666666 0.5666666666666667 0.025 0.053703703703703705
3 0.7213541666666666 0.07453703703703704 0.041666666666666664 0.075
3 0.85390625 0.10138888888888889 0.0390625 0.07685185185185185
2 0.6526041666666667 0.1087962962962963 0.071875 0.032407407407407406
2 0.7973958333333333 0.1162037037037037 0.06666666666666667 0.030555555555555555
