2 0.49557291666666664 0.2675925925925926 0.030729166666666665 0.020370370370370372
0 0.20651041666666667 0.45185185185185184 0.3723958333333333 0.5277777777777778
1 0.3963541666666667 0.5189814814814815 0.009375 0.05648148148148148
0 0.4276041666666667 0.5212962962962963 0.057291666666666664 0.09814814814814815
0 0.478125 0.5138888888888888 0.026041666666666668 0.044444444444444446
0 0.5197916666666667 0.5407407407407407 0.08229166666666667 0.11481481481481481
2 0.55625 0.3875 0.013541666666666667 0.008333333333333333
3 0.4578125 0.31157407407407406 0.015625 0.026851851851851852
3 0.5981770833333333 0.3768518518518518 0.013020833333333334 0.02962962962962963
0 0.5450520833333333 0.48148148148148145 0.08072916666666667 0.16666666666666666
1 0.5916666666666667 0.513425925925926 0.0125 0.06944444444444445
1 0.6309895833333333 0.5018518518518519 0.0140625 0.07962962962962963
1 0.6479166666666667 0.5050925925925925 0.007291666666666667 0.07685185185185185
1 0.63671875 0.500462962962963 0.005729166666666666 0.06388888888888888
