2 0.4315104166666667 0.35462962962962963 0.021354166666666667 0.014814814814814815
2 0.48932291666666666 0.3476851851851852 0.022395833333333334 0.012037037037037037
3 0.459375 0.3375 0.014583333333333334 0.032407407407407406
3 0.51796875 0.33055555555555555 0.019270833333333334 0.03333333333333333
3 0.8375 0.30925925925925923 0.052083333333333336 0.1037037037037037
1 0.8575520833333333 0.5300925925925926 0.025520833333333333 0.17685185185185184
1 0.9205729166666666 0.6203703703703703 0.10260416666666666 0.18518518518518517
0 0.70390625 0.5189814814814815 0.08072916666666667 0.0787037037037037
0 0.6497395833333334 0.5060185185185185 0.1015625 0.10277777777777777
0 0.5268229166666667 0.5277777777777778 0.034895833333333334 0.05
0 0.46145833333333336 0.575925925925926 0.13333333333333333 0.18333333333333332
0 0.34036458333333336 0.5254629629629629 0.09635416666666667 0.16203703703703703
0 0.3033854166666667 0.5416666666666666 0.030729166666666665 0.05185185185185185
0 0.2755208333333333 0.5472222222222223 0.023958333333333335 0.08148148148148149
0 0.018229166666666668 0.5527777777777778 0.035416666666666666 0.06111111111111111
0 0.13958333333333334 0.5569444444444445 0.2708333333333333 0.3861111111111111
