3 0.77734375 0.4300925925925926 0.03177083333333333 0.062037037037037036
0 0.13515625 0.649537037037037 0.2703125 0.3453703703703704
0 0.36744791666666665 0.5282407407407408 0.018229166666666668 0.030555555555555555
0 0.3984375 0.5416666666666666 0.051041666666666666 0.06851851851851852
0 0.45703125 0.5365740740740741 0.033854166666666664 0.04722222222222222
0 0.5052083333333334 0.5634259259259259 0.078125 0.10462962962962963
1 0.6497395833333334 0.5402777777777777 0.018229166666666668 0.049074074074074076
1 0.6627604166666666 0.5342592592592592 0.0078125 0.06296296296296296
1 0.6723958333333333 0.5388888888888889 0.022916666666666665 0.05740740740740741
1 0.7322916666666667 0.5342592592592592 0.017708333333333333 0.11296296296296296
