0 0.36484375 0.5078703703703704 0.025520833333333333 0.03425925925925926
0 0.36770833333333336 0.5212962962962963 0.015625 0.022222222222222223
0 0.34817708333333336 0.524537037037037 0.0296875 0.04722222222222222
0 0.31302083333333336 0.5268518518518519 0.052083333333333336 0.07037037037037037
0 0.20052083333333334 0.524074074074074 0.035416666666666666 0.053703703703703705
0 0.16223958333333333 0.5398148148148149 0.06614583333333333 0.06481481481481481
0 0.24375 0.5402777777777777 0.08541666666666667 0.09166666666666666
0 0.39895833333333336 0.5185185185185185 0.016666666666666666 0.024074074074074074
0 0.43203125 0.5194444444444445 0.0203125 0.027777777777777776
0 0.4705729166666667 0.5199074074074074 0.0234375 0.03796296296296296
0 0.49140625 0.5199074074074074 0.0203125 0.030555555555555555
0 0.5140625 0.525 0.029166666666666667 0.04814814814814815
0 0.5796875 0.5662037037037037 0.121875 0.15833333333333333
2 0.40546875 0.026851851851851852 0.07135416666666666 0.04814814814814815
2 0.6526041666666667 0.013425925925925926 0.07083333333333333 0.026851851851851852
3 0.54140625 0.35324074074074074 0.0140625 0.025
