1 0.14739583333333334 0.5425925925925926 0.017708333333333333 0.09259259259259259
0 0.15442708333333333 0.5375 0.03177083333333333 0.075
0 0.18802083333333333 0.5453703703703704 0.04375 0.05925925925925926
1 0.19322916666666667 0.5444444444444444 0.011458333333333333 0.044444444444444446
1 0.33203125 0.5402777777777777 0.0067708333333333336 0.03425925925925926
0 0.396875 0.5347222222222222 0.016666666666666666 0.028703703703703703
0 0.43072916666666666 0.5370370370370371 0.023958333333333335 0.03148148148148148
0 0.5625 0.5175925925925926 0.153125 0.3314814814814815
0 0.6854166666666667 0.5606481481481481 0.10729166666666666 0.1361111111111111
0 0.96484375 0.5263888888888889 0.06927083333333334 0.20277777777777778
