0 0.121875 0.4027777777777778 0.12708333333333333 0.1037037037037037
0 0.19166666666666668 0.41759259259259257 0.01875 0.07592592592592592
0 0.21302083333333333 0.4412037037037037 0.026041666666666668 0.030555555555555555
0 0.2994791666666667 0.5 0.09583333333333334 0.13333333333333333
0 0.35885416666666664 0.4930555555555556 0.04479166666666667 0.06759259259259259
0 0.34375 0.449537037037037 0.025 0.03425925925925926
0 0.33151041666666664 0.43425925925925923 0.019270833333333334 0.025925925925925925
0 0.40989583333333335 0.46574074074074073 0.03333333333333333 0.06851851851851852
0 0.45364583333333336 0.5009259259259259 0.06979166666666667 0.09074074074074075
3 0.5677083333333334 0.4046296296296296 0.022916666666666665 0.03888888888888889
