0 0.006510416666666667 0.5458333333333333 0.013020833333333334 0.03981481481481482
0 0.21119791666666668 0.524537037037037 0.04010416666666667 0.03981481481481482
0 0.240625 0.5699074074074074 0.125 0.12685185185185185
0 0.3796875 0.5324074074074074 0.040625 0.03888888888888889
0 0.4401041666666667 0.5263888888888889 0.026041666666666668 0.03981481481481482
0 0.453125 0.5319444444444444 0.034375 0.04351851851851852
0 0.47630208333333335 0.525 0.022395833333333334 0.03148148148148148
0 0.49609375 0.5259259259259259 0.030729166666666665 0.03518518518518519
0 0.5216145833333333 0.5203703703703704 0.024479166666666666 0.02962962962962963
0 0.5432291666666667 0.5208333333333334 0.020833333333333332 0.025
0 0.55859375 0.5185185185185185 0.021354166666666667 0.022222222222222223
0 0.5723958333333333 0.5175925925925926 0.015625 0.024074074074074074
0 0.5846354166666666 0.5162037037037037 0.015104166666666667 0.025
0 0.6002604166666666 0.5138888888888888 0.019270833333333334 0.027777777777777776
0 0.78203125 0.5106481481481482 0.0265625 0.028703703703703703
0 0.8635416666666667 0.5097222222222222 0.04479166666666667 0.03611111111111111
1 0.8802083333333334 0.5074074074074074 0.008333333333333333 0.03888888888888889
3 0.4953125 0.29398148148148145 0.015625 0.026851851851851852
3 0.44869791666666664 0.3472222222222222 0.015104166666666667 0.027777777777777776
2 0.5145833333333333 0.3421296296296296 0.036458333333333336 0.017592592592592594
3 0.5502604166666667 0.3449074074074074 0.021354166666666667 0.03611111111111111
3 0.5734375 0.3458333333333333 0.022916666666666665 0.03981481481481482
2 0.6143229166666667 0.34305555555555556 0.0359375 0.01574074074074074
