2 0.25104166666666666 0.26157407407407407 0.046875 0.026851851851851852
2 0.3953125 0.24861111111111112 0.04791666666666667 0.028703703703703703
3 0.28984375 0.2263888888888889 0.0296875 0.03611111111111111
3 0.3223958333333333 0.24305555555555555 0.029166666666666667 0.05092592592592592
3 0.47890625 0.2300925925925926 0.0296875 0.05092592592592592
3 0.6770833333333334 0.4217592592592593 0.036458333333333336 0.062037037037037036
1 0.6481770833333333 0.5324074074074074 0.016145833333333335 0.1425925925925926
1 0.6643229166666667 0.5101851851851852 0.016145833333333335 0.09444444444444444
1 0.68515625 0.5041666666666667 0.025520833333333333 0.10462962962962963
1 0.70625 0.5287037037037037 0.017708333333333333 0.14629629629629629
1 0.7395833333333334 0.5268518518518519 0.0125 0.03518518518518519
0 0.7393229166666667 0.5351851851851852 0.0234375 0.03518518518518519
2 0.4390625 0.3814814814814815 0.026041666666666668 0.014814814814814815
0 0.028645833333333332 0.5625 0.041666666666666664 0.03796296296296296
0 0.07760416666666667 0.5574074074074075 0.05520833333333333 0.053703703703703705
0 0.21614583333333334 0.6092592592592593 0.22395833333333334 0.2388888888888889
0 0.9190104166666667 0.4875 0.1609375 0.10462962962962963
0 0.88984375 0.5189814814814815 0.0671875 0.05648148148148148
0 0.946875 0.5078703703703704 0.10520833333333333 0.075
0 0.41953125 0.5416666666666666 0.05677083333333333 0.07407407407407407
0 0.50234375 0.5810185185185185 0.11822916666666666 0.16574074074074074
0 0.4518229166666667 0.538425925925926 0.0171875 0.03981481481481482
