2 0.5299479166666666 0.2935185185185185 0.03697916666666667 0.018518518518518517
2 0.6231770833333333 0.2898148148148148 0.03697916666666667 0.018518518518518517
3 0.5713541666666667 0.2824074074074074 0.022916666666666665 0.040740740740740744
1 0.8716145833333333 0.5217592592592593 0.013020833333333334 0.08611111111111111
1 0.9065104166666667 0.5148148148148148 0.015104166666666667 0.1
1 0.9247395833333333 0.5050925925925925 0.0234375 0.10462962962962963
1 0.9861979166666667 0.513425925925926 0.0203125 0.11944444444444445
1 0.9729166666666667 0.47129629629629627 0.01875 0.05925925925925926
1 0.98046875 0.5421296296296296 0.024479166666666666 0.07685185185185185
0 0.6869791666666667 0.513425925925926 0.03958333333333333 0.03981481481481482
0 0.57109375 0.49722222222222223 0.019270833333333334 0.025925925925925925
0 0.5088541666666667 0.5736111111111111 0.14583333333333334 0.2361111111111111
0 0.43463541666666666 0.5203703703703704 0.03697916666666667 0.05555555555555555
0 0.40208333333333335 0.5546296296296296 0.07291666666666667 0.12222222222222222
0 0.3145833333333333 0.5912037037037037 0.17604166666666668 0.21203703703703702
0 0.03411458333333333 0.8125 0.06822916666666666 0.26944444444444443
0 0.22786458333333334 0.5606481481481481 0.10572916666666667 0.1638888888888889
0 0.16588541666666667 0.5578703703703703 0.0453125 0.10833333333333334
0 0.07447916666666667 0.562962962962963 0.14791666666666667 0.15185185185185185
0 0.06276041666666667 0.6041666666666666 0.12552083333333333 0.2175925925925926
2 0.50390625 0.4310185185185185 0.009895833333333333 0.004629629629629629
2 0.5294270833333333 0.4300925925925926 0.008854166666666666 0.004629629629629629
