2 0.2421875 0.022222222222222223 0.06666666666666667 0.044444444444444446
2 0.4125 0.006481481481481481 0.06458333333333334 0.012962962962962963
2 0.42135416666666664 0.3527777777777778 0.023958333333333335 0.016666666666666666
2 0.48515625 0.3439814814814815 0.0234375 0.017592592592592594
2 0.471875 0.46296296296296297 0.009375 0.005555555555555556
2 0.4973958333333333 0.4615740740740741 0.009375 0.006481481481481481
2 0.48515625 0.49074074074074076 0.0067708333333333336 0.003703703703703704
0 0.50703125 0.5162037037037037 0.034895833333333334 0.04722222222222222
3 0.5575520833333333 0.4675925925925926 0.013020833333333334 0.022222222222222223
0 0.5450520833333333 0.538425925925926 0.043229166666666666 0.032407407407407406
0 0.5177083333333333 0.5550925925925926 0.0125 0.049074074074074076
0 0.5010416666666667 0.5583333333333333 0.041666666666666664 0.05740740740740741
0 0.47682291666666665 0.5467592592592593 0.011979166666666667 0.03796296296296296
0 0.4635416666666667 0.5467592592592593 0.027083333333333334 0.04537037037037037
0 0.4557291666666667 0.5546296296296296 0.028125 0.05
0 0.4453125 0.5611111111111111 0.01875 0.06666666666666667
0 0.40963541666666664 0.5481481481481482 0.0640625 0.13518518518518519
0 0.34869791666666666 0.5888888888888889 0.0984375 0.13333333333333333
0 0.22291666666666668 0.6356481481481482 0.22916666666666666 0.23981481481481481
0 0.06458333333333334 0.5833333333333334 0.12916666666666668 0.2037037037037037
0 0.07838541666666667 0.7675925925925926 0.15677083333333333 0.35555555555555557
