0 0.6231770833333333 0.6041666666666666 0.19322916666666667 0.25092592592592594
0 0.4979166666666667 0.48935185185185187 0.052083333333333336 0.12314814814814815
0 0.05625 0.5638888888888889 0.1 0.11296296296296296
0 0.13854166666666667 0.5763888888888888 0.12604166666666666 0.09351851851851851
0 0.15833333333333333 0.5314814814814814 0.07395833333333333 0.06111111111111111
0 0.134375 0.47638888888888886 0.0375 0.028703703703703703
0 0.22942708333333334 0.5416666666666666 0.08072916666666667 0.08333333333333333
0 0.24505208333333334 0.4875 0.03802083333333333 0.049074074074074076
0 0.2869791666666667 0.5268518518518519 0.058333333333333334 0.06296296296296296
0 0.27395833333333336 0.4685185185185185 0.027083333333333334 0.03333333333333333
0 0.29661458333333335 0.4837962962962963 0.034895833333333334 0.028703703703703703
0 0.328125 0.49537037037037035 0.05520833333333333 0.08518518518518518
0 0.3684895833333333 0.4810185185185185 0.0484375 0.08981481481481482
0 0.39427083333333335 0.4532407407407407 0.025 0.04351851851851852
0 0.4015625 0.4837962962962963 0.030208333333333334 0.03796296296296296
0 0.41692708333333334 0.47453703703703703 0.027604166666666666 0.03796296296296296
0 0.43385416666666665 0.4726851851851852 0.015625 0.030555555555555555
0 0.4440104166666667 0.46435185185185185 0.0203125 0.028703703703703703
0 0.45416666666666666 0.4615740740740741 0.014583333333333334 0.025
0 0.45703125 0.43842592592592594 0.016145833333333335 0.025
0 0.47239583333333335 0.43333333333333335 0.016666666666666666 0.027777777777777776
