0 0.05416666666666667 0.5013888888888889 0.10104166666666667 0.07314814814814814
0 0.21354166666666666 0.5037037037037037 0.0375 0.04814814814814815
0 0.2669270833333333 0.5643518518518519 0.05572916666666667 0.0824074074074074
0 0.33098958333333334 0.5666666666666667 0.0953125 0.11481481481481481
0 0.36796875 0.5310185185185186 0.0140625 0.025
0 0.39609375 0.5476851851851852 0.05260416666666667 0.07314814814814814
0 0.4361979166666667 0.5337962962962963 0.030729166666666665 0.03981481481481482
0 0.48671875 0.5393518518518519 0.07864583333333333 0.13425925925925927
0 0.5283854166666667 0.4837962962962963 0.027604166666666666 0.030555555555555555
0 0.5364583333333334 0.5291666666666667 0.022916666666666665 0.03796296296296296
0 0.5614583333333333 0.5342592592592592 0.04375 0.05740740740740741
0 0.5888020833333333 0.5166666666666667 0.019270833333333334 0.02962962962962963
0 0.6197916666666666 0.549074074074074 0.08229166666666667 0.09814814814814815
0 0.8041666666666667 0.5986111111111111 0.26875 0.32314814814814813
0 0.4197916666666667 0.5296296296296297 0.0125 0.024074074074074074
