3 0.34609375 0.38842592592592595 0.015104166666666667 0.030555555555555555
1 0.13072916666666667 0.5319444444444444 0.03229166666666667 0.16018518518518518
1 0.23619791666666667 0.5351851851851852 0.018229166666666668 0.10555555555555556
1 0.3111979166666667 0.5199074074074074 0.019270833333333334 0.075
1 0.44375 0.513425925925926 0.007291666666666667 0.03611111111111111
1 0.5885416666666666 0.5273148148148148 0.014583333333333334 0.058333333333333334
1 0.9880208333333333 0.5018518518518519 0.022916666666666665 0.15555555555555556
0 0.5408854166666667 0.5513888888888889 0.0890625 0.12129629629629629
0 0.5955729166666667 0.4949074074074074 0.030729166666666665 0.025
0 0.61015625 0.5287037037037037 0.0421875 0.06296296296296296
0 0.6471354166666666 0.5421296296296296 0.06614583333333333 0.08981481481481482
0 0.7322916666666667 0.5736111111111111 0.16666666666666666 0.1675925925925926
0 0.7958333333333333 0.512962962962963 0.022916666666666665 0.02962962962962963
1 0.39453125 0.5430555555555555 0.015104166666666667 0.03981481481481482
