0 0.27057291666666666 0.5101851851851852 0.0828125 0.11851851851851852
0 0.34713541666666664 0.4962962962962963 0.044270833333333336 0.06481481481481481
0 0.3875 0.48842592592592593 0.015625 0.06018518518518518
0 0.43307291666666664 0.47824074074074074 0.019270833333333334 0.05277777777777778
0 0.45625 0.49212962962962964 0.03854166666666667 0.05277777777777778
0 0.5203125 0.4597222222222222 0.08333333333333333 0.19537037037037036
0 0.5721354166666667 0.47638888888888886 0.0234375 0.058333333333333334
0 0.6286458333333333 0.49027777777777776 0.036458333333333336 0.058333333333333334
0 0.6609375 0.49675925925925923 0.04895833333333333 0.06018518518518518
0 0.7713541666666667 0.5425925925925926 0.16458333333333333 0.19814814814814816
0 0.8869791666666667 0.4722222222222222 0.058333333333333334 0.08888888888888889
0 0.9559895833333333 0.487962962962963 0.034895833333333334 0.06666666666666667
0 0.8489583333333334 0.44305555555555554 0.0375 0.075
