0 0.44088541666666664 0.49074074074074076 0.059895833333333336 0.08333333333333333
0 0.41380208333333335 0.42916666666666664 0.06302083333333333 0.14907407407407408
0 0.3424479166666667 0.47175925925925927 0.0515625 0.09537037037037037
0 0.30885416666666665 0.45740740740740743 0.019791666666666666 0.027777777777777776
0 0.2830729166666667 0.449537037037037 0.028645833333333332 0.032407407407407406
0 0.28125 0.4708333333333333 0.03229166666666667 0.04351851851851852
0 0.24635416666666668 0.4842592592592593 0.053125 0.07407407407407407
0 0.18203125 0.43287037037037035 0.0234375 0.03796296296296296
0 0.15078125 0.4305555555555556 0.0421875 0.03888888888888889
0 0.12473958333333333 0.4388888888888889 0.030729166666666665 0.053703703703703705
0 0.06067708333333333 0.39861111111111114 0.10052083333333334 0.10462962962962963
0 0.00859375 0.42407407407407405 0.0171875 0.05185185185185185
0 0.012760416666666666 0.7277777777777777 0.025520833333333333 0.26666666666666666
3 0.4744791666666667 0.39351851851851855 0.01875 0.02962962962962963
