0 0.14192708333333334 0.4310185185185185 0.2838541666666667 0.862037037037037
0 0.30572916666666666 0.5597222222222222 0.05 0.1638888888888889
0 0.4479166666666667 0.6203703703703703 0.190625 0.26296296296296295
0 0.5239583333333333 0.5310185185185186 0.034375 0.05277777777777778
1 0.5497395833333333 0.5166666666666667 0.008854166666666666 0.03333333333333333
0 0.6046875 0.5805555555555556 0.146875 0.1574074074074074
0 0.6565104166666667 0.5185185185185185 0.043229166666666666 0.037037037037037035
0 0.7458333333333333 0.5263888888888889 0.029166666666666667 0.025
0 0.8575520833333333 0.6523148148148148 0.2838541666666667 0.3435185185185185
1 0.7338541666666667 0.562037037037037 0.040625 0.09074074074074075
