0 0.040625 0.5444444444444444 0.06666666666666667 0.06296296296296296
0 0.14609375 0.5078703703703704 0.10677083333333333 0.1175925925925926
0 0.21145833333333333 0.5296296296296297 0.035416666666666666 0.04259259259259259
0 0.2552083333333333 0.5263888888888889 0.029166666666666667 0.041666666666666664
0 0.2942708333333333 0.549074074074074 0.1 0.09074074074074075
0 0.33359375 0.5087962962962963 0.044270833333333336 0.05092592592592592
0 0.3575520833333333 0.5120370370370371 0.022395833333333334 0.03518518518518519
0 0.37864583333333335 0.525 0.028125 0.03333333333333333
0 0.4200520833333333 0.5263888888888889 0.06822916666666666 0.11018518518518519
0 0.4622395833333333 0.5277777777777778 0.024479166666666666 0.040740740740740744
0 0.5088541666666667 0.5347222222222222 0.0625 0.10648148148148148
3 0.4986979166666667 0.32407407407407407 0.022395833333333334 0.03333333333333333
0 0.4596354166666667 0.4962962962962963 0.021354166666666667 0.02962962962962963
0 0.23671875 0.5328703703703703 0.015104166666666667 0.025
0 0.17109375 0.4981481481481482 0.043229166666666666 0.02962962962962963
