0 0.3880208333333333 0.5148148148148148 0.020833333333333332 0.024074074074074074
0 0.3763020833333333 0.5268518518518519 0.0171875 0.037037037037037035
0 0.3578125 0.5407407407407407 0.04479166666666667 0.06481481481481481
0 0.2677083333333333 0.5398148148148149 0.03125 0.053703703703703705
0 0.3046875 0.5537037037037037 0.08645833333333333 0.09444444444444444
0 0.16744791666666667 0.5768518518518518 0.17760416666666667 0.1962962962962963
0 0.0421875 0.5717592592592593 0.08333333333333333 0.19722222222222222
0 0.054947916666666666 0.47314814814814815 0.10989583333333333 0.16296296296296298
0 0.0140625 0.6458333333333334 0.028125 0.23981481481481481
0 0.5005208333333333 0.5064814814814815 0.01875 0.024074074074074074
0 0.5296875 0.5046296296296297 0.017708333333333333 0.025925925925925925
0 0.5505208333333333 0.5009259259259259 0.016666666666666666 0.025925925925925925
0 0.57109375 0.49953703703703706 0.016145833333333335 0.026851851851851852
0 0.5911458333333334 0.5347222222222222 0.06041666666666667 0.07314814814814814
0 0.6859375 0.4962962962962963 0.020833333333333332 0.027777777777777776
0 0.70859375 0.5074074074074074 0.0234375 0.03333333333333333
0 0.8502604166666666 0.5180555555555556 0.04010416666666667 0.058333333333333334
0 0.9177083333333333 0.5152777777777777 0.11041666666666666 0.07685185185185185
3 0.728125 0.4412037037037037 0.016666666666666666 0.030555555555555555
2 0.5166666666666667 0.45185185185185184 0.00625 0.003703703703703704
2 0.5361979166666667 0.44907407407407407 0.005729166666666666 0.003703703703703704
