0 0.14869791666666668 0.4898148148148148 0.1984375 0.1648148148148148
0 0.28880208333333335 0.5546296296296296 0.058854166666666666 0.07222222222222222
0 0.22473958333333333 0.5601851851851852 0.07447916666666667 0.0962962962962963
0 0.1421875 0.5768518518518518 0.11666666666666667 0.11296296296296296
0 0.04192708333333333 0.5893518518518519 0.08385416666666666 0.15092592592592594
0 0.36484375 0.5601851851851852 0.09947916666666666 0.12407407407407407
0 0.5682291666666667 0.5398148148148149 0.029166666666666667 0.06666666666666667
0 0.5875 0.5486111111111112 0.041666666666666664 0.08796296296296297
0 0.71484375 0.612037037037037 0.26927083333333335 0.3685185185185185
0 0.5059895833333333 0.5643518518518519 0.10572916666666667 0.14537037037037037
0 0.8674479166666667 0.44027777777777777 0.2640625 0.5342592592592592
3 0.5747395833333333 0.3486111111111111 0.0140625 0.09722222222222222
