2 0.5640625 0.005555555555555556 0.08541666666666667 0.009259259259259259
1 0.8390625 0.5050925925925925 0.010416666666666666 0.04537037037037037
1 0.75078125 0.5106481481481482 0.0078125 0.03611111111111111
0 0.6065104166666667 0.49398148148148147 0.0359375 0.025
0 0.6260416666666667 0.513425925925926 0.015625 0.028703703703703703
0 0.63125 0.5157407407407407 0.017708333333333333 0.02962962962962963
0 0.6346354166666667 0.5185185185185185 0.015104166666666667 0.03148148148148148
0 0.6502604166666667 0.5175925925925926 0.027604166666666666 0.040740740740740744
0 0.6640625 0.524537037037037 0.036458333333333336 0.04351851851851852
0 0.6036458333333333 0.5185185185185185 0.023958333333333335 0.03518518518518519
0 0.53515625 0.5509259259259259 0.0984375 0.15
0 0.46588541666666666 0.5324074074074074 0.058854166666666666 0.1
0 0.4270833333333333 0.5263888888888889 0.03229166666666667 0.06018518518518518
0 0.4192708333333333 0.5337962962962963 0.023958333333333335 0.06388888888888888
0 0.3841145833333333 0.5314814814814814 0.05364583333333333 0.08703703703703704
0 0.27317708333333335 0.587037037037037 0.22239583333333332 0.25555555555555554
0 0.12161458333333333 0.5578703703703703 0.10572916666666667 0.11203703703703703
0 0.03463541666666667 0.5694444444444444 0.06927083333333334 0.09814814814814815
0 0.9671875 0.6189814814814815 0.06458333333333334 0.21203703703703702
0 0.5752604166666667 0.5226851851851851 0.0140625 0.05092592592592592
