2 0.5684895833333333 0.4361111111111111 0.009895833333333333 0.005555555555555556
2 0.5890625 0.4351851851851852 0.009375 0.005555555555555556
2 0.5802083333333333 0.44166666666666665 0.009375 0.005555555555555556
2 0.60078125 0.4412037037037037 0.0078125 0.004629629629629629
0 0.6119791666666666 0.5023148148148148 0.014583333333333334 0.023148148148148147
0 0.6216145833333333 0.5115740740740741 0.019270833333333334 0.026851851851851852
0 0.6557291666666667 0.5 0.0375 0.06666666666666667
0 0.6690104166666667 0.5217592592592593 0.022395833333333334 0.04537037037037037
0 0.6947916666666667 0.5282407407407408 0.046875 0.06388888888888888
0 0.7192708333333333 0.5263888888888889 0.013541666666666667 0.05277777777777778
0 0.7307291666666667 0.5212962962962963 0.01875 0.03148148148148148
0 0.7645833333333333 0.5342592592592592 0.06770833333333333 0.07777777777777778
0 0.9692708333333333 0.5476851851851852 0.06041666666666667 0.14351851851851852
0 0.58515625 0.5018518518518519 0.018229166666666668 0.02962962962962963
0 0.57890625 0.5115740740740741 0.0203125 0.028703703703703703
0 0.5552083333333333 0.5087962962962963 0.015625 0.025
0 0.5442708333333334 0.5166666666666667 0.01875 0.02962962962962963
0 0.5338541666666666 0.5287037037037037 0.029166666666666667 0.04814814814814815
0 0.5005208333333333 0.538425925925926 0.05625 0.08055555555555556
0 0.46901041666666665 0.5162037037037037 0.0203125 0.028703703703703703
0 0.45416666666666666 0.5060185185185185 0.016666666666666666 0.026851851851851852
0 0.4453125 0.5217592592592593 0.023958333333333335 0.03981481481481482
0 0.42161458333333335 0.524537037037037 0.03802083333333333 0.05092592592592592
0 0.3809895833333333 0.5291666666666667 0.05677083333333333 0.06944444444444445
0 0.34036458333333336 0.5291666666666667 0.0359375 0.05092592592592592
0 0.30182291666666666 0.5333333333333333 0.044270833333333336 0.06481481481481481
0 0.24114583333333334 0.5564814814814815 0.12604166666666666 0.13148148148148148
0 0.1375 0.5430555555555555 0.09375 0.12314814814814815
0 0.0671875 0.5453703703703704 0.1 0.11666666666666667
0 0.05703125 0.5657407407407408 0.1140625 0.1648148148148148
0 0.06276041666666667 0.6949074074074074 0.12552083333333333 0.3490740740740741
0 0.0296875 0.4648148148148148 0.059375 0.046296296296296294
0 0.08671875 0.4703703703703704 0.0390625 0.02962962962962963
2 0.6072916666666667 0.43425925925925923 0.008333333333333333 0.005555555555555556
