0 0.04244791666666667 0.4861111111111111 0.08489583333333334 0.07037037037037037
0 0.9450520833333333 0.5574074074074075 0.10885416666666667 0.1685185185185185
0 0.8033854166666666 0.5638888888888889 0.1078125 0.14074074074074075
1 0.684375 0.5231481481481481 0.016666666666666666 0.08703703703703704
1 0.6953125 0.5231481481481481 0.005208333333333333 0.024074074074074074
1 0.5692708333333333 0.5203703703703704 0.007291666666666667 0.03148148148148148
0 0.6130208333333333 0.5087962962962963 0.04895833333333333 0.0787037037037037
0 0.6513020833333333 0.5120370370370371 0.044270833333333336 0.04814814814814815
3 0.48723958333333334 0.2564814814814815 0.0234375 0.03888888888888889
3 0.52265625 0.3212962962962963 0.021354166666666667 0.03518518518518519
3 0.5395833333333333 0.3314814814814815 0.022916666666666665 0.037037037037037035
0 0.41875 0.49583333333333335 0.05 0.04537037037037037
0 0.5018229166666667 0.5347222222222222 0.058854166666666666 0.1175925925925926
0 0.5325520833333334 0.5268518518518519 0.013020833333333334 0.05555555555555555
