0 0.12369791666666667 0.7138888888888889 0.24739583333333334 0.5703703703703704
0 0.18463541666666666 0.5152777777777777 0.0734375 0.11018518518518519
0 0.14557291666666666 0.4439814814814815 0.058854166666666666 0.03981481481481482
0 0.23411458333333332 0.4888888888888889 0.04635416666666667 0.05925925925925926
0 0.24609375 0.44351851851851853 0.03697916666666667 0.053703703703703705
0 0.37447916666666664 0.5138888888888888 0.0875 0.1111111111111111
0 0.42213541666666665 0.48703703703703705 0.04635416666666667 0.07777777777777778
0 0.39375 0.45231481481481484 0.022916666666666665 0.023148148148148147
0 0.4432291666666667 0.46944444444444444 0.016666666666666666 0.03888888888888889
0 0.45078125 0.45694444444444443 0.0203125 0.030555555555555555
0 0.5130208333333334 0.48657407407407405 0.046875 0.0712962962962963
0 0.5122395833333333 0.4412037037037037 0.0234375 0.025
3 0.6239583333333333 0.3925925925925926 0.027083333333333334 0.03518518518518519
3 0.6653645833333334 0.36018518518518516 0.025520833333333333 0.046296296296296294
3 0.66328125 0.262037037037037 0.025520833333333333 0.046296296296296294
3 0.59453125 0.1259259259259259 0.04635416666666667 0.07222222222222222
3 0.63671875 0.11527777777777778 0.03697916666666667 0.062037037037037036
0 0.9268229166666667 0.5523148148148148 0.1453125 0.44537037037037036
0 0.7627604166666667 0.5138888888888888 0.23489583333333333 0.17592592592592593
0 0.51171875 0.412962962962963 0.016145833333333335 0.022222222222222223
2 0.4953125 0.30787037037037035 0.007291666666666667 0.004629629629629629
2 0.48098958333333336 0.30833333333333335 0.0067708333333333336 0.005555555555555556
