3 0.60078125 0.33796296296296297 0.0140625 0.024074074074074074
2 0.4942708333333333 0.45694444444444443 0.011458333333333333 0.006481481481481481
2 0.5296875 0.4546296296296296 0.011458333333333333 0.005555555555555556
0 0.5377604166666666 0.5018518518518519 0.013020833333333334 0.027777777777777776
0 0.5614583333333333 0.49722222222222223 0.01875 0.037037037037037035
0 0.4283854166666667 0.5175925925925926 0.015104166666666667 0.024074074074074074
0 0.019791666666666666 0.5523148148148148 0.03958333333333333 0.06759259259259259
0 0.07552083333333333 0.5458333333333333 0.06770833333333333 0.06944444444444445
0 0.14270833333333333 0.5421296296296296 0.04895833333333333 0.05277777777777778
0 0.25104166666666666 0.5342592592592592 0.025 0.02962962962962963
0 0.3109375 0.5328703703703703 0.06875 0.08981481481481482
0 0.3796875 0.537962962962963 0.07916666666666666 0.1037037037037037
0 0.4895833333333333 0.5509259259259259 0.1 0.13518518518518519
0 0.6588541666666666 0.549537037037037 0.13125 0.1675925925925926
2 0.50859375 0.46620370370370373 0.0078125 0.004629629629629629
