0 0.06822916666666666 0.5162037037037037 0.12291666666666666 0.11018518518518519
0 0.09010416666666667 0.5587962962962963 0.08541666666666667 0.12685185185185185
0 0.011197916666666667 0.5560185185185185 0.022395833333333334 0.06759259259259259
0 0.2109375 0.524537037037037 0.03854166666666667 0.04351851851851852
0 0.440625 0.5342592592592592 0.06666666666666667 0.05
0 0.48046875 0.5231481481481481 0.03177083333333333 0.03333333333333333
0 0.5013020833333334 0.5222222222222223 0.016145833333333335 0.027777777777777776
0 0.51796875 0.5222222222222223 0.028645833333333332 0.03333333333333333
0 0.5403645833333334 0.525 0.03697916666666667 0.03518518518518519
0 0.5622395833333333 0.5120370370370371 0.022395833333333334 0.03888888888888889
0 0.5833333333333334 0.5203703703703704 0.027083333333333334 0.02962962962962963
0 0.5973958333333333 0.5143518518518518 0.0125 0.025
0 0.6098958333333333 0.5171296296296296 0.017708333333333333 0.023148148148148147
0 0.6330729166666667 0.5277777777777778 0.05677083333333333 0.03888888888888889
0 0.77734375 0.549074074074074 0.05677083333333333 0.10185185185185185
0 0.8760416666666667 0.5481481481481482 0.16979166666666667 0.21296296296296297
0 0.9684895833333333 0.5 0.0234375 0.022222222222222223
3 0.4953125 0.2935185185185185 0.015625 0.027777777777777776
3 0.44895833333333335 0.34629629629629627 0.014583333333333334 0.027777777777777776
2 0.5138020833333333 0.3421296296296296 0.0359375 0.017592592592592594
3 0.5502604166666667 0.3449074074074074 0.022395833333333334 0.03796296296296296
3 0.5736979166666667 0.34629629629629627 0.022395833333333334 0.03888888888888889
2 0.6138020833333333 0.3435185185185185 0.0359375 0.016666666666666666
1 0.296875 0.5287037037037037 0.004166666666666667 0.037037037037037035
