0 0.0546875 0.5009259259259259 0.109375 0.18518518518518517
0 0.19296875 0.4722222222222222 0.07864583333333333 0.05740740740740741
0 0.26666666666666666 0.4439814814814815 0.05625 0.05277777777777778
0 0.340625 0.4601851851851852 0.03229166666666667 0.027777777777777776
0 0.35572916666666665 0.4550925925925926 0.030208333333333334 0.028703703703703703
0 0.39817708333333335 0.487962962962963 0.0828125 0.11666666666666667
0 0.5255208333333333 0.4444444444444444 0.12604166666666666 0.30185185185185187
0 0.5973958333333333 0.487962962962963 0.019791666666666666 0.07777777777777778
0 0.6255208333333333 0.4537037037037037 0.021875 0.025925925925925925
0 0.64296875 0.45 0.018229166666666668 0.02962962962962963
0 0.65625 0.45046296296296295 0.015625 0.026851851851851852
0 0.6763020833333333 0.44166666666666665 0.019270833333333334 0.04259259259259259
0 0.69296875 0.43703703703703706 0.028645833333333332 0.05185185185185185
0 0.80625 0.5425925925925926 0.25729166666666664 0.3388888888888889
0 0.9583333333333334 0.5226851851851851 0.08229166666666667 0.16944444444444445
1 0.9216145833333333 0.425 0.009895833333333333 0.025925925925925925
0 0.9825520833333333 0.4203703703703704 0.033854166666666664 0.06296296296296296
0 0.18958333333333333 0.4476851851851852 0.042708333333333334 0.026851851851851852
