2 0.4421875 0.2564814814814815 0.04791666666666667 0.020370370370370372
2 0.5518229166666667 0.25416666666666665 0.0484375 0.023148148148148147
3 0.4984375 0.2351851851851852 0.019791666666666666 0.037037037037037035
3 0.5924479166666666 0.2324074074074074 0.0296875 0.053703703703703705
0 0.5513020833333333 0.5601851851851852 0.1265625 0.1388888888888889
0 0.44140625 0.5300925925925926 0.05572916666666667 0.03981481481481482
0 0.45 0.5597222222222222 0.09270833333333334 0.06018518518518518
1 0.35234375 0.5458333333333333 0.0078125 0.041666666666666664
0 0.31744791666666666 0.5634259259259259 0.028645833333333332 0.03425925925925926
0 0.25234375 0.5601851851851852 0.04739583333333333 0.06296296296296296
0 0.19973958333333333 0.5652777777777778 0.07447916666666667 0.09351851851851851
0 0.1640625 0.549537037037037 0.025 0.062037037037037036
0 0.12786458333333334 0.5449074074074074 0.024479166666666666 0.05092592592592592
0 0.06276041666666667 0.5518518518518518 0.024479166666666666 0.04259259259259259
0 0.09427083333333333 0.5615740740740741 0.05520833333333333 0.08425925925925926
1 0.02578125 0.5430555555555555 0.0046875 0.026851851851851852
