0 0.09739583333333333 0.5444444444444444 0.06979166666666667 0.07592592592592592
0 0.13723958333333333 0.5324074074074074 0.033854166666666664 0.05185185185185185
0 0.18463541666666666 0.5314814814814814 0.0265625 0.053703703703703705
0 0.21901041666666668 0.5337962962962963 0.06927083333333334 0.0787037037037037
0 0.26614583333333336 0.5111111111111111 0.04791666666666667 0.06481481481481481
0 0.3033854166666667 0.4962962962962963 0.027604166666666666 0.025925925925925925
0 0.2908854166666667 0.524074074074074 0.018229166666666668 0.03148148148148148
0 0.31171875 0.525 0.04010416666666667 0.05185185185185185
0 0.34322916666666664 0.5097222222222222 0.04479166666666667 0.025
0 0.35260416666666666 0.5185185185185185 0.022916666666666665 0.027777777777777776
0 0.37473958333333335 0.5203703703703704 0.025520833333333333 0.025925925925925925
0 0.41822916666666665 0.5199074074074074 0.023958333333333335 0.030555555555555555
0 0.4401041666666667 0.5217592592592593 0.021875 0.03611111111111111
0 0.4861979166666667 0.5527777777777778 0.0984375 0.13703703703703704
0 0.5393229166666667 0.5162037037037037 0.0234375 0.041666666666666664
0 0.5580729166666667 0.5273148148148148 0.0359375 0.05648148148148148
0 0.5981770833333333 0.5300925925925926 0.06302083333333333 0.09166666666666666
0 0.6895833333333333 0.5425925925925926 0.10520833333333333 0.14074074074074075
0 0.88125 0.5356481481481481 0.15 0.10092592592592593
3 0.02734375 0.4666666666666667 0.011979166666666667 0.024074074074074074
2 0.52421875 0.462037037037037 0.008854166666666666 0.005555555555555556
2 0.5505208333333333 0.4615740740740741 0.009375 0.006481481481481481
1 0.16796875 0.5185185185185185 0.0067708333333333336 0.03148148148148148
3 0.9700520833333334 0.4356481481481482 0.019270833333333334 0.03425925925925926
