0 0.48723958333333334 0.5476851851851852 0.0609375 0.09907407407407408
0 0.33203125 0.5726851851851852 0.15677083333333333 0.1935185185185185
0 0.04192708333333333 0.5486111111111112 0.08385416666666666 0.18055555555555555
0 0.11067708333333333 0.5680555555555555 0.07447916666666667 0.1361111111111111
0 0.43020833333333336 0.5203703703703704 0.034375 0.046296296296296294
0 0.534375 0.5148148148148148 0.03125 0.05555555555555555
1 0.5265625 0.5203703703703704 0.011458333333333333 0.05185185185185185
1 0.55625 0.5143518518518518 0.009375 0.04351851851851852
1 0.5669270833333333 0.5083333333333333 0.009895833333333333 0.04259259259259259
0 0.8229166666666666 0.5527777777777778 0.046875 0.13703703703703704
0 0.921875 0.5546296296296296 0.0375 0.18888888888888888
