0 0.05807291666666667 0.4861111111111111 0.11614583333333334 0.4666666666666667
0 0.34375 0.5671296296296297 0.13333333333333333 0.1675925925925926
0 0.40234375 0.5388888888888889 0.0421875 0.09259259259259259
0 0.4315104166666667 0.48194444444444445 0.06927083333333334 0.1287037037037037
0 0.47161458333333334 0.5032407407407408 0.019270833333333334 0.03796296296296296
0 0.5005208333333333 0.5337962962962963 0.065625 0.08981481481481482
0 0.4828125 0.46944444444444444 0.034375 0.04259259259259259
0 0.6190104166666667 0.5097222222222222 0.11302083333333333 0.14351851851851852
1 0.6942708333333333 0.4981481481481482 0.014583333333333334 0.08703703703703704
1 0.7143229166666667 0.513425925925926 0.0328125 0.14907407407407408
1 0.7763020833333333 0.5037037037037037 0.0203125 0.12222222222222222
2 0.42161458333333335 0.32592592592592595 0.0234375 0.014814814814814815
3 0.45260416666666664 0.3101851851851852 0.019791666666666666 0.03518518518518519
2 0.48932291666666666 0.32314814814814813 0.024479166666666666 0.014814814814814815
2 0.45364583333333336 0.39490740740740743 0.013541666666666667 0.008333333333333333
2 0.48489583333333336 0.3925925925925926 0.013541666666666667 0.007407407407407408
