0 0.034375 0.3773148148148148 0.06875 0.14537037037037037
0 0.146875 0.4305555555555556 0.053125 0.046296296296296294
0 0.20182291666666666 0.4425925925925926 0.019270833333333334 0.027777777777777776
0 0.2234375 0.4388888888888889 0.023958333333333335 0.03888888888888889
0 0.28671875 0.5018518518518519 0.10260416666666666 0.1425925925925926
0 0.353125 0.49583333333333335 0.051041666666666666 0.0712962962962963
0 0.3424479166666667 0.44722222222222224 0.028645833333333332 0.037037037037037035
0 0.33567708333333335 0.44675925925925924 0.0234375 0.05648148148148148
0 0.4140625 0.4648148148148148 0.034375 0.07407407407407407
0 0.4473958333333333 0.5041666666666667 0.078125 0.10462962962962963
3 0.6669270833333333 0.3699074074074074 0.03802083333333333 0.06018518518518518
