3 0.7828125 0.2773148148148148 0.035416666666666666 0.062037037037037036
3 0.5236979166666667 0.0824074074074074 0.044270833333333336 0.08888888888888889
0 0.534375 0.5805555555555556 0.19479166666666667 0.25555555555555554
0 0.06432291666666666 0.5231481481481481 0.12864583333333332 0.17962962962962964
3 0.6158854166666666 0.40370370370370373 0.0140625 0.022222222222222223
2 0.49557291666666664 0.3611111111111111 0.022395833333333334 0.009259259259259259
2 0.5380208333333333 0.3592592592592593 0.021875 0.011111111111111112
0 0.15026041666666667 0.5222222222222223 0.0421875 0.05555555555555555
0 0.19427083333333334 0.5194444444444445 0.04583333333333333 0.05555555555555555
0 0.21666666666666667 0.513425925925926 0.03854166666666667 0.05648148148148148
0 0.2752604166666667 0.5092592592592593 0.05677083333333333 0.07962962962962963
0 0.38723958333333336 0.5083333333333333 0.06927083333333334 0.0962962962962963
0 0.35833333333333334 0.5060185185185185 0.023958333333333335 0.08611111111111111
0 0.4046875 0.4351851851851852 0.028125 0.04814814814814815
0 0.4421875 0.4148148148148148 0.017708333333333333 0.037037037037037035
0 0.55703125 0.4203703703703704 0.021354166666666667 0.05925925925925926
0 0.6354166666666666 0.45925925925925926 0.01875 0.02962962962962963
0 0.475 0.44675925925925924 0.041666666666666664 0.023148148148148147
0 0.43125 0.4703703703703704 0.021875 0.02962962962962963
0 0.35208333333333336 0.4935185185185185 0.017708333333333333 0.06111111111111111
0 0.4515625 0.5023148148148148 0.035416666666666666 0.05462962962962963
0 0.45859375 0.47453703703703703 0.024479166666666666 0.030555555555555555
1 0.6677083333333333 0.49166666666666664 0.009375 0.040740740740740744
0 0.6643229166666667 0.4564814814814815 0.011979166666666667 0.025925925925925925
0 0.16458333333333333 0.4824074074074074 0.040625 0.025925925925925925
