0 0.0671875 0.5388888888888889 0.042708333333333334 0.03888888888888889
1 0.018489583333333334 0.5430555555555555 0.0109375 0.07314814814814814
1 0.034895833333333334 0.549537037037037 0.013541666666666667 0.0787037037037037
1 0.0453125 0.5462962962962963 0.009375 0.06296296296296296
1 0.058333333333333334 0.5486111111111112 0.013541666666666667 0.0712962962962963
0 0.33515625 0.5231481481481481 0.044270833333333336 0.03148148148148148
0 0.5317708333333333 0.5162037037037037 0.03958333333333333 0.032407407407407406
0 0.49713541666666666 0.513425925925926 0.0171875 0.023148148148148147
0 0.5776041666666667 0.5027777777777778 0.01875 0.02962962962962963
0 0.6059895833333333 0.5037037037037037 0.021354166666666667 0.03518518518518519
0 0.7083333333333334 0.5125 0.06666666666666667 0.04537037037037037
0 0.7453125 0.5120370370370371 0.01875 0.025925925925925925
1 0.7463541666666667 0.5074074074074074 0.00625 0.03518518518518519
2 0.5786458333333333 0.4263888888888889 0.0125 0.006481481481481481
2 0.6140625 0.42685185185185187 0.013541666666666667 0.005555555555555556
0 0.840625 0.49907407407407406 0.028125 0.027777777777777776
0 0.8625 0.49444444444444446 0.036458333333333336 0.03148148148148148
0 0.8989583333333333 0.49027777777777776 0.03229166666666667 0.03425925925925926
0 0.8989583333333333 0.5726851851851852 0.20104166666666667 0.2324074074074074
2 0.20026041666666666 0.41435185185185186 0.0078125 0.008333333333333333
