0 0.5125 0.5611111111111111 0.08958333333333333 0.14074074074074075
0 0.5567708333333333 0.5351851851851852 0.016666666666666666 0.040740740740740744
0 0.5953125 0.5560185185185185 0.04895833333333333 0.06388888888888888
0 0.6153645833333333 0.5361111111111111 0.013020833333333334 0.024074074074074074
0 0.6453125 0.5421296296296296 0.021875 0.025
0 0.6984375 0.5458333333333333 0.026041666666666668 0.030555555555555555
0 0.7658854166666667 0.5574074074074075 0.0421875 0.046296296296296294
0 0.8671875 0.5402777777777777 0.08645833333333333 0.1287037037037037
0 0.9609375 0.6328703703703704 0.07708333333333334 0.5416666666666666
3 0.5309895833333333 0.41759259259259257 0.0140625 0.025925925925925925
3 0.5833333333333334 0.41944444444444445 0.013541666666666667 0.024074074074074074
3 0.64375 0.4222222222222222 0.013541666666666667 0.024074074074074074
