0 0.011458333333333333 0.6189814814814815 0.022916666666666665 0.12314814814814815
0 0.06666666666666667 0.5953703703703703 0.10416666666666667 0.13518518518518519
0 0.17083333333333334 0.6444444444444445 0.2875 0.29259259259259257
0 0.4192708333333333 0.5476851851851852 0.034375 0.04351851851851852
0 0.45078125 0.5393518518518519 0.015104166666666667 0.026851851851851852
0 0.51796875 0.6222222222222222 0.1609375 0.25925925925925924
0 0.5236979166666667 0.4634259259259259 0.08489583333333334 0.0712962962962963
0 0.5859375 0.4962962962962963 0.042708333333333334 0.05925925925925926
0 0.5979166666666667 0.5615740740740741 0.041666666666666664 0.09166666666666666
0 0.7817708333333333 0.5333333333333333 0.04375 0.07222222222222222
1 0.9578125 0.5023148148148148 0.017708333333333333 0.06018518518518518
1 0.090625 0.5152777777777777 0.016666666666666666 0.025
