0 0.10703125 0.4935185185185185 0.2140625 0.987037037037037
0 0.21354166666666666 0.45694444444444443 0.03125 0.21203703703703702
0 0.29348958333333336 0.4708333333333333 0.14635416666666667 0.30648148148148147
0 0.3921875 0.4388888888888889 0.09895833333333333 0.2759259259259259
0 0.44557291666666665 0.4412037037037037 0.0328125 0.18611111111111112
0 0.50234375 0.5675925925925925 0.12239583333333333 0.2462962962962963
0 0.6575520833333334 0.6504629629629629 0.3453125 0.4324074074074074
0 0.6036458333333333 0.4027777777777778 0.09270833333333334 0.08703703703703704
0 0.7908854166666667 0.49074074074074076 0.0578125 0.06851851851851852
0 0.8997395833333334 0.5916666666666667 0.19947916666666668 0.29814814814814816
