0 0.32578125 0.5074074074074074 0.03177083333333333 0.02962962962962963
0 0.17447916666666666 0.5203703703703704 0.06979166666666667 0.05555555555555555
0 0.0671875 0.5324074074074074 0.1125 0.1
0 0.4453125 0.49953703703703706 0.015625 0.023148148148148147
0 0.459375 0.5013888888888889 0.014583333333333334 0.023148148148148147
0 0.48723958333333334 0.512962962962963 0.04635416666666667 0.07407407407407407
0 0.5421875 0.5138888888888888 0.03333333333333333 0.044444444444444446
0 0.6065104166666667 0.5305555555555556 0.07239583333333334 0.08703703703703704
0 0.37473958333333335 0.5319444444444444 0.08177083333333333 0.08796296296296297
3 0.6536458333333334 0.3296296296296296 0.021875 0.03148148148148148
2 0.4669270833333333 0.4550925925925926 0.0078125 0.006481481481481481
2 0.47994791666666664 0.45555555555555555 0.0078125 0.005555555555555556
2 0.49296875 0.4564814814814815 0.0078125 0.007407407407407408
