3 0.024739583333333332 0.45694444444444443 0.0171875 0.04722222222222222
1 0.08177083333333333 0.5356481481481481 0.008333333333333333 0.06944444444444445
1 0.11458333333333333 0.5194444444444445 0.00625 0.025925925925925925
1 0.07552083333333333 0.5347222222222222 0.007291666666666667 0.062037037037037036
1 0.8911458333333333 0.5189814814814815 0.007291666666666667 0.058333333333333334
1 0.7138020833333333 0.500462962962963 0.0046875 0.030555555555555555
1 0.6440104166666667 0.5041666666666667 0.0036458333333333334 0.023148148148148147
0 0.03411458333333333 0.5222222222222223 0.0296875 0.044444444444444446
0 0.09921875 0.5314814814814814 0.0328125 0.037037037037037035
0 0.14375 0.5425925925925926 0.07604166666666666 0.09259259259259259
0 0.3924479166666667 0.5143518518518518 0.0265625 0.030555555555555555
0 0.496875 0.5111111111111111 0.016666666666666666 0.024074074074074074
0 0.5252604166666667 0.5101851851851852 0.0171875 0.024074074074074074
0 0.5690104166666666 0.512962962962963 0.0265625 0.03148148148148148
0 0.7981770833333334 0.5115740740740741 0.0390625 0.04537037037037037
0 0.8369791666666667 0.49583333333333335 0.03333333333333333 0.032407407407407406
0 0.5963541666666666 0.500462962962963 0.01875 0.03425925925925926
2 0.5713541666666667 0.4300925925925926 0.013541666666666667 0.006481481481481481
2 0.6036458333333333 0.4305555555555556 0.013541666666666667 0.007407407407407408
