0 0.14166666666666666 0.5925925925925926 0.2833333333333333 0.22962962962962963
0 0.7278645833333334 0.5722222222222222 0.1890625 0.2574074074074074
0 0.7924479166666667 0.4847222222222222 0.058854166666666666 0.0787037037037037
0 0.7481770833333333 0.5069444444444444 0.021354166666666667 0.03425925925925926
0 0.8229166666666666 0.5013888888888889 0.010416666666666666 0.03425925925925926
0 0.58203125 0.5370370370370371 0.0609375 0.07407407407407407
0 0.5401041666666667 0.5185185185185185 0.026041666666666668 0.040740740740740744
0 0.50703125 0.5157407407407407 0.0234375 0.053703703703703705
0 0.471875 0.5486111111111112 0.08125 0.10833333333333334
0 0.4395833333333333 0.5037037037037037 0.01875 0.03333333333333333
0 0.37916666666666665 0.5 0.053125 0.08148148148148149
0 0.3307291666666667 0.5037037037037037 0.06041666666666667 0.08518518518518518
0 0.296875 0.5199074074074074 0.01875 0.03981481481481482
0 0.61953125 0.5148148148148148 0.04010416666666667 0.046296296296296294
0 0.22213541666666667 0.5236111111111111 0.018229166666666668 0.023148148148148147
