0 0.065625 0.4324074074074074 0.08125 0.1
0 0.38359375 0.4787037037037037 0.030729166666666665 0.06851851851851852
0 0.4244791666666667 0.48518518518518516 0.075 0.10925925925925926
0 0.5341145833333333 0.4722222222222222 0.0453125 0.06481481481481481
0 0.5986979166666667 0.49722222222222223 0.1015625 0.12962962962962962
0 0.7921875 0.4949074074074074 0.11145833333333334 0.13796296296296295
0 0.91015625 0.5800925925925926 0.17864583333333334 0.6787037037037037
2 0.365625 0.23472222222222222 0.025 0.01574074074074074
2 0.4546875 0.24027777777777778 0.025 0.01574074074074074
2 0.5307291666666667 0.24675925925925926 0.025 0.01574074074074074
3 0.48020833333333335 0.22175925925925927 0.020833333333333332 0.04351851851851852
3 0.7333333333333333 0.1425925925925926 0.03229166666666667 0.05740740740740741
