0 0.86796875 0.5958333333333333 0.2630208333333333 0.49907407407407406
0 0.6135416666666667 0.5328703703703703 0.052083333333333336 0.10462962962962963
0 0.5848958333333333 0.5194444444444445 0.013541666666666667 0.046296296296296294
0 0.5716145833333334 0.5388888888888889 0.03177083333333333 0.040740740740740744
0 0.5171875 0.4898148148148148 0.034375 0.03148148148148148
0 0.5528645833333333 0.5310185185185186 0.016145833333333335 0.026851851851851852
0 0.51328125 0.5587962962962963 0.07760416666666667 0.10833333333333334
0 0.07395833333333333 0.6046296296296296 0.14791666666666667 0.17962962962962964
0 0.11197916666666667 0.5421296296296296 0.041666666666666664 0.03796296296296296
0 0.171875 0.5375 0.06041666666666667 0.041666666666666664
0 0.23255208333333333 0.5680555555555555 0.03177083333333333 0.09907407407407408
0 0.2950520833333333 0.5828703703703704 0.1203125 0.1712962962962963
0 0.35182291666666665 0.549074074074074 0.03177083333333333 0.06296296296296296
0 0.39739583333333334 0.5606481481481481 0.07395833333333333 0.09537037037037037
0 0.44296875 0.5458333333333333 0.03697916666666667 0.05648148148148148
0 0.46171875 0.5333333333333333 0.030729166666666665 0.05555555555555555
0 0.24036458333333333 0.5166666666666667 0.022395833333333334 0.022222222222222223
