0 0.01875 0.5101851851851852 0.034375 0.10185185185185185
1 0.042708333333333334 0.5300925925925926 0.014583333333333334 0.05462962962962963
0 0.23177083333333334 0.5393518518518519 0.06875 0.0787037037037037
0 0.3692708333333333 0.5277777777777778 0.034375 0.053703703703703705
0 0.39140625 0.5337962962962963 0.015104166666666667 0.04537037037037037
0 0.42109375 0.538425925925926 0.059895833333333336 0.09537037037037037
0 0.48854166666666665 0.5638888888888889 0.10520833333333333 0.1425925925925926
0 0.56640625 0.5296296296296297 0.049479166666666664 0.07407407407407407
0 0.91015625 0.5731481481481482 0.1734375 0.15
0 0.97109375 0.7912037037037037 0.05677083333333333 0.2972222222222222
