2 0.7401041666666667 0.22592592592592592 0.03333333333333333 0.020370370370370372
2 0.8296875 0.22268518518518518 0.03333333333333333 0.019444444444444445
2 0.746875 0.4152777777777778 0.013541666666666667 0.006481481481481481
2 0.7736979166666667 0.41435185185185186 0.0140625 0.006481481481481481
3 0.9786458333333333 0.3212962962962963 0.013541666666666667 0.02962962962962963
1 0.66640625 0.4930555555555556 0.021354166666666667 0.07685185185185185
0 0.66640625 0.5092592592592593 0.0234375 0.06666666666666667
0 0.05234375 0.549074074074074 0.1046875 0.1259259259259259
0 0.16171875 0.5342592592592592 0.12135416666666667 0.12222222222222222
0 0.26067708333333334 0.5291666666666667 0.0859375 0.10462962962962963
0 0.5169270833333334 0.5592592592592592 0.19739583333333333 0.21666666666666667
0 0.596875 0.4976851851851852 0.025 0.03611111111111111
0 0.6153645833333333 0.49907407407407406 0.0203125 0.03888888888888889
0 0.64921875 0.4935185185185185 0.025520833333333333 0.05
0 0.6723958333333333 0.5023148148148148 0.04375 0.07314814814814814
0 0.7497395833333333 0.5699074074074074 0.1828125 0.24166666666666667
0 0.8330729166666667 0.5254629629629629 0.0546875 0.1361111111111111
0 0.8510416666666667 0.5069444444444444 0.027083333333333334 0.08611111111111111
0 0.8700520833333333 0.4888888888888889 0.0203125 0.046296296296296294
0 0.8986979166666667 0.4810185185185185 0.03802083333333333 0.06944444444444445
0 0.90625 0.49583333333333335 0.022916666666666665 0.04722222222222222
0 0.9333333333333333 0.49074074074074076 0.03958333333333333 0.07962962962962963
0 0.9252604166666667 0.4949074074074074 0.013020833333333334 0.04722222222222222
0 0.9575520833333333 0.5259259259259259 0.08385416666666666 0.12962962962962962
0 0.42213541666666665 0.5263888888888889 0.0171875 0.049074074074074076
