0 0.2825520833333333 0.5333333333333333 0.05572916666666667 0.05925925925925926
0 0.6208333333333333 0.5388888888888889 0.09270833333333334 0.1037037037037037
0 0.4744791666666667 0.5101851851851852 0.019791666666666666 0.025925925925925925
0 0.3888020833333333 0.5074074074074074 0.022395833333333334 0.022222222222222223
0 0.41458333333333336 0.5037037037037037 0.021875 0.024074074074074074
0 0.434375 0.5106481481481482 0.022916666666666665 0.028703703703703703
0 0.5067708333333333 0.5074074074074074 0.016666666666666666 0.027777777777777776
3 0.37213541666666666 0.0875 0.04010416666666667 0.06388888888888888
2 0.32083333333333336 0.1162037037037037 0.04895833333333333 0.03611111111111111
2 0.4752604166666667 0.08842592592592592 0.05364583333333333 0.030555555555555555
2 0.6341145833333334 0.08981481481481482 0.0515625 0.03518518518518519
0 0.04791666666666667 0.5615740740740741 0.09583333333333334 0.13055555555555556
