0 0.9208333333333333 0.5324074074074074 0.103125 0.14629629629629629
0 0.78203125 0.5111111111111111 0.13489583333333333 0.12222222222222222
0 0.6830729166666667 0.4615740740740741 0.04739583333333333 0.03796296296296296
0 0.7088541666666667 0.46574074074074073 0.020833333333333332 0.037037037037037035
0 0.5106770833333333 0.6055555555555555 0.19114583333333332 0.27037037037037037
0 0.4231770833333333 0.5319444444444444 0.03802083333333333 0.06388888888888888
0 0.40130208333333334 0.5263888888888889 0.021354166666666667 0.032407407407407406
0 0.37916666666666665 0.5222222222222223 0.023958333333333335 0.022222222222222223
0 0.35598958333333336 0.5226851851851851 0.0296875 0.026851851851851852
0 0.3333333333333333 0.5226851851851851 0.025 0.026851851851851852
0 0.30078125 0.5407407407407407 0.044270833333333336 0.05740740740740741
0 0.26875 0.5388888888888889 0.029166666666666667 0.04814814814814815
0 0.12213541666666666 0.5819444444444445 0.17239583333333333 0.1712962962962963
0 0.06145833333333333 0.5648148148148148 0.12291666666666666 0.1537037037037037
