0 0.11145833333333334 0.49027777777777776 0.17291666666666666 0.325
0 0.38359375 0.5231481481481481 0.10260416666666666 0.08333333333333333
0 0.5033854166666667 0.5421296296296296 0.06927083333333334 0.09166666666666666
1 0.5705729166666667 0.5138888888888888 0.008854166666666666 0.046296296296296294
1 0.6119791666666666 0.5152777777777777 0.010416666666666666 0.05462962962962963
2 0.4786458333333333 0.3212962962962963 0.03125 0.012962962962962963
2 0.5510416666666667 0.3199074074074074 0.03333333333333333 0.01574074074074074
3 0.5078125 0.3087962962962963 0.015625 0.03425925925925926
3 0.6432291666666666 0.4337962962962963 0.013541666666666667 0.032407407407407406
0 0.6018229166666667 0.5157407407407407 0.0296875 0.03888888888888889
