0 0.5169270833333334 0.48009259259259257 0.21927083333333333 0.41759259259259257
0 0.61640625 0.4148148148148148 0.0296875 0.07962962962962963
2 0.6182291666666667 0.3074074074074074 0.020833333333333332 0.009259259259259259
2 0.6583333333333333 0.30648148148148147 0.020833333333333332 0.009259259259259259
1 0.71328125 0.425 0.005729166666666666 0.03518518518518519
0 0.7434895833333334 0.425462962962963 0.0671875 0.11388888888888889
0 0.7768229166666667 0.44305555555555554 0.05572916666666667 0.14166666666666666
0 0.8174479166666667 0.4462962962962963 0.07864583333333333 0.15555555555555556
0 0.821875 0.4810185185185185 0.06875 0.21574074074074073
0 0.915625 0.4078703703703704 0.16770833333333332 0.6027777777777777
