0 0.058854166666666666 0.45694444444444443 0.11770833333333333 0.2824074074074074
0 0.15182291666666667 0.46620370370370373 0.044270833333333336 0.03611111111111111
0 0.18151041666666667 0.4652777777777778 0.018229166666666668 0.03425925925925926
0 0.16536458333333334 0.5078703703703704 0.04739583333333333 0.062037037037037036
0 0.2296875 0.49074074074074076 0.08125 0.16296296296296298
0 0.28229166666666666 0.5310185185185186 0.15104166666666666 0.2101851851851852
0 0.3575520833333333 0.5046296296296297 0.033854166666666664 0.05555555555555555
0 0.3450520833333333 0.44814814814814813 0.016145833333333335 0.03333333333333333
0 0.3859375 0.4634259259259259 0.057291666666666664 0.1175925925925926
0 0.46197916666666666 0.43842592592592594 0.035416666666666666 0.041666666666666664
0 0.5153645833333333 0.4476851851851852 0.044270833333333336 0.10648148148148148
0 0.4796875 0.5634259259259259 0.15625 0.21574074074074073
