2 0.30520833333333336 0.48564814814814816 0.011458333333333333 0.006481481481481481
0 0.028645833333333332 0.5736111111111111 0.057291666666666664 0.10833333333333334
0 0.13489583333333333 0.6337962962962963 0.25 0.24722222222222223
0 0.24296875 0.5402777777777777 0.0359375 0.041666666666666664
0 0.22604166666666667 0.5342592592592592 0.020833333333333332 0.03888888888888889
0 0.3463541666666667 0.5273148148148148 0.027083333333333334 0.03796296296296296
0 0.3653645833333333 0.5648148148148148 0.07239583333333334 0.08888888888888889
0 0.3984375 0.5347222222222222 0.040625 0.08425925925925926
0 0.42161458333333335 0.5217592592592593 0.0171875 0.04537037037037037
0 0.4359375 0.5291666666666667 0.026041666666666668 0.03425925925925926
