2 0.5184895833333333 0.40879629629629627 0.011979166666666667 0.008333333333333333
2 0.5361979166666667 0.42407407407407405 0.008854166666666666 0.007407407407407408
2 0.5265625 0.4337962962962963 0.008333333333333333 0.006481481481481481
2 0.5338541666666666 0.4356481481481482 0.00625 0.004629629629629629
1 0.1171875 0.5148148148148148 0.01875 0.044444444444444446
1 0.13515625 0.5180555555555556 0.015104166666666667 0.06018518518518518
0 0.3151041666666667 0.5254629629629629 0.04479166666666667 0.03796296296296296
0 0.39739583333333334 0.49675925925925923 0.026041666666666668 0.028703703703703703
0 0.41432291666666665 0.5023148148148148 0.013020833333333334 0.025
0 0.5067708333333333 0.49074074074074076 0.026041666666666668 0.07037037037037037
0 0.6559895833333333 0.49074074074074076 0.043229166666666666 0.03888888888888889
0 0.66640625 0.5055555555555555 0.04010416666666667 0.03518518518518519
0 0.7286458333333333 0.44074074074074077 0.09479166666666666 0.12962962962962962
0 0.9606770833333333 0.5203703703703704 0.07760416666666667 0.23703703703703705
