0 0.46979166666666666 0.5092592592592593 0.026041666666666668 0.02962962962962963
0 0.5104166666666666 0.5083333333333333 0.036458333333333336 0.06111111111111111
0 0.3734375 0.5342592592592592 0.103125 0.13703703703703704
0 0.6765625 0.4861111111111111 0.0625 0.05555555555555555
0 0.74921875 0.5032407407407408 0.0421875 0.03425925925925926
0 0.7786458333333334 0.4981481481481482 0.030208333333333334 0.03148148148148148
0 0.80625 0.49722222222222223 0.03125 0.03148148148148148
0 0.85078125 0.4986111111111111 0.0546875 0.03611111111111111
0 0.834375 0.5101851851851852 0.065625 0.04814814814814815
0 0.8796875 0.49398148148148147 0.026041666666666668 0.03425925925925926
0 0.9213541666666667 0.4962962962962963 0.05520833333333333 0.046296296296296294
0 0.9721354166666667 0.4888888888888889 0.022395833333333334 0.025925925925925925
0 0.6427083333333333 0.4888888888888889 0.014583333333333334 0.024074074074074074
