0 0.07317708333333334 0.5337962962962963 0.11510416666666666 0.1398148148148148
0 0.17864583333333334 0.5412037037037037 0.14270833333333333 0.1712962962962963
0 0.3536458333333333 0.49212962962962964 0.06770833333333333 0.09537037037037037
0 0.39375 0.4652777777777778 0.030208333333333334 0.028703703703703703
0 0.4049479166666667 0.4875 0.04114583333333333 0.06388888888888888
0 0.42578125 0.4777777777777778 0.034895833333333334 0.06666666666666667
0 0.46770833333333334 0.4824074074074074 0.023958333333333335 0.03148148148148148
0 0.4822916666666667 0.47824074074074074 0.014583333333333334 0.026851851851851852
0 0.49635416666666665 0.4587962962962963 0.019791666666666666 0.05092592592592592
0 0.5408854166666667 0.4388888888888889 0.05677083333333333 0.14814814814814814
0 0.5778645833333333 0.46574074074074073 0.019270833333333334 0.053703703703703705
0 0.59375 0.43842592592592594 0.023958333333333335 0.14907407407407408
0 0.646875 0.42824074074074076 0.09583333333333334 0.2212962962962963
0 0.8903645833333333 0.49953703703703706 0.21822916666666667 0.9990740740740741
