0 0.5390625 0.44166666666666665 0.042708333333333334 0.08703703703703704
0 0.4981770833333333 0.4615740740740741 0.0171875 0.026851851851851852
0 0.4427083333333333 0.4393518518518518 0.017708333333333333 0.028703703703703703
0 0.44427083333333334 0.4625 0.013541666666666667 0.025
0 0.4236979166666667 0.4634259259259259 0.024479166666666666 0.03981481481481482
0 0.4044270833333333 0.4638888888888889 0.0140625 0.02962962962962963
0 0.38203125 0.4722222222222222 0.04114583333333333 0.053703703703703705
0 0.35963541666666665 0.4675925925925926 0.015104166666666667 0.027777777777777776
0 0.33984375 0.4736111111111111 0.0359375 0.04537037037037037
0 0.28072916666666664 0.48148148148148145 0.08229166666666667 0.11481481481481481
0 0.25 0.4476851851851852 0.08958333333333333 0.14722222222222223
0 0.18307291666666667 0.43796296296296294 0.06197916666666667 0.027777777777777776
0 0.08541666666666667 0.44814814814814813 0.05625 0.05925925925925926
0 0.051041666666666666 0.4652777777777778 0.07708333333333334 0.049074074074074076
0 0.011458333333333333 0.45925925925925926 0.022916666666666665 0.024074074074074074
0 0.006510416666666667 0.4759259259259259 0.013020833333333334 0.040740740740740744
2 0.49713541666666666 0.39537037037037037 0.0067708333333333336 0.005555555555555556
2 0.5197916666666667 0.3958333333333333 0.007291666666666667 0.006481481481481481
2 0.5049479166666667 0.4050925925925926 0.0067708333333333336 0.004629629629629629
2 0.52109375 0.40555555555555556 0.0067708333333333336 0.003703703703703704
