0 0.3385416666666667 0.5314814814814814 0.026041666666666668 0.040740740740740744
0 0.36822916666666666 0.5259259259259259 0.027083333333333334 0.040740740740740744
0 0.3859375 0.5259259259259259 0.015625 0.03333333333333333
0 0.39505208333333336 0.5231481481481481 0.019270833333333334 0.03333333333333333
0 0.44557291666666665 0.5199074074074074 0.03177083333333333 0.04722222222222222
0 0.4703125 0.5162037037037037 0.015625 0.03611111111111111
0 0.5463541666666667 0.49166666666666664 0.03333333333333333 0.08148148148148149
0 0.5489583333333333 0.5189814814814815 0.030208333333333334 0.04351851851851852
1 0.5072916666666667 0.524074074074074 0.041666666666666664 0.13333333333333333
0 0.57734375 0.5083333333333333 0.015104166666666667 0.027777777777777776
0 0.5809895833333333 0.5115740740740741 0.011979166666666667 0.026851851851851852
0 0.5888020833333333 0.513425925925926 0.013020833333333334 0.032407407407407406
0 0.5979166666666667 0.5203703703703704 0.021875 0.05185185185185185
0 0.625 0.5236111111111111 0.051041666666666666 0.07314814814814814
0 0.6611979166666667 0.5097222222222222 0.015104166666666667 0.03796296296296296
0 0.6791666666666667 0.5162037037037037 0.0375 0.06018518518518518
0 0.6916666666666667 0.5231481481481481 0.0375 0.05925925925925926
0 0.71015625 0.5263888888888889 0.018229166666666668 0.06944444444444445
0 0.7643229166666666 0.5717592592592593 0.14322916666666666 0.20092592592592592
0 0.85078125 0.5351851851851852 0.0828125 0.13333333333333333
1 0.9221354166666667 0.5013888888888889 0.008854166666666666 0.04722222222222222
0 0.9591145833333333 0.5064814814814815 0.06927083333333334 0.03888888888888889
3 0.6947916666666667 0.35185185185185186 0.014583333333333334 0.025925925925925925
3 0.6424479166666667 0.3541666666666667 0.015104166666666667 0.026851851851851852
2 0.6184895833333334 0.3662037037037037 0.024479166666666666 0.010185185185185186
2 0.6721354166666667 0.36342592592592593 0.024479166666666666 0.010185185185185186
2 0.7255208333333333 0.36203703703703705 0.025 0.011111111111111112
0 0.50859375 0.5666666666666667 0.0453125 0.14074074074074075
