3 0.6299479166666667 0.3435185185185185 0.013020833333333334 0.024074074074074074
0 0.6755208333333333 0.5 0.025 0.07592592592592592
0 0.52109375 0.5800925925925926 0.3203125 0.5268518518518519
0 0.35911458333333335 0.4837962962962963 0.030729166666666665 0.05277777777777778
0 0.3625 0.5083333333333333 0.027083333333333334 0.053703703703703705
0 0.28880208333333335 0.5087962962962963 0.03697916666666667 0.049074074074074076
0 0.2552083333333333 0.5111111111111111 0.04375 0.05925925925925926
0 0.20052083333333334 0.5268518518518519 0.08229166666666667 0.10185185185185185
0 0.17213541666666668 0.49027777777777776 0.0296875 0.03425925925925926
0 0.14244791666666667 0.5106481481481482 0.049479166666666664 0.06944444444444445
0 0.125 0.5282407407407408 0.065625 0.08981481481481482
0 0.049479166666666664 0.5444444444444444 0.09895833333333333 0.14074074074074075
0 0.91328125 0.44907407407407407 0.0234375 0.053703703703703705
0 0.7872395833333333 0.4564814814814815 0.0765625 0.06481481481481481
