0 0.03958333333333333 0.5074074074074074 0.051041666666666666 0.05185185185185185
0 0.09817708333333333 0.48703703703703705 0.06927083333333334 0.05925925925925926
0 0.019270833333333334 0.5060185185185185 0.028125 0.04537037037037037
0 0.115625 0.5273148148148148 0.058333333333333334 0.07685185185185185
0 0.17057291666666666 0.5254629629629629 0.0609375 0.06759259259259259
0 0.36796875 0.5597222222222222 0.11822916666666666 0.13240740740740742
0 0.23645833333333333 0.5217592592592593 0.04375 0.058333333333333334
0 0.2515625 0.5148148148148148 0.03333333333333333 0.037037037037037035
0 0.26588541666666665 0.512962962962963 0.034895833333333334 0.03518518518518519
0 0.271875 0.5097222222222222 0.04375 0.03981481481481482
0 0.30755208333333334 0.5152777777777777 0.0359375 0.028703703703703703
3 0.5822916666666667 0.44537037037037036 0.017708333333333333 0.03148148148148148
0 0.5497395833333333 0.513425925925926 0.022395833333333334 0.04537037037037037
0 0.7145833333333333 0.5060185185185185 0.04375 0.04537037037037037
0 0.62578125 0.513425925925926 0.03802083333333333 0.03981481481481482
0 0.6002604166666666 0.5143518518518518 0.027604166666666666 0.03425925925925926
0 0.5677083333333334 0.5115740740740741 0.010416666666666666 0.028703703703703703
0 0.5153645833333333 0.5023148148148148 0.011979166666666667 0.023148148148148147
0 0.4518229166666667 0.5171296296296296 0.0203125 0.026851851851851852
