3 0.94765625 0.41574074074074074 0.0234375 0.046296296296296294
3 0.94765625 0.37083333333333335 0.024479166666666666 0.04722222222222222
3 0.5981770833333333 0.48657407407407405 0.015104166666666667 0.026851851851851852
3 0.5971354166666667 0.46620370370370373 0.0140625 0.023148148148148147
3 0.5091145833333334 0.4888888888888889 0.011979166666666667 0.027777777777777776
3 0.2565104166666667 0.49212962962962964 0.0140625 0.025
0 0.6924479166666667 0.45046296296296295 0.044270833333333336 0.05092592592592592
0 0.6950520833333333 0.5777777777777777 0.17447916666666666 0.20925925925925926
0 0.6169270833333333 0.49907407407407406 0.0234375 0.05
0 0.6299479166666667 0.5125 0.018229166666666668 0.03981481481481482
0 0.7677083333333333 0.4652777777777778 0.06145833333333333 0.07314814814814814
0 0.47552083333333334 0.5120370370370371 0.034375 0.04814814814814815
0 0.41458333333333336 0.5296296296296297 0.06041666666666667 0.08333333333333333
0 0.3854166666666667 0.5180555555555556 0.014583333333333334 0.041666666666666664
0 0.3263020833333333 0.5175925925925926 0.0484375 0.07777777777777778
0 0.29583333333333334 0.5208333333333334 0.028125 0.041666666666666664
0 0.19609375 0.5254629629629629 0.11197916666666667 0.13240740740740742
0 0.01953125 0.5416666666666666 0.0390625 0.1962962962962963
0 0.15755208333333334 0.5050925925925925 0.033854166666666664 0.030555555555555555
0 0.546875 0.537962962962963 0.0875 0.15185185185185185
