0 0.043229166666666666 0.5962962962962963 0.08645833333333333 0.2
0 0.28411458333333334 0.5412037037037037 0.08489583333333334 0.09722222222222222
0 0.30911458333333336 0.5175925925925926 0.0390625 0.05925925925925926
0 0.3494791666666667 0.5236111111111111 0.03958333333333333 0.06388888888888888
0 0.3919270833333333 0.5268518518518519 0.0703125 0.0962962962962963
0 0.4234375 0.5023148148148148 0.014583333333333334 0.03796296296296296
0 0.43385416666666665 0.5013888888888889 0.016666666666666666 0.028703703703703703
0 0.44114583333333335 0.49583333333333335 0.017708333333333333 0.030555555555555555
0 0.4981770833333333 0.5625 0.11197916666666667 0.16018518518518518
0 0.5703125 0.4652777777777778 0.075 0.16944444444444445
0 0.6619791666666667 0.48333333333333334 0.10416666666666667 0.14444444444444443
0 0.6325520833333333 0.5393518518518519 0.10364583333333334 0.14351851851851852
