0 0.8807291666666667 0.6657407407407407 0.2375 0.4351851851851852
0 0.6705729166666666 0.575925925925926 0.20989583333333334 0.20555555555555555
0 0.17239583333333333 0.5060185185185185 0.22291666666666668 0.4101851851851852
0 0.04609375 0.538425925925926 0.033854166666666664 0.062037037037037036
0 0.34088541666666666 0.5106481481481482 0.019270833333333334 0.032407407407407406
1 0.43046875 0.5347222222222222 0.0171875 0.08611111111111111
3 0.3171875 0.34444444444444444 0.015625 0.027777777777777776
2 0.28359375 0.35509259259259257 0.0234375 0.010185185185185186
2 0.35052083333333334 0.3537037037037037 0.023958333333333335 0.011111111111111112
3 0.3028645833333333 0.3388888888888889 0.011979166666666667 0.027777777777777776
3 0.4518229166666667 0.45601851851851855 0.0109375 0.021296296296296296
