0 0.7643229166666666 0.6324074074074074 0.24322916666666666 0.26481481481481484
1 0.66015625 0.537962962962963 0.005729166666666666 0.037037037037037035
1 0.665625 0.5361111111111111 0.005208333333333333 0.03148148148148148
2 0.56484375 0.38935185185185184 0.0265625 0.012037037037037037
2 0.4869791666666667 0.39444444444444443 0.026041666666666668 0.011111111111111112
2 0.51796875 0.45925925925925926 0.0140625 0.007407407407407408
2 0.55 0.45740740740740743 0.014583333333333334 0.007407407407407408
3 0.5166666666666667 0.3685185185185185 0.016666666666666666 0.027777777777777776
0 0.6278645833333333 0.5222222222222223 0.06614583333333333 0.08518518518518518
0 0.6169270833333333 0.5439814814814815 0.04010416666666667 0.06018518518518518
0 0.5533854166666666 0.5449074074074074 0.0296875 0.04351851851851852
0 0.540625 0.525 0.029166666666666667 0.06481481481481481
0 0.48125 0.5319444444444444 0.025 0.049074074074074076
0 0.4786458333333333 0.5462962962962963 0.015625 0.027777777777777776
0 0.46197916666666666 0.549074074074074 0.026041666666666668 0.03518518518518519
0 0.36744791666666665 0.5583333333333333 0.04635416666666667 0.06481481481481481
0 0.19947916666666668 0.5671296296296297 0.053125 0.03611111111111111
0 0.09140625 0.6236111111111111 0.1828125 0.2101851851851852
1 0.23958333333333334 0.5652777777777778 0.004166666666666667 0.030555555555555555
1 0.24270833333333333 0.5638888888888889 0.005208333333333333 0.03148148148148148
