0 0.015885416666666666 0.5370370370370371 0.03177083333333333 0.21851851851851853
0 0.5479166666666667 0.5407407407407407 0.05625 0.08148148148148149
0 0.6020833333333333 0.512962962962963 0.028125 0.05185185185185185
0 0.6526041666666667 0.5083333333333333 0.022916666666666665 0.03888888888888889
0 0.6903645833333333 0.49166666666666664 0.028645833333333332 0.024074074074074074
0 0.68984375 0.5625 0.09010416666666667 0.1175925925925926
3 0.7205729166666667 0.4009259259259259 0.0171875 0.027777777777777776
3 0.7908854166666667 0.2972222222222222 0.034895833333333334 0.06296296296296296
3 0.82734375 0.2967592592592593 0.034895833333333334 0.062037037037037036
0 0.8502604166666666 0.49212962962962964 0.1765625 0.2657407407407407
