0 0.15833333333333333 0.4078703703703704 0.31666666666666665 0.4861111111111111
0 0.04869791666666667 0.6273148148148148 0.09739583333333333 0.1175925925925926
0 0.3346354166666667 0.5324074074074074 0.12760416666666666 0.16111111111111112
0 0.3390625 0.44814814814814813 0.078125 0.037037037037037035
0 0.40234375 0.512962962962963 0.0359375 0.06111111111111111
0 0.47578125 0.5856481481481481 0.16510416666666666 0.25277777777777777
0 0.5494791666666666 0.5175925925925926 0.030208333333333334 0.04259259259259259
0 0.609375 0.5226851851851851 0.08333333333333333 0.10833333333333334
0 0.6916666666666667 0.49722222222222223 0.06145833333333333 0.07407407407407407
3 0.7432291666666667 0.3416666666666667 0.023958333333333335 0.046296296296296294
