0 0.48802083333333335 0.5175925925925926 0.075 0.10185185185185185
0 0.60625 0.5074074074074074 0.0625 0.07962962962962963
0 0.7270833333333333 0.5055555555555555 0.06770833333333333 0.08333333333333333
0 0.8213541666666667 0.44212962962962965 0.115625 0.20462962962962963
0 0.9028645833333333 0.49583333333333335 0.06614583333333333 0.0787037037037037
0 0.6932291666666667 0.45694444444444443 0.07083333333333333 0.11944444444444445
0 0.6299479166666667 0.47453703703703703 0.022395833333333334 0.04722222222222222
0 0.5760416666666667 0.48703703703703705 0.017708333333333333 0.03333333333333333
0 0.54140625 0.49212962962962964 0.022395833333333334 0.032407407407407406
0 0.56171875 0.47453703703703703 0.018229166666666668 0.03425925925925926
