0 0.21614583333333334 0.48194444444444445 0.053125 0.03796296296296296
0 0.2677083333333333 0.5018518518518519 0.040625 0.06111111111111111
0 0.31744791666666666 0.49166666666666664 0.0734375 0.13518518518518519
0 0.36328125 0.48333333333333334 0.0140625 0.027777777777777776
0 0.37786458333333334 0.4930555555555556 0.019270833333333334 0.030555555555555555
0 0.41328125 0.500462962962963 0.024479166666666666 0.030555555555555555
0 0.43984375 0.4949074074074074 0.022395833333333334 0.026851851851851852
0 0.4875 0.49907407407407406 0.046875 0.0962962962962963
2 0.4515625 0.3814814814814815 0.0125 0.009259259259259259
2 0.484375 0.3875 0.0125 0.008333333333333333
1 0.10390625 0.46620370370370373 0.0067708333333333336 0.028703703703703703
