0 0.024479166666666666 0.5504629629629629 0.04895833333333333 0.07685185185185185
0 0.05807291666666667 0.5398148148148149 0.043229166666666666 0.05
0 0.0984375 0.5449074074074074 0.06875 0.06018518518518518
0 0.13072916666666667 0.5365740740740741 0.036458333333333336 0.041666666666666664
0 0.12552083333333333 0.5009259259259259 0.09895833333333333 0.08888888888888889
0 0.18046875 0.5273148148148148 0.04635416666666667 0.032407407407407406
0 0.25885416666666666 0.5212962962962963 0.06145833333333333 0.03518518518518519
0 0.29583333333333334 0.5277777777777778 0.025 0.022222222222222223
0 0.340625 0.5310185185185186 0.023958333333333335 0.025
0 0.35 0.513425925925926 0.01875 0.05462962962962963
3 0.36328125 0.38935185185185184 0.016145833333333335 0.032407407407407406
3 0.41848958333333336 0.26851851851851855 0.0203125 0.037037037037037035
3 0.44244791666666666 0.274537037037037 0.0265625 0.049074074074074076
0 0.49713541666666666 0.537962962962963 0.04739583333333333 0.06296296296296296
3 0.9859375 0.38842592592592595 0.027083333333333334 0.08796296296296297
3 0.74921875 0.35648148148148145 0.022395833333333334 0.03518518518518519
3 0.7494791666666667 0.3888888888888889 0.016666666666666666 0.02962962962962963
