2 0.5036458333333333 0.34814814814814815 0.025 0.011111111111111112
2 0.5677083333333334 0.3476851851851852 0.026041666666666668 0.012037037037037037
3 0.5317708333333333 0.3416666666666667 0.015625 0.025925925925925925
1 0.71953125 0.5074074074074074 0.009895833333333333 0.06111111111111111
1 0.7432291666666667 0.5064814814814815 0.011458333333333333 0.06296296296296296
1 0.75703125 0.5027777777777778 0.013020833333333334 0.06481481481481481
1 0.7760416666666666 0.5037037037037037 0.011458333333333333 0.05555555555555555
1 0.77109375 0.5199074074074074 0.016145833333333335 0.04722222222222222
0 0.6265625 0.5027777777777778 0.029166666666666667 0.03333333333333333
0 0.8127604166666667 0.5555555555555556 0.0953125 0.16296296296296298
0 0.9213541666666667 0.5138888888888888 0.15625 0.412962962962963
0 0.48932291666666666 0.524074074074074 0.0671875 0.10555555555555556
0 0.44244791666666666 0.512962962962963 0.03697916666666667 0.05740740740740741
0 0.40625 0.5268518518518519 0.05520833333333333 0.08518518518518518
0 0.3450520833333333 0.5467592592592593 0.1109375 0.14351851851851852
0 0.11354166666666667 0.6833333333333333 0.22708333333333333 0.4685185185185185
0 0.27369791666666665 0.5347222222222222 0.0671875 0.10092592592592593
0 0.24973958333333332 0.5231481481481481 0.058854166666666666 0.08888888888888889
0 0.17838541666666666 0.5287037037037037 0.0890625 0.11296296296296296
2 0.4825520833333333 0.42592592592592593 0.008854166666666666 0.003703703703703704
