0 0.0734375 0.6037037037037037 0.146875 0.2037037037037037
1 0.14973958333333334 0.5638888888888889 0.0046875 0.04259259259259259
1 0.16770833333333332 0.5652777777777778 0.0125 0.03425925925925926
1 0.178125 0.5574074074074075 0.00625 0.03888888888888889
1 0.17604166666666668 0.5638888888888889 0.011458333333333333 0.03518518518518519
1 0.20546875 0.5583333333333333 0.0171875 0.03333333333333333
1 0.20442708333333334 0.5550925925925926 0.0067708333333333336 0.03796296296296296
1 0.2171875 0.5597222222222222 0.005208333333333333 0.028703703703703703
1 0.234375 0.5560185185185185 0.00625 0.03425925925925926
1 0.22786458333333334 0.5560185185185185 0.008854166666666666 0.03425925925925926
1 0.24348958333333334 0.5546296296296296 0.005729166666666666 0.03148148148148148
1 0.2518229166666667 0.5472222222222223 0.0046875 0.03148148148148148
1 0.22395833333333334 0.5597222222222222 0.010416666666666666 0.028703703703703703
0 0.2830729166666667 0.5578703703703703 0.05677083333333333 0.08425925925925926
0 0.4518229166666667 0.5481481481481482 0.0453125 0.05925925925925926
0 0.47734375 0.5300925925925926 0.0171875 0.026851851851851852
0 0.49557291666666664 0.5185185185185185 0.016145833333333335 0.03333333333333333
0 0.5328125 0.5148148148148148 0.022916666666666665 0.04814814814814815
0 0.5552083333333333 0.5277777777777778 0.021875 0.025925925925925925
0 0.5661458333333333 0.5393518518518519 0.035416666666666666 0.04351851851851852
0 0.5846354166666666 0.5319444444444444 0.019270833333333334 0.032407407407407406
0 0.6140625 0.5537037037037037 0.051041666666666666 0.08888888888888889
0 0.6859375 0.5888888888888889 0.15104166666666666 0.17777777777777778
0 0.7375 0.5203703703703704 0.05625 0.07407407407407407
1 0.7861979166666667 0.5037037037037037 0.0109375 0.02962962962962963
1 0.8697916666666666 0.49444444444444446 0.016666666666666666 0.040740740740740744
