1 0.73359375 0.5111111111111111 0.0078125 0.05
0 0.2578125 0.5273148148148148 0.06041666666666667 0.04351851851851852
0 0.3848958333333333 0.5097222222222222 0.015625 0.023148148148148147
0 0.4088541666666667 0.5125 0.023958333333333335 0.030555555555555555
0 0.45364583333333336 0.5097222222222222 0.017708333333333333 0.023148148148148147
0 0.47734375 0.5101851851851852 0.019270833333333334 0.02962962962962963
0 0.5096354166666667 0.5092592592592593 0.0171875 0.027777777777777776
0 0.5403645833333334 0.5087962962962963 0.021354166666666667 0.032407407407407406
0 0.5721354166666667 0.5152777777777777 0.024479166666666666 0.04351851851851852
0 0.6203125 0.5560185185185185 0.1125 0.13425925925925927
3 0.7026041666666667 0.27546296296296297 0.03854166666666667 0.041666666666666664
2 0.5067708333333333 0.4300925925925926 0.010416666666666666 0.006481481481481481
2 0.54296875 0.42685185185185187 0.0109375 0.009259259259259259
