0 0.2234375 0.5226851851851851 0.07291666666666667 0.03611111111111111
0 0.42109375 0.5106481481481482 0.0203125 0.023148148148148147
0 0.4578125 0.512962962962963 0.029166666666666667 0.037037037037037035
0 0.503125 0.5050925925925925 0.017708333333333333 0.028703703703703703
0 0.6190104166666667 0.5393518518518519 0.09427083333333333 0.10648148148148148
2 0.46328125 0.4185185185185185 0.0109375 0.005555555555555556
2 0.49609375 0.41759259259259257 0.0109375 0.005555555555555556
2 0.5283854166666667 0.4162037037037037 0.011979166666666667 0.006481481481481481
3 0.5932291666666667 0.3199074074074074 0.019791666666666666 0.03981481481481482
0 0.4002604166666667 0.5101851851851852 0.018229166666666668 0.022222222222222223
