0 0.05520833333333333 0.5009259259259259 0.084375 0.05740740740740741
0 0.29739583333333336 0.48518518518518516 0.042708333333333334 0.027777777777777776
0 0.020572916666666666 0.6129629629629629 0.04010416666666667 0.09074074074074075
0 0.7799479166666666 0.3912037037037037 0.2296875 0.2916666666666667
0 0.73046875 0.6518518518518519 0.44947916666666665 0.37222222222222223
0 0.65859375 0.44814814814814813 0.0328125 0.05555555555555555
0 0.634375 0.4689814814814815 0.023958333333333335 0.028703703703703703
0 0.5731770833333333 0.4439814814814815 0.09114583333333333 0.09907407407407408
0 0.56640625 0.4935185185185185 0.1109375 0.1962962962962963
0 0.6127604166666667 0.44583333333333336 0.0203125 0.08611111111111111
0 0.5106770833333333 0.4791666666666667 0.016145833333333335 0.021296296296296296
2 0.6106770833333334 0.33240740740740743 0.0265625 0.012962962962962963
2 0.6799479166666667 0.3282407407407407 0.024479166666666666 0.012037037037037037
0 0.9755208333333333 0.4740740740740741 0.04791666666666667 0.30925925925925923
0 0.94140625 0.46064814814814814 0.03802083333333333 0.026851851851851852
2 0.62421875 0.38935185185185184 0.0140625 0.006481481481481481
