3 0.7807291666666667 0.22870370370370371 0.025 0.044444444444444446
3 0.7552083333333334 0.23055555555555557 0.025 0.044444444444444446
3 0.6216145833333333 0.2884259259259259 0.018229166666666668 0.032407407407407406
3 0.58828125 0.28888888888888886 0.018229166666666668 0.03148148148148148
2 0.5 0.30092592592592593 0.021875 0.012962962962962963
2 0.5682291666666667 0.30092592592592593 0.021875 0.012962962962962963
2 0.5177083333333333 0.3625 0.014583333333333334 0.008333333333333333
2 0.5565104166666667 0.3625 0.0140625 0.008333333333333333
3 0.7138020833333333 0.4064814814814815 0.011979166666666667 0.022222222222222223
0 0.9690104166666667 0.47314814814814815 0.0609375 0.07962962962962963
0 0.9231770833333334 0.47638888888888886 0.07552083333333333 0.05648148148148148
0 0.6294270833333333 0.4791666666666667 0.030729166666666665 0.03425925925925926
0 0.6013020833333333 0.47638888888888886 0.0203125 0.03611111111111111
0 0.5614583333333333 0.462037037037037 0.05520833333333333 0.11481481481481481
0 0.5270833333333333 0.4787037037037037 0.014583333333333334 0.025925925925925925
0 0.5033854166666667 0.4842592592592593 0.019270833333333334 0.02962962962962963
0 0.44427083333333334 0.48657407407407405 0.013541666666666667 0.026851851851851852
0 0.4317708333333333 0.48935185185185187 0.020833333333333332 0.032407407407407406
0 0.41302083333333334 0.4930555555555556 0.023958333333333335 0.03796296296296296
0 0.40182291666666664 0.4981481481481482 0.03177083333333333 0.044444444444444446
0 0.36380208333333336 0.5027777777777778 0.049479166666666664 0.07037037037037037
0 0.33619791666666665 0.5032407407407408 0.0203125 0.04537037037037037
0 0.2911458333333333 0.4666666666666667 0.08541666666666667 0.1537037037037037
0 0.22421875 0.5171296296296296 0.0484375 0.058333333333333334
0 0.41302083333333334 0.46296296296296297 0.028125 0.037037037037037035
3 0.21979166666666666 0.41574074074074074 0.015625 0.024074074074074074
0 0.11536458333333334 0.47453703703703703 0.1734375 0.25462962962962965
0 0.140625 0.5523148148148148 0.140625 0.17685185185185184
0 0.023697916666666666 0.5481481481481482 0.04739583333333333 0.1037037037037037
