2 0.41432291666666665 0.4597222222222222 0.009895833333333333 0.004629629629629629
2 0.4361979166666667 0.4597222222222222 0.009895833333333333 0.004629629629629629
2 0.45625 0.45925925925925926 0.010416666666666666 0.005555555555555556
2 0.4239583333333333 0.4699074074074074 0.008333333333333333 0.004629629629629629
2 0.44505208333333335 0.4708333333333333 0.008854166666666666 0.006481481481481481
0 0.5067708333333333 0.512962962962963 0.019791666666666666 0.040740740740740744
0 0.5286458333333334 0.5203703703703704 0.027083333333333334 0.040740740740740744
0 0.6171875 0.5370370370370371 0.05625 0.06481481481481481
0 0.853125 0.5777777777777777 0.16458333333333333 0.14629629629629629
0 0.42109375 0.5208333333333334 0.0140625 0.025
0 0.43802083333333336 0.5305555555555556 0.035416666666666666 0.040740740740740744
0 0.4828125 0.549074074074074 0.06041666666666667 0.07962962962962963
0 0.39557291666666666 0.55 0.05572916666666667 0.07777777777777778
0 0.14140625 0.6759259259259259 0.2828125 0.3685185185185185
0 0.29192708333333334 0.5120370370370371 0.024479166666666666 0.040740740740740744
0 0.296875 0.5236111111111111 0.01875 0.023148148148148147
0 0.24791666666666667 0.5287037037037037 0.025 0.03333333333333333
0 0.22057291666666667 0.525 0.021354166666666667 0.03333333333333333
0 0.10234375 0.48194444444444445 0.08385416666666666 0.026851851851851852
