0 0.31979166666666664 0.5319444444444444 0.12916666666666668 0.16574074074074074
0 0.378125 0.5115740740740741 0.0375 0.09722222222222222
0 0.45260416666666664 0.5138888888888888 0.026041666666666668 0.03148148148148148
0 0.5028645833333333 0.5069444444444444 0.033854166666666664 0.049074074074074076
0 0.5372395833333333 0.5046296296296297 0.0234375 0.05
0 0.5776041666666667 0.4759259259259259 0.04583333333333333 0.10925925925925926
0 0.734375 0.5032407407407408 0.06979166666666667 0.09166666666666666
0 0.6924479166666667 0.47453703703703703 0.0421875 0.05092592592592592
0 0.83046875 0.43796296296296294 0.0640625 0.06666666666666667
0 0.9203125 0.41435185185185186 0.057291666666666664 0.05277777777777778
3 0.6471354166666666 0.3800925925925926 0.016145833333333335 0.030555555555555555
3 0.7098958333333333 0.40925925925925927 0.0125 0.024074074074074074
3 0.7984375 0.21805555555555556 0.036458333333333336 0.062037037037037036
