0 0.010416666666666666 0.5430555555555555 0.020833333333333332 0.03981481481481482
0 0.06822916666666666 0.5347222222222222 0.04583333333333333 0.025
0 0.3151041666666667 0.5222222222222223 0.15 0.08703703703703704
0 0.6661458333333333 0.5166666666666667 0.021875 0.05555555555555555
0 0.6276041666666666 0.5263888888888889 0.016666666666666666 0.049074074074074076
0 0.6778645833333333 0.5310185185185186 0.0421875 0.07685185185185185
0 0.6955729166666667 0.5412037037037037 0.05364583333333333 0.08611111111111111
0 0.7434895833333334 0.5699074074074074 0.09010416666666667 0.1175925925925926
0 0.7671875 0.5375 0.042708333333333334 0.06018518518518518
0 0.6145833333333334 0.5425925925925926 0.034375 0.1
0 0.5408854166666667 0.5879629629629629 0.16510416666666666 0.23703703703703705
0 0.896875 0.675 0.20520833333333333 0.37962962962962965
