2 0.49557291666666664 0.43472222222222223 0.013020833333333334 0.006481481481481481
2 0.49895833333333334 0.4587962962962963 0.009375 0.004629629629629629
1 0.80078125 0.5037037037037037 0.018229166666666668 0.04814814814814815
0 0.0984375 0.5976851851851852 0.14375 0.1398148148148148
0 0.22421875 0.5675925925925925 0.09322916666666667 0.11296296296296296
0 0.36328125 0.5458333333333333 0.04010416666666667 0.04722222222222222
0 0.39166666666666666 0.5231481481481481 0.03229166666666667 0.07222222222222222
0 0.48776041666666664 0.5717592592592593 0.11510416666666666 0.18796296296296297
0 0.53828125 0.48842592592592593 0.07135416666666666 0.18055555555555555
0 0.61484375 0.5300925925925926 0.0484375 0.07685185185185185
0 0.64296875 0.5361111111111111 0.016145833333333335 0.05
0 0.6005208333333333 0.5097222222222222 0.03958333333333333 0.04351851851851852
0 0.64765625 0.5138888888888888 0.0265625 0.025925925925925925
0 0.7526041666666666 0.5736111111111111 0.13854166666666667 0.14537037037037037
