0 0.011979166666666667 0.6092592592592593 0.023958333333333335 0.15925925925925927
0 0.153125 0.47824074074074074 0.07291666666666667 0.04537037037037037
0 0.2513020833333333 0.5263888888888889 0.07239583333333334 0.09166666666666666
0 0.24947916666666667 0.4962962962962963 0.08125 0.07407407407407407
0 0.38203125 0.5041666666666667 0.04114583333333333 0.025
0 0.42864583333333334 0.5092592592592593 0.03229166666666667 0.040740740740740744
0 0.4317708333333333 0.5842592592592593 0.06041666666666667 0.18703703703703703
0 0.5390625 0.6504629629629629 0.228125 0.375
0 0.8807291666666667 0.6689814814814815 0.2375 0.3527777777777778
0 0.7489583333333333 0.5717592592592593 0.1625 0.20462962962962963
0 0.6606770833333333 0.5592592592592592 0.06510416666666667 0.1111111111111111
0 0.6505208333333333 0.512962962962963 0.06875 0.07037037037037037
2 0.5104166666666666 0.44074074074074077 0.010416666666666666 0.005555555555555556
2 0.5390625 0.44212962962962965 0.010416666666666666 0.006481481481481481
0 0.21614583333333334 0.47638888888888886 0.016666666666666666 0.032407407407407406
0 0.2916666666666667 0.4930555555555556 0.014583333333333334 0.025
