0 0.1171875 0.4981481481481482 0.019791666666666666 0.027777777777777776
0 0.128125 0.4828703703703704 0.03229166666666667 0.023148148148148147
0 0.1453125 0.48564814814814816 0.021875 0.025
0 0.022395833333333334 0.4722222222222222 0.04479166666666667 0.02962962962962963
0 0.48880208333333336 0.41064814814814815 0.013020833333333334 0.023148148148148147
0 0.46145833333333336 0.4462962962962963 0.020833333333333332 0.024074074074074074
0 0.41328125 0.45046296296296295 0.08802083333333334 0.05277777777777778
0 0.3888020833333333 0.45787037037037037 0.030729166666666665 0.032407407407407406
0 0.27369791666666665 0.48657407407407405 0.11614583333333334 0.125
0 0.2559895833333333 0.5518518518518518 0.0265625 0.10740740740740741
0 0.17760416666666667 0.5611111111111111 0.134375 0.1259259259259259
0 0.10963541666666667 0.6995370370370371 0.21927083333333333 0.4398148148148148
0 0.46041666666666664 0.4981481481481482 0.027083333333333334 0.04814814814814815
0 0.4434895833333333 0.5050925925925925 0.0359375 0.062037037037037036
0 0.43802083333333336 0.524537037037037 0.040625 0.07314814814814814
0 0.43046875 0.5398148148148149 0.021354166666666667 0.07962962962962963
0 0.40208333333333335 0.5425925925925926 0.059375 0.12407407407407407
0 0.32708333333333334 0.562962962962963 0.14270833333333333 0.1925925925925926
0 0.5075520833333333 0.5226851851851851 0.04114583333333333 0.058333333333333334
0 0.5552083333333333 0.49212962962962964 0.027083333333333334 0.03611111111111111
0 0.8528645833333334 0.45231481481481484 0.050520833333333334 0.03611111111111111
0 0.9479166666666666 0.4351851851851852 0.07291666666666667 0.03888888888888889
2 0.4432291666666667 0.3625 0.013541666666666667 0.010185185185185186
0 0.4875 0.43148148148148147 0.015625 0.022222222222222223
3 0.49921875 0.449537037037037 0.013020833333333334 0.023148148148148147
0 0.42161458333333335 0.45 0.0296875 0.022222222222222223
0 0.5513020833333333 0.46296296296296297 0.027604166666666666 0.020370370370370372
0 0.9307291666666667 0.45185185185185184 0.04791666666666667 0.022222222222222223
2 0.4822916666666667 0.39351851851851855 0.0125 0.005555555555555556
