3 0.6223958333333334 0.3712962962962963 0.016666666666666666 0.03518518518518519
3 0.6236979166666666 0.4101851851851852 0.016145833333333335 0.037037037037037035
1 0.7510416666666667 0.5148148148148148 0.016666666666666666 0.15555555555555556
1 0.7236979166666667 0.5259259259259259 0.0234375 0.1259259259259259
1 0.6731770833333334 0.5041666666666667 0.0203125 0.05462962962962963
1 0.6611979166666667 0.49675925925925923 0.0109375 0.04351851851851852
1 0.5828125 0.5013888888888889 0.010416666666666666 0.030555555555555555
0 0.503125 0.48703703703703705 0.08229166666666667 0.16666666666666666
0 0.4875 0.5541666666666667 0.09166666666666666 0.13796296296296295
0 0.3888020833333333 0.5185185185185185 0.0484375 0.06296296296296296
0 0.3424479166666667 0.5287037037037037 0.03697916666666667 0.05
0 0.3028645833333333 0.5361111111111111 0.058854166666666666 0.053703703703703705
0 0.12369791666666667 0.5819444444444445 0.17864583333333334 0.1638888888888889
1 0.6666666666666666 0.5541666666666667 0.014583333333333334 0.0712962962962963
