1 0.05234375 0.5467592592592593 0.016145833333333335 0.0787037037037037
0 0.17473958333333334 0.5347222222222222 0.0578125 0.08055555555555556
0 0.20338541666666668 0.5439814814814815 0.06822916666666666 0.08796296296296297
0 0.24635416666666668 0.5342592592592592 0.023958333333333335 0.040740740740740744
0 0.26223958333333336 0.5324074074074074 0.016145833333333335 0.037037037037037035
0 0.2828125 0.5342592592592592 0.034375 0.05
0 0.32265625 0.5310185185185186 0.0390625 0.05277777777777778
0 0.30052083333333335 0.5189814814814815 0.025 0.04537037037037037
0 0.41510416666666666 0.5189814814814815 0.027083333333333334 0.03425925925925926
0 0.38645833333333335 0.5217592592592593 0.028125 0.03796296296296296
0 0.3684895833333333 0.5152777777777777 0.016145833333333335 0.028703703703703703
0 0.3580729166666667 0.4949074074074074 0.021354166666666667 0.03611111111111111
2 0.32369791666666664 0.4615740740740741 0.0078125 0.006481481481481481
2 0.315625 0.4550925925925926 0.008333333333333333 0.006481481481481481
1 0.49713541666666666 0.5032407407407408 0.0046875 0.030555555555555555
1 0.49296875 0.5087962962962963 0.005729166666666666 0.03796296296296296
0 0.5130208333333334 0.5222222222222223 0.035416666666666666 0.046296296296296294
