2 0.5223958333333333 0.15046296296296297 0.06041666666666667 0.026851851851851852
2 0.6588541666666666 0.1476851851851852 0.06041666666666667 0.025
2 0.5630208333333333 0.42314814814814816 0.007291666666666667 0.005555555555555556
3 0.57421875 0.11203703703703703 0.0296875 0.06481481481481481
3 0.6083333333333333 0.12777777777777777 0.0375 0.06666666666666667
0 0.06901041666666667 0.5611111111111111 0.13802083333333334 0.21851851851851853
0 0.17526041666666667 0.5263888888888889 0.08385416666666666 0.10277777777777777
0 0.21848958333333332 0.5101851851851852 0.033854166666666664 0.07592592592592592
0 0.246875 0.5152777777777777 0.040625 0.0824074074074074
0 0.2908854166666667 0.5231481481481481 0.0859375 0.10555555555555556
0 0.32083333333333336 0.48842592592592593 0.07604166666666666 0.1361111111111111
0 0.3776041666666667 0.5064814814814815 0.04583333333333333 0.06481481481481481
0 0.40703125 0.49953703703703706 0.028645833333333332 0.04722222222222222
0 0.4861979166666667 0.44814814814814813 0.15677083333333333 0.31666666666666665
0 0.58671875 0.4708333333333333 0.04635416666666667 0.08981481481481482
0 0.6393229166666666 0.49027777777777776 0.030729166666666665 0.058333333333333334
0 0.6567708333333333 0.5013888888888889 0.040625 0.05092592592592592
0 0.68984375 0.46944444444444444 0.03697916666666667 0.1
0 0.8408854166666667 0.3912037037037037 0.3171875 0.7824074074074074
