0 0.17109375 0.5675925925925925 0.16822916666666668 0.1648148148148148
0 0.12630208333333334 0.48657407407407405 0.07447916666666667 0.049074074074074076
0 0.20390625 0.4773148148148148 0.0828125 0.05277777777777778
0 0.26953125 0.4962962962962963 0.06822916666666666 0.07777777777777778
0 0.3260416666666667 0.4976851851851852 0.04583333333333333 0.058333333333333334
0 0.4002604166666667 0.5032407407407408 0.058854166666666666 0.1287037037037037
0 0.3611979166666667 0.4949074074074074 0.0203125 0.03425925925925926
0 0.50078125 0.5064814814814815 0.0421875 0.09074074074074075
0 0.5604166666666667 0.4935185185185185 0.01875 0.040740740740740744
3 0.5924479166666666 0.4462962962962963 0.018229166666666668 0.02962962962962963
0 0.9177083333333333 0.6037037037037037 0.16354166666666667 0.17592592592592593
