0 0.10026041666666667 0.5212962962962963 0.0265625 0.022222222222222223
0 0.17447916666666666 0.524074074074074 0.021875 0.024074074074074074
0 0.19739583333333333 0.5231481481481481 0.01875 0.025925925925925925
0 0.21692708333333333 0.5226851851851851 0.021354166666666667 0.026851851851851852
0 0.24401041666666667 0.5236111111111111 0.022395833333333334 0.030555555555555555
0 0.4942708333333333 0.5657407407407408 0.09791666666666667 0.13333333333333333
0 0.9729166666666667 0.4981481481481482 0.053125 0.046296296296296294
0 0.303125 0.5175925925925926 0.021875 0.04259259259259259
0 0.3390625 0.5254629629629629 0.030208333333333334 0.03981481481481482
0 0.4276041666666667 0.5208333333333334 0.023958333333333335 0.025
0 0.5356770833333333 0.5027777777777778 0.0171875 0.024074074074074074
0 0.3268229166666667 0.5148148148148148 0.016145833333333335 0.03148148148148148
0 0.27630208333333334 0.5226851851851851 0.016145833333333335 0.030555555555555555
2 0.42552083333333335 0.2722222222222222 0.041666666666666664 0.022222222222222223
2 0.33255208333333336 0.28194444444444444 0.04010416666666667 0.021296296296296296
0 0.6729166666666667 0.513425925925926 0.026041666666666668 0.021296296296296296
0 0.7106770833333333 0.5138888888888888 0.030729166666666665 0.022222222222222223
0 0.8848958333333333 0.5138888888888888 0.016666666666666666 0.03148148148148148
0 0.9236979166666667 0.513425925925926 0.016145833333333335 0.03425925925925926
0 0.2518229166666667 0.5046296296296297 0.016145833333333335 0.027777777777777776
0 0.23619791666666667 0.4962962962962963 0.0140625 0.025925925925925925
