1 0.09609375 0.5740740740740741 0.030729166666666665 0.05185185185185185
1 0.15286458333333333 0.575 0.0171875 0.03148148148148148
1 0.17161458333333332 0.5685185185185185 0.03177083333333333 0.044444444444444446
3 0.9661458333333334 0.12731481481481483 0.017708333333333333 0.07685185185185185
3 0.7971354166666667 0.26851851851851855 0.019270833333333334 0.046296296296296294
2 0.7486979166666666 0.3013888888888889 0.034895833333333334 0.025
2 0.81953125 0.27870370370370373 0.030729166666666665 0.022222222222222223
0 0.40625 0.5518518518518518 0.075 0.06481481481481481
0 0.46484375 0.5342592592592592 0.05677083333333333 0.09074074074074075
0 0.5434895833333333 0.5912037037037037 0.1546875 0.19722222222222222
0 0.6229166666666667 0.5449074074074074 0.05520833333333333 0.08796296296296297
0 0.6447916666666667 0.5273148148148148 0.025 0.062037037037037036
0 0.6700520833333333 0.5319444444444444 0.0296875 0.041666666666666664
0 0.7010416666666667 0.5347222222222222 0.042708333333333334 0.05277777777777778
0 0.7096354166666666 0.5208333333333334 0.030729166666666665 0.03611111111111111
0 0.7453125 0.5263888888888889 0.0375 0.049074074074074076
0 0.7921875 0.5236111111111111 0.04479166666666667 0.041666666666666664
0 0.8161458333333333 0.5199074074074074 0.01875 0.025
1 0.1546875 0.562037037037037 0.021875 0.04814814814814815
