2 0.5260416666666666 0.3726851851851852 0.0125 0.004629629629629629
2 0.5515625 0.3712962962962963 0.0125 0.005555555555555556
3 0.3859375 0.3976851851851852 0.013541666666666667 0.025
3 0.5744791666666667 0.274537037037037 0.015625 0.026851851851851852
3 0.6864583333333333 0.3143518518518518 0.022916666666666665 0.03611111111111111
3 0.6859375 0.3648148148148148 0.021875 0.037037037037037035
3 0.7231770833333333 0.3277777777777778 0.015104166666666667 0.027777777777777776
0 0.11015625 0.4564814814814815 0.0546875 0.05
0 0.14609375 0.46064814814814814 0.03697916666666667 0.06388888888888888
0 0.19322916666666667 0.45740740740740743 0.07083333333333333 0.1
0 0.2328125 0.44722222222222224 0.040625 0.08888888888888889
0 0.2786458333333333 0.4546296296296296 0.06875 0.10740740740740741
0 0.3177083333333333 0.4532407407407407 0.03333333333333333 0.08425925925925926
0 0.01875 0.44212962962962965 0.0375 0.026851851851851852
0 0.103125 0.43425925925925923 0.04791666666666667 0.024074074074074074
0 0.08541666666666667 0.5069444444444444 0.17083333333333334 0.12685185185185185
0 0.34296875 0.47638888888888886 0.0546875 0.08981481481481482
0 0.6872395833333333 0.49398148148148147 0.29322916666666665 0.21388888888888888
0 0.58203125 0.43657407407407406 0.09322916666666667 0.04351851851851852
0 0.4674479166666667 0.7152777777777778 0.22447916666666667 0.5675925925925925
1 0.46588541666666666 0.6462962962962963 0.22239583333333332 0.7055555555555556
0 0.9778645833333334 0.49027777777777776 0.043229166666666666 0.11018518518518519
2 0.5015625 0.3731481481481482 0.010416666666666666 0.005555555555555556
1 0.83671875 0.3912037037037037 0.0296875 0.08055555555555556
