0 0.4921875 0.4310185185185185 0.035416666666666666 0.04722222222222222
0 0.584375 0.3962962962962963 0.03333333333333333 0.027777777777777776
1 0.7200520833333334 0.3972222222222222 0.0078125 0.03518518518518519
0 0.5973958333333333 0.425 0.015625 0.05555555555555555
0 0.62265625 0.4398148148148148 0.0578125 0.08703703703703704
0 0.653125 0.4050925925925926 0.019791666666666666 0.03611111111111111
0 0.65625 0.41064814814814815 0.015625 0.03425925925925926
0 0.6778645833333333 0.4125 0.034895833333333334 0.049074074074074076
1 0.29739583333333336 0.43425925925925923 0.0125 0.06111111111111111
1 0.33177083333333335 0.4310185185185185 0.013541666666666667 0.05648148148148148
1 0.37265625 0.43703703703703706 0.013020833333333334 0.05925925925925926
1 0.37578125 0.44814814814814813 0.03177083333333333 0.037037037037037035
1 0.72421875 0.4263888888888889 0.0078125 0.05092592592592592
1 0.8278645833333333 0.41388888888888886 0.005729166666666666 0.037037037037037035
0 0.9341145833333333 0.575925925925926 0.13072916666666667 0.524074074074074
2 0.5953125 0.23796296296296296 0.03125 0.014814814814814815
2 0.6627604166666666 0.23472222222222222 0.030729166666666665 0.017592592592592594
2 0.5575520833333333 0.324537037037037 0.008854166666666666 0.004629629629629629
2 0.5765625 0.3236111111111111 0.009375 0.006481481481481481
3 0.6283854166666667 0.22592592592592592 0.015104166666666667 0.03333333333333333
