1 0.8684895833333334 0.5203703703703704 0.015104166666666667 0.07592592592592592
1 0.6169270833333333 0.4810185185185185 0.0078125 0.028703703703703703
3 0.9630208333333333 0.39675925925925926 0.025 0.05092592592592592
0 0.8020833333333334 0.5175925925925926 0.040625 0.03888888888888889
0 0.7971354166666667 0.5050925925925925 0.0484375 0.041666666666666664
0 0.7606770833333333 0.512962962962963 0.05364583333333333 0.06111111111111111
0 0.7528645833333333 0.48657407407407405 0.0453125 0.025
0 0.7299479166666667 0.5166666666666667 0.0359375 0.046296296296296294
0 0.6877604166666667 0.5175925925925926 0.03697916666666667 0.04259259259259259
0 0.5966145833333333 0.5462962962962963 0.08489583333333334 0.10925925925925926
0 0.5393229166666667 0.4935185185185185 0.024479166666666666 0.03333333333333333
0 0.49609375 0.5324074074074074 0.05364583333333333 0.07222222222222222
0 0.515625 0.48703703703703705 0.023958333333333335 0.044444444444444446
0 0.39921875 0.5009259259259259 0.022395833333333334 0.025925925925925925
2 0.5502604166666667 0.43194444444444446 0.0109375 0.004629629629629629
1 0.37526041666666665 0.4986111111111111 0.005729166666666666 0.026851851851851852
