0 0.35208333333333336 0.5231481481481481 0.10208333333333333 0.14444444444444443
0 0.53125 0.5564814814814815 0.16458333333333333 0.22777777777777777
0 0.6208333333333333 0.44027777777777777 0.0375 0.10833333333333334
0 0.628125 0.4810185185185185 0.019791666666666666 0.05648148148148148
0 0.6697916666666667 0.46805555555555556 0.08125 0.17685185185185184
0 0.78515625 0.487962962962963 0.05260416666666667 0.07592592592592592
0 0.93515625 0.4412037037037037 0.06510416666666667 0.23981481481481481
0 0.95703125 0.41944444444444445 0.08489583333333334 0.7425925925925926
3 0.7916666666666666 0.3300925925925926 0.01875 0.030555555555555555
0 0.7549479166666667 0.40925925925925927 0.013020833333333334 0.03148148148148148
0 0.7364583333333333 0.42592592592592593 0.013541666666666667 0.024074074074074074
