1 0.44296875 0.5259259259259259 0.0067708333333333336 0.04814814814814815
1 0.45338541666666665 0.5125 0.0046875 0.028703703703703703
1 0.36666666666666664 0.48935185185185187 0.005208333333333333 0.023148148148148147
2 0.31328125 0.41574074074074074 0.016145833333333335 0.007407407407407408
2 0.34609375 0.41712962962962963 0.016145833333333335 0.008333333333333333
0 0.2872395833333333 0.45925925925925926 0.019270833333333334 0.040740740740740744
0 0.18046875 0.4824074074074074 0.018229166666666668 0.022222222222222223
0 0.23020833333333332 0.4837962962962963 0.013541666666666667 0.023148148148148147
0 0.20442708333333334 0.4935185185185185 0.021354166666666667 0.025925925925925925
0 0.340625 0.5342592592592592 0.040625 0.05925925925925926
0 0.2903645833333333 0.5375 0.03802083333333333 0.08055555555555556
0 0.26015625 0.5481481481481482 0.059895833333333336 0.09814814814814815
0 0.22864583333333333 0.5930555555555556 0.090625 0.175
1 0.18541666666666667 0.48935185185185187 0.004166666666666667 0.019444444444444445
0 0.04375 0.4962962962962963 0.07395833333333333 0.05
0 0.11953125 0.6837962962962963 0.2390625 0.3768518518518518
