3 0.8934895833333333 0.35555555555555557 0.0171875 0.03148148148148148
0 0.9544270833333334 0.5634259259259259 0.09010416666666667 0.2861111111111111
1 0.8932291666666666 0.5226851851851851 0.007291666666666667 0.058333333333333334
0 0.8067708333333333 0.524537037037037 0.084375 0.06388888888888888
0 0.03046875 0.5550925925925926 0.059895833333333336 0.03981481481481482
0 0.05677083333333333 0.5486111111111112 0.04895833333333333 0.03796296296296296
0 0.27291666666666664 0.5546296296296296 0.042708333333333334 0.04814814814814815
0 0.42994791666666665 0.538425925925926 0.021354166666666667 0.05277777777777778
0 0.46588541666666666 0.5592592592592592 0.0765625 0.11851851851851852
0 0.5325520833333334 0.5356481481481481 0.030729166666666665 0.05277777777777778
0 0.6403645833333333 0.5291666666666667 0.2078125 0.28055555555555556
0 0.6979166666666666 0.4462962962962963 0.06666666666666667 0.09259259259259259
