0 0.6578125 0.4449074074074074 0.16354166666666667 0.33240740740740743
0 0.4466145833333333 0.5115740740740741 0.018229166666666668 0.030555555555555555
0 0.4309895833333333 0.5157407407407407 0.0171875 0.025925925925925925
0 0.39140625 0.5101851851851852 0.013020833333333334 0.03148148148148148
0 0.3768229166666667 0.5125 0.018229166666666668 0.030555555555555555
0 0.34661458333333334 0.5111111111111111 0.016145833333333335 0.027777777777777776
0 0.28515625 0.5106481481481482 0.044270833333333336 0.08611111111111111
0 0.29322916666666665 0.5296296296296297 0.04479166666666667 0.06851851851851852
0 0.18020833333333333 0.5513888888888889 0.058333333333333334 0.06944444444444445
0 0.006510416666666667 0.5875 0.013020833333333334 0.08055555555555556
