1 0.8278645833333333 0.5263888888888889 0.0140625 0.07314814814814814
0 0.5466145833333333 0.6467592592592593 0.09739583333333333 0.24722222222222223
1 0.5559895833333334 0.6106481481481482 0.10885416666666667 0.27870370370370373
2 0.5986979166666667 0.3425925925925926 0.0328125 0.016666666666666666
0 0.021875 0.5574074074074075 0.04375 0.07037037037037037
0 0.04479166666666667 0.5472222222222223 0.08958333333333333 0.07777777777777778
3 0.08359375 0.36666666666666664 0.018229166666666668 0.03333333333333333
0 0.19427083333333334 0.5300925925925926 0.11041666666666666 0.08611111111111111
0 0.26927083333333335 0.5402777777777777 0.036458333333333336 0.041666666666666664
0 0.3020833333333333 0.5388888888888889 0.03333333333333333 0.040740740740740744
1 0.32421875 0.5296296296296297 0.0078125 0.03888888888888889
0 0.3927083333333333 0.5476851851851852 0.1375 0.08611111111111111
0 0.43046875 0.48935185185185187 0.1890625 0.09166666666666666
0 0.5302083333333333 0.5555555555555556 0.14166666666666666 0.10555555555555556
0 0.5692708333333333 0.5310185185185186 0.06145833333333333 0.05092592592592592
3 0.7817708333333333 0.39166666666666666 0.013541666666666667 0.027777777777777776
