1 0.825 0.513425925925926 0.013541666666666667 0.04722222222222222
3 0.7815104166666667 0.3912037037037037 0.0140625 0.028703703703703703
2 0.5989583333333334 0.3421296296296296 0.03229166666666667 0.01574074074074074
0 0.7606770833333333 0.5504629629629629 0.17552083333333332 0.09722222222222222
0 0.6184895833333334 0.5310185185185186 0.0484375 0.049074074074074076
0 0.5463541666666667 0.6472222222222223 0.096875 0.24259259259259258
1 0.55625 0.6111111111111112 0.11145833333333334 0.2796296296296296
3 0.08411458333333334 0.36712962962962964 0.018229166666666668 0.032407407407407406
0 0.109375 0.5421296296296296 0.10625 0.06944444444444445
0 0.23333333333333334 0.5435185185185185 0.11875 0.08703703703703704
0 0.32083333333333336 0.5050925925925925 0.08333333333333333 0.05092592592592592
0 0.37135416666666665 0.5546296296296296 0.16770833333333332 0.1
0 0.49635416666666665 0.5013888888888889 0.13958333333333334 0.1175925925925926
