2 0.56875 0.3476851851851852 0.035416666666666666 0.017592592592592594
2 0.6401041666666667 0.3453703703703704 0.035416666666666666 0.016666666666666666
3 0.8747395833333333 0.16898148148148148 0.016145833333333335 0.06759259259259259
1 0.8971354166666666 0.5550925925925926 0.022395833333333334 0.041666666666666664
0 0.7309895833333333 0.5953703703703703 0.14427083333333332 0.18518518518518517
0 0.6583333333333333 0.5412037037037037 0.021875 0.03425925925925926
0 0.6390625 0.5398148148148149 0.016666666666666666 0.022222222222222223
0 0.6192708333333333 0.5453703703703704 0.026041666666666668 0.03333333333333333
0 0.56796875 0.5416666666666666 0.0203125 0.027777777777777776
0 0.4861979166666667 0.5458333333333333 0.027604166666666666 0.03425925925925926
0 0.42942708333333335 0.5592592592592592 0.04114583333333333 0.05555555555555555
