0 0.09973958333333334 0.5800925925925926 0.12864583333333332 0.11574074074074074
0 0.28411458333333334 0.5203703703703704 0.058854166666666666 0.06666666666666667
0 0.37083333333333335 0.5638888888888889 0.08541666666666667 0.11851851851851852
0 0.4703125 0.5300925925925926 0.022916666666666665 0.030555555555555555
0 0.51640625 0.5407407407407407 0.0453125 0.06296296296296296
0 0.5307291666666667 0.5138888888888888 0.019791666666666666 0.040740740740740744
0 0.5924479166666666 0.5416666666666666 0.059895833333333336 0.08148148148148149
1 0.5341145833333333 0.39861111111111114 0.0026041666666666665 0.021296296296296296
1 0.5216145833333333 0.3972222222222222 0.0036458333333333334 0.024074074074074074
1 0.2520833333333333 0.537962962962963 0.005208333333333333 0.03333333333333333
1 0.246875 0.537962962962963 0.004166666666666667 0.03148148148148148
2 0.4901041666666667 0.48148148148148145 0.007291666666666667 0.005555555555555556
2 0.51328125 0.4787037037037037 0.0067708333333333336 0.003703703703703704
3 0.2903645833333333 0.4685185185185185 0.024479166666666666 0.046296296296296294
3 0.63515625 0.26666666666666666 0.013020833333333334 0.022222222222222223
3 0.019270833333333334 0.6287037037037037 0.03854166666666667 0.011111111111111112
