0 0.2638020833333333 0.5611111111111111 0.1546875 0.19444444444444445
0 0.3859375 0.48055555555555557 0.103125 0.20185185185185187
0 0.4388020833333333 0.48518518518518516 0.019270833333333334 0.1111111111111111
0 0.5067708333333333 0.5393518518518519 0.14895833333333333 0.22685185185185186
2 0.5177083333333333 0.37824074074074077 0.017708333333333333 0.008333333333333333
2 0.61015625 0.39351851851851855 0.009895833333333333 0.005555555555555556
3 0.5583333333333333 0.3449074074074074 0.014583333333333334 0.028703703703703703
3 0.7307291666666667 0.39166666666666666 0.013541666666666667 0.024074074074074074
0 0.5684895833333333 0.45925925925925926 0.019270833333333334 0.03333333333333333
0 0.5947916666666667 0.475462962962963 0.023958333333333335 0.04351851851851852
0 0.6130208333333333 0.4583333333333333 0.03229166666666667 0.053703703703703705
0 0.703125 0.5407407407407407 0.134375 0.1685185185185185
0 0.984375 0.8236111111111111 0.030208333333333334 0.3509259259259259
0 0.009895833333333333 0.47685185185185186 0.019791666666666666 0.024074074074074074
0 0.01640625 0.4722222222222222 0.025520833333333333 0.03148148148148148
0 0.04895833333333333 0.4773148148148148 0.022916666666666665 0.025
0 0.07942708333333333 0.48842592592592593 0.04635416666666667 0.032407407407407406
0 0.14947916666666666 0.49398148148148147 0.052083333333333336 0.03425925925925926
0 0.23463541666666668 0.45740740740740743 0.030729166666666665 0.025925925925925925
