0 0.09010416666666667 0.5532407407407407 0.13958333333333334 0.14722222222222223
0 0.1875 0.5541666666666667 0.07604166666666666 0.08796296296296297
0 0.23463541666666668 0.5037037037037037 0.0796875 0.1574074074074074
0 0.2838541666666667 0.5347222222222222 0.05 0.07685185185185185
0 0.32135416666666666 0.5310185185185186 0.035416666666666666 0.06018518518518518
0 0.371875 0.5194444444444445 0.03125 0.05555555555555555
0 0.38984375 0.5194444444444445 0.024479166666666666 0.05185185185185185
0 0.4046875 0.5231481481481481 0.019791666666666666 0.037037037037037035
0 0.4166666666666667 0.5208333333333334 0.015625 0.032407407407407406
0 0.42526041666666664 0.5185185185185185 0.015104166666666667 0.02962962962962963
0 0.43125 0.5138888888888888 0.022916666666666665 0.037037037037037035
0 0.44635416666666666 0.512962962962963 0.014583333333333334 0.02962962962962963
0 0.45078125 0.5041666666666667 0.015104166666666667 0.025
0 0.4627604166666667 0.4912037037037037 0.0171875 0.032407407407407406
0 0.4778645833333333 0.48333333333333334 0.0140625 0.025925925925925925
0 0.5166666666666667 0.513425925925926 0.029166666666666667 0.049074074074074076
0 0.55703125 0.5111111111111111 0.021354166666666667 0.027777777777777776
0 0.5401041666666667 0.5078703703703704 0.016666666666666666 0.023148148148148147
0 0.5861979166666667 0.5185185185185185 0.0203125 0.04814814814814815
0 0.5942708333333333 0.5212962962962963 0.015625 0.053703703703703705
0 0.6208333333333333 0.5203703703703704 0.05 0.07592592592592592
0 0.6421875 0.5291666666666667 0.057291666666666664 0.07314814814814814
0 0.7661458333333333 0.562962962962963 0.10625 0.13518518518518519
0 0.9606770833333333 0.6078703703703704 0.07760416666666667 0.21203703703703702
1 0.8307291666666666 0.5050925925925925 0.019791666666666666 0.06759259259259259
1 0.6924479166666667 0.5421296296296296 0.0453125 0.1527777777777778
0 0.6953125 0.5851851851851851 0.059375 0.15
0 0.3625 0.524074074074074 0.013541666666666667 0.05555555555555555
3 0.6151041666666667 0.35833333333333334 0.022916666666666665 0.03518518518518519
