0 0.5203125 0.5143518518518518 0.01875 0.04537037037037037
0 0.49895833333333334 0.5212962962962963 0.015625 0.024074074074074074
0 0.5028645833333333 0.5157407407407407 0.0140625 0.02962962962962963
0 0.4635416666666667 0.5203703703703704 0.01875 0.03148148148148148
0 0.4401041666666667 0.5273148148148148 0.020833333333333332 0.030555555555555555
0 0.4473958333333333 0.5208333333333334 0.014583333333333334 0.023148148148148147
0 0.40625 0.5254629629629629 0.022916666666666665 0.030555555555555555
0 0.37213541666666666 0.5370370370370371 0.044270833333333336 0.053703703703703705
0 0.27395833333333336 0.5194444444444445 0.019791666666666666 0.025925925925925925
0 0.215625 0.5180555555555556 0.017708333333333333 0.030555555555555555
0 0.16276041666666666 0.5569444444444445 0.1203125 0.1527777777777778
0 0.06197916666666667 0.5476851851851852 0.09895833333333333 0.1175925925925926
0 0.04348958333333333 0.663425925925926 0.08697916666666666 0.36203703703703705
3 0.6223958333333334 0.45416666666666666 0.017708333333333333 0.030555555555555555
3 0.62265625 0.4861111111111111 0.022395833333333334 0.03518518518518519
0 0.47552083333333334 0.5212962962962963 0.0125 0.022222222222222223
