0 0.34010416666666665 0.5189814814814815 0.025 0.030555555555555555
0 0.3614583333333333 0.513425925925926 0.022916666666666665 0.030555555555555555
0 0.38125 0.5125 0.0125 0.021296296296296296
0 0.5010416666666667 0.5069444444444444 0.014583333333333334 0.023148148148148147
0 0.5145833333333333 0.5083333333333333 0.01875 0.027777777777777776
0 0.5174479166666667 0.5120370370370371 0.013020833333333334 0.027777777777777776
0 0.53046875 0.5148148148148148 0.028645833333333332 0.02962962962962963
0 0.5622395833333333 0.524537037037037 0.030729166666666665 0.05462962962962963
0 0.5869791666666667 0.5314814814814814 0.046875 0.07037037037037037
0 0.6572916666666667 0.5319444444444444 0.11875 0.13240740740740742
0 0.9015625 0.4736111111111111 0.021875 0.062037037037037036
0 0.93671875 0.4583333333333333 0.0703125 0.08703703703703704
0 0.9885416666666667 0.4759259259259259 0.021875 0.06666666666666667
0 0.42552083333333335 0.5037037037037037 0.0125 0.020370370370370372
2 0.45729166666666665 0.4699074074074074 0.00625 0.004629629629629629
2 0.46796875 0.4685185185185185 0.005729166666666666 0.003703703703703704
