0 0.12604166666666666 0.6805555555555556 0.2520833333333333 0.3814814814814815
0 0.38645833333333335 0.55 0.06979166666666667 0.11481481481481481
0 0.29921875 0.562962962962963 0.08072916666666667 0.08333333333333333
1 0.2682291666666667 0.5407407407407407 0.008333333333333333 0.02962962962962963
0 0.34140625 0.5467592592592593 0.028645833333333332 0.04351851851851852
0 0.5010416666666667 0.5902777777777778 0.19166666666666668 0.30462962962962964
0 0.6125 0.5324074074074074 0.057291666666666664 0.04259259259259259
0 0.6401041666666667 0.5018518518518519 0.04375 0.020370370370370372
0 0.6473958333333333 0.5226851851851851 0.04583333333333333 0.04351851851851852
0 0.5893229166666667 0.5069444444444444 0.0203125 0.017592592592592594
2 0.53828125 0.42083333333333334 0.018229166666666668 0.010185185185185186
2 0.5669270833333333 0.4212962962962963 0.015104166666666667 0.009259259259259259
3 0.5536458333333333 0.41759259259259257 0.011458333333333333 0.022222222222222223
2 0.6989583333333333 0.45046296296296295 0.008333333333333333 0.04351851851851852
