0 0.6424479166666667 0.5509259259259259 0.1015625 0.12037037037037036
0 0.5 0.5175925925925926 0.057291666666666664 0.10555555555555556
0 0.08411458333333334 0.5435185185185185 0.16822916666666668 0.2796296296296296
0 0.28072916666666664 0.5314814814814814 0.11354166666666667 0.06666666666666667
0 0.34296875 0.5226851851851851 0.049479166666666664 0.041666666666666664
0 0.3619791666666667 0.5162037037037037 0.040625 0.03981481481481482
1 0.19505208333333332 0.5481481481481482 0.018229166666666668 0.053703703703703705
1 0.9841145833333333 0.5458333333333333 0.030729166666666665 0.2101851851851852
1 0.6036458333333333 0.5083333333333333 0.009375 0.022222222222222223
2 0.47239583333333335 0.36157407407407405 0.025 0.010185185185185186
2 0.528125 0.36064814814814816 0.025 0.010185185185185186
2 0.42239583333333336 0.4652777777777778 0.00625 0.004629629629629629
2 0.4041666666666667 0.4652777777777778 0.008333333333333333 0.004629629629629629
0 0.44947916666666665 0.5120370370370371 0.016666666666666666 0.022222222222222223
