1 0.8734375 0.48842592592592593 0.027083333333333334 0.14166666666666666
1 0.9046875 0.4837962962962963 0.026041666666666668 0.15462962962962962
3 0.6440104166666667 0.3337962962962963 0.019270833333333334 0.032407407407407406
0 0.05651041666666667 0.6347222222222222 0.11302083333333333 0.5861111111111111
0 0.1296875 0.5157407407407407 0.06875 0.07592592592592592
0 0.2453125 0.5027777777777778 0.06041666666666667 0.06666666666666667
0 0.3059895833333333 0.4976851851851852 0.0171875 0.05277777777777778
0 0.35 0.5143518518518518 0.090625 0.11944444444444445
0 0.44479166666666664 0.49212962962962964 0.029166666666666667 0.04722222222222222
0 0.5442708333333334 0.6171296296296296 0.25 0.39166666666666666
2 0.4903645833333333 0.4212962962962963 0.009895833333333333 0.005555555555555556
2 0.50859375 0.4203703703703704 0.009895833333333333 0.005555555555555556
