3 0.5802083333333333 0.26481481481481484 0.01875 0.03333333333333333
3 0.64453125 0.2671296296296296 0.018229166666666668 0.03796296296296296
3 0.6638020833333333 0.2587962962962963 0.016145833333333335 0.030555555555555555
2 0.61484375 0.28379629629629627 0.0296875 0.01574074074074074
1 0.16588541666666667 0.48703703703703705 0.016145833333333335 0.05185185185185185
0 0.16979166666666667 0.5046296296296297 0.021875 0.040740740740740744
0 0.03359375 0.4537037037037037 0.058854166666666666 0.13518518518518519
0 0.15364583333333334 0.4513888888888889 0.029166666666666667 0.062037037037037036
0 0.28671875 0.4152777777777778 0.2234375 0.4305555555555556
0 0.39609375 0.47129629629629627 0.028645833333333332 0.05
0 0.4388020833333333 0.47453703703703703 0.033854166666666664 0.05462962962962963
0 0.5158854166666667 0.44305555555555554 0.14322916666666666 0.33240740740740743
0 0.6104166666666667 0.5055555555555555 0.052083333333333336 0.1
0 0.5963541666666666 0.43194444444444446 0.021875 0.04722222222222222
1 0.6322916666666667 0.4527777777777778 0.005208333333333333 0.027777777777777776
0 0.61328125 0.4388888888888889 0.015104166666666667 0.027777777777777776
0 0.76640625 0.4527777777777778 0.0609375 0.05555555555555555
0 0.7635416666666667 0.462037037037037 0.04375 0.05925925925925926
0 0.86875 0.45740740740740743 0.03229166666666667 0.037037037037037035
0 0.9143229166666667 0.6486111111111111 0.1703125 0.700925925925926
