0 0.06796875 0.5666666666666667 0.1359375 0.2111111111111111
0 0.23177083333333334 0.5944444444444444 0.24583333333333332 0.2351851851851852
0 0.15208333333333332 0.5009259259259259 0.04791666666666667 0.03888888888888889
0 0.3893229166666667 0.5305555555555556 0.0390625 0.046296296296296294
0 0.40989583333333335 0.5222222222222223 0.013541666666666667 0.024074074074074074
0 0.4549479166666667 0.5259259259259259 0.030729166666666665 0.040740740740740744
0 0.47213541666666664 0.5092592592592593 0.0234375 0.05
0 0.5296875 0.5175925925925926 0.019791666666666666 0.037037037037037035
0 0.5736979166666667 0.5194444444444445 0.028645833333333332 0.040740740740740744
0 0.5984375 0.5273148148148148 0.03333333333333333 0.041666666666666664
0 0.6463541666666667 0.5138888888888888 0.01875 0.027777777777777776
0 0.67421875 0.5032407407407408 0.0203125 0.04722222222222222
0 0.6765625 0.5166666666666667 0.015625 0.025925925925925925
0 0.8333333333333334 0.3523148148148148 0.33229166666666665 0.7046296296296296
0 0.31953125 0.5111111111111111 0.05572916666666667 0.06851851851851852
0 0.5552083333333333 0.5189814814814815 0.014583333333333334 0.030555555555555555
