0 0.10130208333333333 0.5296296296296297 0.1046875 0.07962962962962963
0 0.2838541666666667 0.5189814814814815 0.0375 0.03981481481481482
0 0.2638020833333333 0.5180555555555556 0.0234375 0.032407407407407406
0 0.3234375 0.5083333333333333 0.04895833333333333 0.05185185185185185
3 0.33255208333333336 0.38796296296296295 0.021354166666666667 0.037037037037037035
3 0.396875 0.47129629629629627 0.01875 0.02962962962962963
0 0.47994791666666664 0.5087962962962963 0.0296875 0.05092592592592592
0 0.5122395833333333 0.5125 0.022395833333333334 0.03796296296296296
0 0.5419270833333333 0.5166666666666667 0.033854166666666664 0.05185185185185185
0 0.92265625 0.6106481481481482 0.15364583333333334 0.4083333333333333
