3 0.5901041666666667 0.3990740740740741 0.01875 0.02962962962962963
0 0.6854166666666667 0.600925925925926 0.059375 0.15185185185185185
1 0.6833333333333333 0.5550925925925926 0.04583333333333333 0.14722222222222223
0 0.03671875 0.5550925925925926 0.0734375 0.2324074074074074
0 0.09583333333333334 0.5736111111111111 0.06875 0.11574074074074074
0 0.21484375 0.5518518518518518 0.08385416666666666 0.10185185185185185
0 0.26953125 0.5550925925925926 0.0453125 0.06388888888888888
0 0.29322916666666665 0.5189814814814815 0.05520833333333333 0.12129629629629629
0 0.32708333333333334 0.5421296296296296 0.035416666666666666 0.06018518518518518
0 0.3515625 0.5388888888888889 0.027083333333333334 0.05185185185185185
0 0.3885416666666667 0.5310185185185186 0.025 0.04722222222222222
0 0.40182291666666664 0.5300925925925926 0.018229166666666668 0.04351851851851852
0 0.41432291666666665 0.5337962962962963 0.015104166666666667 0.032407407407407406
0 0.4328125 0.5254629629629629 0.020833333333333332 0.03425925925925926
0 0.4596354166666667 0.5050925925925925 0.0171875 0.030555555555555555
0 0.5080729166666667 0.5287037037037037 0.0328125 0.053703703703703705
0 0.5458333333333333 0.5231481481481481 0.017708333333333333 0.025925925925925925
0 0.5671875 0.5287037037037037 0.015625 0.04259259259259259
0 0.5934895833333333 0.5300925925925926 0.03802083333333333 0.062037037037037036
0 0.6075520833333333 0.5375 0.043229166666666666 0.058333333333333334
0 0.65234375 0.5546296296296296 0.0453125 0.08518518518518518
0 0.7611979166666667 0.5717592592592593 0.09322916666666667 0.13055555555555556
0 0.8979166666666667 0.5328703703703703 0.203125 0.33611111111111114
3 0.91953125 0.029166666666666667 0.0609375 0.058333333333333334
