1 0.0140625 0.5472222222222223 0.009375 0.06111111111111111
1 0.02421875 0.5527777777777778 0.0109375 0.07592592592592592
0 0.03671875 0.5393518518518519 0.04010416666666667 0.05648148148148148
0 0.057291666666666664 0.5388888888888889 0.027083333333333334 0.037037037037037035
0 0.26927083333333335 0.5268518518518519 0.059375 0.03518518518518519
2 0.18723958333333332 0.4097222222222222 0.009895833333333333 0.010185185185185186
0 0.49557291666666664 0.5152777777777777 0.0203125 0.026851851851851852
0 0.590625 0.5175925925925926 0.0625 0.03518518518518519
0 0.6125 0.5032407407407408 0.022916666666666665 0.03611111111111111
1 0.6908854166666667 0.5064814814814815 0.0026041666666666665 0.02962962962962963
1 0.69375 0.5078703703703704 0.004166666666666667 0.026851851851851852
0 0.7572916666666667 0.513425925925926 0.019791666666666666 0.028703703703703703
1 0.7572916666666667 0.5078703703703704 0.00625 0.03611111111111111
0 0.8096354166666667 0.5092592592592593 0.059895833333333336 0.046296296296296294
0 0.8536458333333333 0.4962962962962963 0.029166666666666667 0.027777777777777776
0 0.8765625 0.49537037037037035 0.036458333333333336 0.03888888888888889
0 0.9135416666666667 0.48935185185185187 0.029166666666666667 0.03611111111111111
2 0.5825520833333333 0.42314814814814816 0.013020833333333334 0.007407407407407408
2 0.6190104166666667 0.42314814814814816 0.0140625 0.005555555555555556
