0 0.028645833333333332 0.5574074074074075 0.057291666666666664 0.1537037037037037
0 0.07734375 0.5347222222222222 0.07239583333333334 0.09722222222222222
0 0.19114583333333332 0.5425925925925926 0.12291666666666666 0.15555555555555556
0 0.2872395833333333 0.5023148148148148 0.028645833333333332 0.05277777777777778
0 0.32135416666666666 0.5185185185185185 0.07291666666666667 0.09259259259259259
0 0.35520833333333335 0.4935185185185185 0.021875 0.037037037037037035
0 0.37447916666666664 0.49212962962962964 0.023958333333333335 0.03611111111111111
0 0.4005208333333333 0.4912037037037037 0.025 0.03796296296296296
0 0.428125 0.48935185185185187 0.027083333333333334 0.041666666666666664
0 0.4309895833333333 0.4583333333333333 0.027604166666666666 0.03888888888888889
0 0.5046875 0.44212962962962965 0.17708333333333334 0.3638888888888889
0 0.5888020833333333 0.4689814814814815 0.0234375 0.08425925925925926
0 0.6286458333333333 0.4861111111111111 0.029166666666666667 0.053703703703703705
0 0.6432291666666666 0.4949074074074074 0.0375 0.04722222222222222
0 0.7486979166666666 0.45740740740740743 0.0828125 0.13518518518518519
0 0.9026041666666667 0.4134259259259259 0.19375 0.8268518518518518
0 0.6841145833333333 0.4532407407407407 0.0578125 0.032407407407407406
