0 0.95078125 0.5273148148148148 0.09739583333333333 0.13425925925925927
0 0.9744791666666667 0.45092592592592595 0.05 0.024074074074074074
0 0.9091145833333333 0.5055555555555555 0.033854166666666664 0.040740740740740744
0 0.0171875 0.549537037037037 0.03333333333333333 0.03425925925925926
0 0.18619791666666666 0.5550925925925926 0.0515625 0.030555555555555555
0 0.21744791666666666 0.5537037037037037 0.04114583333333333 0.02962962962962963
0 0.3958333333333333 0.5481481481481482 0.0375 0.1
0 0.32526041666666666 0.5583333333333333 0.14114583333333333 0.18518518518518517
0 0.48984375 0.5518518518518518 0.08177083333333333 0.10925925925925926
0 0.56875 0.5462962962962963 0.035416666666666666 0.04814814814814815
0 0.7130208333333333 0.5361111111111111 0.03854166666666667 0.024074074074074074
2 0.5252604166666667 0.4703703703703704 0.013020833333333334 0.005555555555555556
2 0.4947916666666667 0.4703703703703704 0.013541666666666667 0.005555555555555556
1 0.8 0.5333333333333333 0.007291666666666667 0.07777777777777778
3 0.6169270833333333 0.4699074074074074 0.013020833333333334 0.023148148148148147
