0 0.0265625 0.5222222222222223 0.03854166666666667 0.05555555555555555
0 0.042708333333333334 0.5203703703703704 0.05 0.05740740740740741
0 0.08307291666666666 0.5175925925925926 0.04635416666666667 0.04814814814814815
0 0.12473958333333333 0.5458333333333333 0.0703125 0.075
0 0.17552083333333332 0.5467592592592593 0.041666666666666664 0.058333333333333334
0 0.19557291666666668 0.5282407407407408 0.016145833333333335 0.03425925925925926
0 0.25234375 0.5319444444444444 0.0515625 0.062037037037037036
0 0.29791666666666666 0.5226851851851851 0.01875 0.028703703703703703
0 0.32083333333333336 0.5319444444444444 0.03125 0.032407407407407406
0 0.34401041666666665 0.5287037037037037 0.025520833333333333 0.03518518518518519
0 0.37473958333333335 0.5263888888888889 0.027604166666666666 0.03425925925925926
0 0.4278645833333333 0.524537037037037 0.013020833333333334 0.032407407407407406
0 0.4473958333333333 0.5319444444444444 0.041666666666666664 0.05462962962962963
0 0.5200520833333333 0.525 0.027604166666666666 0.037037037037037035
0 0.540625 0.5185185185185185 0.01875 0.02962962962962963
0 0.5752604166666667 0.5189814814814815 0.016145833333333335 0.023148148148148147
