0 0.21223958333333334 0.5444444444444444 0.08489583333333334 0.05925925925925926
0 0.475 0.5101851851851852 0.022916666666666665 0.040740740740740744
0 0.5263020833333333 0.524537037037037 0.011979166666666667 0.030555555555555555
0 0.5502604166666667 0.5342592592592592 0.016145833333333335 0.040740740740740744
0 0.5729166666666666 0.5032407407407408 0.025 0.03425925925925926
0 0.5393229166666667 0.4981481481481482 0.013020833333333334 0.03333333333333333
1 0.6463541666666667 0.5273148148148148 0.0125 0.05462962962962963
1 0.18359375 0.5370370370370371 0.011979166666666667 0.07037037037037037
1 0.39088541666666665 0.5282407407407408 0.005729166666666666 0.032407407407407406
1 0.39739583333333334 0.5222222222222223 0.008333333333333333 0.044444444444444446
1 0.5263020833333333 0.5143518518518518 0.011979166666666667 0.04722222222222222
1 0.5731770833333333 0.513425925925926 0.009895833333333333 0.05277777777777778
1 0.5947916666666667 0.5208333333333334 0.0125 0.07685185185185185
1 0.6080729166666666 0.48657407407407405 0.013020833333333334 0.021296296296296296
1 0.63046875 0.512962962962963 0.011979166666666667 0.06666666666666667
1 0.6333333333333333 0.475462962962963 0.005208333333333333 0.026851851851851852
1 0.9544270833333334 0.5356481481481481 0.05572916666666667 0.25277777777777777
