1 0.9817708333333334 0.5106481481481482 0.020833333333333332 0.08425925925925926
1 0.84453125 0.513425925925926 0.009895833333333333 0.058333333333333334
1 0.8385416666666666 0.5175925925925926 0.015625 0.05555555555555555
1 0.7848958333333333 0.5120370370370371 0.009375 0.046296296296296294
1 0.77421875 0.5162037037037037 0.0109375 0.049074074074074076
1 0.7544270833333333 0.5162037037037037 0.0067708333333333336 0.04537037037037037
1 0.7377604166666667 0.5171296296296296 0.008854166666666666 0.041666666666666664
1 0.7184895833333333 0.5185185185185185 0.008854166666666666 0.03888888888888889
1 0.7283854166666667 0.5189814814814815 0.008854166666666666 0.032407407407407406
2 0.5442708333333334 0.4527777777777778 0.009375 0.005555555555555556
2 0.57109375 0.45231481481481484 0.009895833333333333 0.006481481481481481
0 0.5122395833333333 0.5152777777777777 0.0171875 0.025
0 0.48828125 0.513425925925926 0.019270833333333334 0.025
0 0.5127604166666667 0.5120370370370371 0.016145833333333335 0.022222222222222223
0 0.5356770833333333 0.49537037037037035 0.019270833333333334 0.044444444444444446
0 0.5690104166666666 0.5143518518518518 0.018229166666666668 0.025
0 0.5953125 0.5152777777777777 0.016666666666666666 0.026851851851851852
0 0.5833333333333334 0.5092592592592593 0.013541666666666667 0.020370370370370372
0 0.46484375 0.49537037037037035 0.0140625 0.025925925925925925
0 0.31328125 0.5356481481481481 0.04010416666666667 0.049074074074074076
0 0.37447916666666664 0.5268518518518519 0.01875 0.02962962962962963
0 0.28489583333333335 0.5342592592592592 0.019791666666666666 0.02962962962962963
0 0.2682291666666667 0.5375 0.022916666666666665 0.030555555555555555
0 0.24765625 0.5412037037037037 0.024479166666666666 0.030555555555555555
0 0.22942708333333334 0.5430555555555555 0.0203125 0.03425925925925926
0 0.19296875 0.5537037037037037 0.04635416666666667 0.05555555555555555
0 0.19557291666666668 0.5287037037037037 0.0546875 0.08333333333333333
0 0.12578125 0.5287037037037037 0.08697916666666666 0.09074074074074075
0 0.12161458333333333 0.5625 0.06197916666666667 0.05462962962962963
0 0.048177083333333336 0.5699074074074074 0.043229166666666666 0.05462962962962963
0 0.019270833333333334 0.575 0.03854166666666667 0.06851851851851852
0 0.31927083333333334 0.5055555555555555 0.05625 0.027777777777777776
0 0.6932291666666667 0.48194444444444445 0.04375 0.025
3 0.8442708333333333 0.30462962962962964 0.016666666666666666 0.03333333333333333
0 0.5375 0.5120370370370371 0.015625 0.022222222222222223
