0 0.14010416666666667 0.6050925925925926 0.28020833333333334 0.30648148148148147
0 0.33932291666666664 0.5597222222222222 0.10052083333333334 0.12685185185185185
0 0.4109375 0.5513888888888889 0.05 0.06759259259259259
0 0.44114583333333335 0.5430555555555555 0.023958333333333335 0.04537037037037037
0 0.45703125 0.5402777777777777 0.018229166666666668 0.03425925925925926
0 0.46197916666666666 0.5333333333333333 0.019791666666666666 0.03888888888888889
0 0.52109375 0.5523148148148148 0.06822916666666666 0.09722222222222222
0 0.5182291666666666 0.49074074074074076 0.0375 0.03333333333333333
2 0.5559895833333334 0.29814814814814816 0.027604166666666666 0.016666666666666666
1 0.5557291666666667 0.5310185185185186 0.008333333333333333 0.049074074074074076
1 0.7138020833333333 0.5092592592592593 0.0078125 0.037037037037037035
1 0.7276041666666667 0.5064814814814815 0.011458333333333333 0.04259259259259259
0 0.78046875 0.43333333333333335 0.1046875 0.17777777777777778
