0 0.026041666666666668 0.513425925925926 0.052083333333333336 0.03425925925925926
0 0.0890625 0.6046296296296296 0.178125 0.21481481481481482
0 0.20677083333333332 0.5453703703703704 0.022916666666666665 0.022222222222222223
0 0.5651041666666666 0.5462962962962963 0.06666666666666667 0.04259259259259259
0 0.6294270833333333 0.5412037037037037 0.0703125 0.049074074074074076
0 0.6736979166666667 0.5263888888888889 0.0671875 0.06944444444444445
0 0.7140625 0.5402777777777777 0.07604166666666666 0.041666666666666664
0 0.76640625 0.5365740740740741 0.034895833333333334 0.03981481481481482
0 0.8 0.5324074074074074 0.053125 0.04814814814814815
0 0.7286458333333333 0.5097222222222222 0.15104166666666666 0.10277777777777777
0 0.85078125 0.5277777777777778 0.050520833333333334 0.044444444444444446
0 0.8786458333333333 0.5263888888888889 0.058333333333333334 0.041666666666666664
0 0.9890625 0.49444444444444446 0.020833333333333332 0.040740740740740744
2 0.010416666666666666 0.2199074074074074 0.020833333333333332 0.021296296296296296
2 0.109375 0.22407407407407406 0.05 0.024074074074074074
2 0.3731770833333333 0.41574074074074074 0.019270833333333334 0.009259259259259259
2 0.875 0.2212962962962963 0.041666666666666664 0.04259259259259259
3 0.020572916666666666 0.1412037037037037 0.028645833333333332 0.05462962962962963
