0 0.13880208333333333 0.625 0.27760416666666665 0.30925925925925923
0 0.8684895833333334 0.5638888888888889 0.0890625 0.09814814814814815
0 0.8291666666666667 0.5185185185185185 0.025 0.02962962962962963
0 0.8447916666666667 0.5018518518518519 0.021875 0.024074074074074074
0 0.7893229166666667 0.5092592592592593 0.028645833333333332 0.037037037037037035
0 0.7533854166666667 0.5106481481481482 0.0265625 0.032407407407407406
0 0.6791666666666667 0.5138888888888888 0.0375 0.05
0 0.6552083333333333 0.5125 0.014583333333333334 0.03796296296296296
0 0.6072916666666667 0.5351851851851852 0.05416666666666667 0.06851851851851852
3 0.5588541666666667 0.43194444444444446 0.021875 0.030555555555555555
3 0.5598958333333334 0.462037037037037 0.019791666666666666 0.02962962962962963
