0 0.041666666666666664 0.5768518518518518 0.08333333333333333 0.17222222222222222
1 0.23229166666666667 0.5138888888888888 0.019791666666666666 0.09259259259259259
1 0.353125 0.47962962962962963 0.010416666666666666 0.024074074074074074
1 0.6864583333333333 0.4703703703703704 0.008333333333333333 0.07037037037037037
1 0.73828125 0.5111111111111111 0.0328125 0.2
1 0.7690104166666667 0.5078703703703704 0.03177083333333333 0.19722222222222222
0 0.4705729166666667 0.48703703703703705 0.03177083333333333 0.024074074074074074
0 0.4981770833333333 0.4810185185185185 0.0140625 0.028703703703703703
0 0.5296875 0.48564814814814816 0.01875 0.025
0 0.5908854166666667 0.5111111111111111 0.022395833333333334 0.07037037037037037
3 0.48671875 0.3277777777777778 0.0140625 0.024074074074074074
3 0.6302083333333334 0.36898148148148147 0.01875 0.03425925925925926
2 0.52734375 0.4398148148148148 0.008854166666666666 0.005555555555555556
2 0.515625 0.4398148148148148 0.009375 0.005555555555555556
