0 0.8015625 0.5171296296296296 0.05416666666666667 0.08796296296296297
0 0.6989583333333333 0.5606481481481481 0.08854166666666667 0.11944444444444445
0 0.6416666666666667 0.5120370370370371 0.05 0.05185185185185185
0 0.5901041666666667 0.5037037037037037 0.03854166666666667 0.06111111111111111
0 0.5411458333333333 0.49722222222222223 0.04583333333333333 0.04814814814814815
0 0.5510416666666667 0.5310185185185186 0.07604166666666666 0.08796296296296297
0 0.50234375 0.5393518518518519 0.0203125 0.06759259259259259
0 0.4354166666666667 0.5453703703703704 0.12604166666666666 0.12037037037037036
0 0.2625 0.562037037037037 0.029166666666666667 0.027777777777777776
2 0.23984375 0.2875 0.027604166666666666 0.017592592592592594
0 0.39427083333333335 0.5148148148148148 0.020833333333333332 0.03333333333333333
