1 0.3151041666666667 0.524537037037037 0.008333333333333333 0.05462962962962963
1 0.32135416666666666 0.5236111111111111 0.007291666666666667 0.05277777777777778
1 0.30911458333333336 0.5268518518518519 0.0067708333333333336 0.04814814814814815
1 0.3578125 0.513425925925926 0.004166666666666667 0.028703703703703703
1 0.3614583333333333 0.5152777777777777 0.004166666666666667 0.03796296296296296
1 0.38229166666666664 0.5125 0.00625 0.030555555555555555
0 0.4427083333333333 0.5208333333333334 0.028125 0.03425925925925926
0 0.4796875 0.5027777777777778 0.014583333333333334 0.03518518518518519
0 0.521875 0.4930555555555556 0.027083333333333334 0.021296296296296296
0 0.5213541666666667 0.5282407407407408 0.040625 0.06018518518518518
0 0.56640625 0.5162037037037037 0.022395833333333334 0.028703703703703703
1 0.60234375 0.512962962962963 0.0046875 0.03518518518518519
1 0.6872395833333333 0.5050925925925925 0.0067708333333333336 0.032407407407407406
0 0.7578125 0.5731481481481482 0.209375 0.16666666666666666
0 0.9125 0.6402777777777777 0.17395833333333333 0.3472222222222222
3 0.9684895833333333 0.2212962962962963 0.0328125 0.05925925925925926
