2 0.340625 0.3574074074074074 0.026041666666666668 0.012962962962962963
2 0.39505208333333336 0.35509259259259257 0.0265625 0.013888888888888888
3 0.365625 0.3365740740740741 0.013541666666666667 0.028703703703703703
3 0.60546875 0.37962962962962965 0.0171875 0.03518518518518519
1 0.6817708333333333 0.5078703703703704 0.011458333333333333 0.06759259259259259
0 0.052083333333333336 0.5643518518518519 0.10416666666666667 0.225
0 0.16822916666666668 0.5412037037037037 0.11666666666666667 0.1361111111111111
0 0.22864583333333333 0.5351851851851852 0.052083333333333336 0.1111111111111111
0 0.25286458333333334 0.5296296296296297 0.034895833333333334 0.09259259259259259
0 0.2546875 0.5199074074074074 0.05416666666666667 0.09537037037037037
0 0.33229166666666665 0.5305555555555556 0.103125 0.1574074074074074
0 0.5044270833333333 0.6060185185185185 0.2515625 0.35648148148148145
0 0.6239583333333333 0.5092592592592593 0.08125 0.16296296296296298
0 0.8231770833333333 0.5018518518518519 0.2828125 0.3962962962962963
3 0.3541666666666667 0.4166666666666667 0.013541666666666667 0.022222222222222223
