3 0.7984375 0.44814814814814813 0.015625 0.03148148148148148
0 0.5903645833333333 0.538425925925926 0.0578125 0.08425925925925926
0 0.5208333333333334 0.5657407407407408 0.08854166666666667 0.12407407407407407
0 0.47942708333333334 0.5300925925925926 0.018229166666666668 0.026851851851851852
0 0.4703125 0.5236111111111111 0.015625 0.03611111111111111
0 0.39791666666666664 0.5550925925925926 0.08958333333333333 0.12129629629629629
0 0.33541666666666664 0.5537037037037037 0.052083333333333336 0.07222222222222222
0 0.2799479166666667 0.5467592592592593 0.03697916666666667 0.05648148148148148
0 0.24244791666666668 0.5518518518518518 0.0515625 0.06296296296296296
0 0.09505208333333333 0.5671296296296297 0.0234375 0.05277777777777778
