3 0.5744791666666667 0.28564814814814815 0.026041666666666668 0.04537037037037037
0 0.034895833333333334 0.5837962962962963 0.06979166666666667 0.2638888888888889
0 0.10234375 0.5560185185185185 0.11302083333333333 0.16018518518518518
0 0.3411458333333333 0.5314814814814814 0.059375 0.07222222222222222
0 0.4046875 0.512962962962963 0.035416666666666666 0.046296296296296294
0 0.4278645833333333 0.5069444444444444 0.0171875 0.032407407407407406
0 0.4864583333333333 0.5805555555555556 0.14791666666666667 0.21666666666666667
0 0.50078125 0.46064814814814814 0.0515625 0.03425925925925926
2 0.5403645833333334 0.44722222222222224 0.0078125 0.005555555555555556
2 0.5588541666666667 0.44722222222222224 0.009375 0.005555555555555556
0 0.5591145833333333 0.5018518518518519 0.0359375 0.040740740740740744
0 0.5658854166666667 0.5263888888888889 0.0328125 0.0712962962962963
0 0.5768229166666666 0.5351851851851852 0.03177083333333333 0.08888888888888889
0 0.62890625 0.5407407407407407 0.09947916666666666 0.14074074074074075
0 0.71875 0.5087962962962963 0.10729166666666666 0.16944444444444445
0 0.91015625 0.6921296296296297 0.17864583333333334 0.47129629629629627
0 0.3645833333333333 0.5148148148148148 0.022916666666666665 0.044444444444444446
