0 0.04375 0.5013888888888889 0.034375 0.030555555555555555
0 0.08229166666666667 0.5023148148148148 0.034375 0.028703703703703703
0 0.12265625 0.5023148148148148 0.033854166666666664 0.028703703703703703
0 0.30755208333333334 0.5268518518518519 0.04635416666666667 0.044444444444444446
0 0.34817708333333336 0.524537037037037 0.044270833333333336 0.04722222222222222
0 0.41119791666666666 0.5111111111111111 0.024479166666666666 0.03148148148148148
0 0.49505208333333334 0.5078703703703704 0.018229166666666668 0.030555555555555555
0 0.5486979166666667 0.513425925925926 0.0296875 0.03796296296296296
0 0.56328125 0.5078703703703704 0.018229166666666668 0.030555555555555555
0 0.63125 0.5138888888888888 0.057291666666666664 0.06296296296296296
0 0.73046875 0.5763888888888888 0.18802083333333333 0.19166666666666668
0 0.8877604166666667 0.5546296296296296 0.16510416666666666 0.15185185185185185
3 0.6078125 0.3680555555555556 0.014583333333333334 0.026851851851851852
2 0.5606770833333333 0.3787037037037037 0.019270833333333334 0.011111111111111112
2 0.50078125 0.2310185185185185 0.04010416666666667 0.026851851851851852
2 0.62265625 0.2337962962962963 0.0390625 0.023148148148148147
2 0.7182291666666667 0.24212962962962964 0.035416666666666666 0.025
2 0.19322916666666667 0.3314814814814815 0.013541666666666667 0.018518518518518517
2 0.21901041666666668 0.3523148148148148 0.009895833333333333 0.01574074074074074
