0 0.86171875 0.5967592592592592 0.27447916666666666 0.3509259259259259
3 0.9434895833333333 0.30787037037037035 0.015104166666666667 0.03425925925925926
3 0.7893229166666667 0.4023148148148148 0.021354166666666667 0.03981481481481482
3 0.65390625 0.3194444444444444 0.015104166666666667 0.025925925925925925
2 0.60546875 0.38425925925925924 0.015104166666666667 0.005555555555555556
2 0.5736979166666667 0.3851851851851852 0.015104166666666667 0.007407407407407408
0 0.68359375 0.475462962962963 0.04635416666666667 0.026851851851851852
1 0.6638020833333333 0.475462962962963 0.005729166666666666 0.03425925925925926
0 0.6408854166666667 0.48009259259259257 0.0234375 0.03425925925925926
0 0.61484375 0.4824074074074074 0.0328125 0.04259259259259259
0 0.5770833333333333 0.4875 0.03958333333333333 0.05092592592592592
0 0.5549479166666667 0.4810185185185185 0.0265625 0.04351851851851852
0 0.5018229166666667 0.5050925925925925 0.06614583333333333 0.08796296296296297
0 0.5044270833333333 0.44166666666666665 0.0671875 0.14629629629629629
0 0.4549479166666667 0.4898148148148148 0.03802083333333333 0.05
0 0.4231770833333333 0.4773148148148148 0.0265625 0.026851851851851852
0 0.38046875 0.4824074074074074 0.034895833333333334 0.025925925925925925
0 0.36354166666666665 0.46944444444444444 0.03125 0.05
0 0.215625 0.4791666666666667 0.08333333333333333 0.05277777777777778
0 0.18046875 0.4689814814814815 0.07864583333333333 0.0787037037037037
0 0.7317708333333334 0.4726851851851852 0.015625 0.025
0 0.5981770833333333 0.47638888888888886 0.013020833333333334 0.025
