3 0.08203125 0.046296296296296294 0.0234375 0.06481481481481481
0 0.15885416666666666 0.5990740740740741 0.2875 0.22037037037037038
0 0.34010416666666665 0.5356481481481481 0.13229166666666667 0.18425925925925926
0 0.40572916666666664 0.5282407407407408 0.05416666666666667 0.0824074074074074
0 0.43359375 0.5125 0.0171875 0.026851851851851852
0 0.44088541666666664 0.475462962962963 0.0484375 0.049074074074074076
0 0.48020833333333335 0.5638888888888889 0.11458333333333333 0.16111111111111112
0 0.6338541666666667 0.5120370370370371 0.06770833333333333 0.08333333333333333
0 0.9635416666666666 0.5453703703703704 0.071875 0.23148148148148148
0 0.7651041666666667 0.5125 0.0625 0.07314814814814814
0 0.55234375 0.5125 0.022395833333333334 0.03611111111111111
1 0.55390625 0.5046296296296297 0.0078125 0.03518518518518519
1 0.5890625 0.4981481481481482 0.005208333333333333 0.037037037037037035
1 0.5296875 0.5041666666666667 0.00625 0.026851851851851852
