1 0.6635416666666667 0.5273148148148148 0.04791666666666667 0.22314814814814815
0 0.6729166666666667 0.5847222222222223 0.07708333333333334 0.23055555555555557
1 0.9020833333333333 0.4583333333333333 0.0125 0.03888888888888889
0 0.9526041666666667 0.5023148148148148 0.09375 0.14537037037037037
0 0.85703125 0.5296296296296297 0.12135416666666667 0.14444444444444443
0 0.7588541666666667 0.5078703703703704 0.078125 0.09722222222222222
0 0.7083333333333334 0.49074074074074076 0.05 0.07592592592592592
0 0.625 0.5064814814814815 0.0625 0.10555555555555556
0 0.5893229166666667 0.5009259259259259 0.034895833333333334 0.06666666666666667
0 0.5596354166666667 0.48935185185185187 0.027604166666666666 0.03425925925925926
0 0.54140625 0.4842592592592593 0.0171875 0.02962962962962963
0 0.5192708333333333 0.49722222222222223 0.034375 0.05
0 0.5119791666666667 0.4652777777777778 0.0375 0.09351851851851851
3 0.46848958333333335 0.45740740740740743 0.011979166666666667 0.022222222222222223
0 0.4231770833333333 0.5101851851851852 0.05677083333333333 0.07777777777777778
2 0.65859375 0.20462962962962963 0.049479166666666664 0.022222222222222223
2 0.7635416666666667 0.20092592592592592 0.04895833333333333 0.020370370370370372
2 0.8677083333333333 0.19907407407407407 0.04791666666666667 0.022222222222222223
3 0.8080729166666667 0.17962962962962964 0.0296875 0.053703703703703705
3 0.7059895833333333 0.18287037037037038 0.0296875 0.05277777777777778
0 0.38515625 0.49722222222222223 0.0296875 0.05185185185185185
0 0.37786458333333334 0.5064814814814815 0.0203125 0.05925925925925926
0 0.36380208333333336 0.5055555555555555 0.022395833333333334 0.07222222222222222
0 0.33151041666666664 0.5120370370370371 0.058854166666666666 0.08518518518518518
0 0.27291666666666664 0.5101851851851852 0.03125 0.05185185185185185
0 0.25286458333333334 0.5157407407407407 0.033854166666666664 0.05185185185185185
0 0.2171875 0.5185185185185185 0.051041666666666666 0.06851851851851852
0 0.16875 0.5273148148148148 0.036458333333333336 0.06388888888888888
0 0.13098958333333333 0.5342592592592592 0.06614583333333333 0.07962962962962963
