0 0.02265625 0.5513888888888889 0.0453125 0.08425925925925926
0 0.18880208333333334 0.6064814814814815 0.21197916666666666 0.26481481481481484
0 0.31588541666666664 0.5180555555555556 0.06302083333333333 0.07685185185185185
0 0.5299479166666666 0.47314814814814815 0.3703125 0.17777777777777778
0 0.49713541666666666 0.549074074074074 0.0453125 0.10555555555555556
0 0.7286458333333333 0.49953703703703706 0.026041666666666668 0.05092592592592592
1 0.9940104166666667 0.4828703703703704 0.0109375 0.09166666666666666
0 0.89296875 0.4476851851851852 0.21302083333333333 0.16944444444444445
3 0.24453125 0.4546296296296296 0.018229166666666668 0.037037037037037035
1 0.06354166666666666 0.5462962962962963 0.029166666666666667 0.046296296296296294
