0 0.020052083333333335 0.5476851851851852 0.04010416666666667 0.12685185185185185
0 0.2869791666666667 0.5430555555555555 0.2125 0.25462962962962965
0 0.25364583333333335 0.5050925925925925 0.06354166666666666 0.03611111111111111
0 0.40989583333333335 0.5032407407407408 0.034375 0.05648148148148148
0 0.4471354166666667 0.5226851851851851 0.0296875 0.041666666666666664
0 0.46458333333333335 0.5199074074074074 0.0125 0.025
0 0.509375 0.5578703703703703 0.1 0.1398148148148148
0 0.56484375 0.5175925925925926 0.016145833333333335 0.025925925925925925
3 0.4471354166666667 0.3162037037037037 0.0203125 0.032407407407407406
3 0.47421875 0.32546296296296295 0.0203125 0.03611111111111111
3 0.5203125 0.30277777777777776 0.01875 0.03148148148148148
3 0.53046875 0.3194444444444444 0.019270833333333334 0.037037037037037035
2 0.5041666666666667 0.3263888888888889 0.025 0.01574074074074074
2 0.4088541666666667 0.3296296296296296 0.023958333333333335 0.018518518518518517
