2 0.5109375 0.4111111111111111 0.017708333333333333 0.007407407407407408
2 0.5484375 0.4050925925925926 0.021875 0.010185185185185186
2 0.4869791666666667 0.4361111111111111 0.0125 0.007407407407407408
2 0.5182291666666666 0.43425925925925923 0.015625 0.007407407407407408
0 0.7692708333333333 0.524537037037037 0.01875 0.06018518518518518
0 0.85546875 0.4986111111111111 0.11510416666666666 0.16944444444444445
0 0.6643229166666667 0.5055555555555555 0.03177083333333333 0.02962962962962963
0 0.6080729166666666 0.5055555555555555 0.03697916666666667 0.037037037037037035
0 0.5325520833333334 0.48055555555555557 0.0796875 0.04814814814814815
0 0.57109375 0.5365740740740741 0.0453125 0.08611111111111111
0 0.5122395833333333 0.5703703703703704 0.1078125 0.15
0 0.45755208333333336 0.5111111111111111 0.0296875 0.040740740740740744
0 0.4296875 0.5402777777777777 0.046875 0.07685185185185185
0 0.45234375 0.5347222222222222 0.025520833333333333 0.058333333333333334
0 0.4166666666666667 0.5518518518518518 0.022916666666666665 0.1037037037037037
0 0.365625 0.5402777777777777 0.1 0.1935185185185185
0 0.309375 0.5041666666666667 0.01875 0.041666666666666664
0 0.221875 0.6 0.22916666666666666 0.29444444444444445
0 0.05572916666666667 0.7875 0.11145833333333334 0.27685185185185185
