0 0.49583333333333335 0.5087962962962963 0.06666666666666667 0.08981481481481482
0 0.5364583333333334 0.48194444444444445 0.015625 0.025
0 0.5473958333333333 0.487962962962963 0.022916666666666665 0.03148148148148148
0 0.6276041666666666 0.5074074074074074 0.06979166666666667 0.08888888888888889
0 0.5872395833333334 0.48194444444444445 0.021354166666666667 0.03611111111111111
0 0.5674479166666667 0.46296296296296297 0.0203125 0.037037037037037035
0 0.5848958333333333 0.4587962962962963 0.015625 0.026851851851851852
0 0.6479166666666667 0.46435185185185185 0.026041666666666668 0.05092592592592592
0 0.70078125 0.4537037037037037 0.07135416666666666 0.11851851851851852
0 0.8541666666666666 0.4337962962962963 0.128125 0.21388888888888888
0 0.7375 0.5398148148148149 0.13958333333333334 0.17592592592592593
0 0.8677083333333333 0.5185185185185185 0.11458333333333333 0.12962962962962962
