0 0.16484375 0.5481481481481482 0.027604166666666666 0.03888888888888889
0 0.20963541666666666 0.5611111111111111 0.0703125 0.07777777777777778
0 0.23567708333333334 0.5342592592592592 0.0171875 0.02962962962962963
0 0.32890625 0.5837962962962963 0.11302083333333333 0.14907407407407408
0 0.34713541666666664 0.5180555555555556 0.0609375 0.0712962962962963
0 0.3815104166666667 0.5287037037037037 0.027604166666666666 0.08888888888888889
0 0.4197916666666667 0.5282407407407408 0.0125 0.025
0 0.43203125 0.5356481481481481 0.0171875 0.023148148148148147
0 0.51640625 0.6189814814814815 0.17447916666666666 0.23055555555555557
0 0.8390625 0.5842592592592593 0.09583333333333334 0.13703703703703704
0 0.95 0.5824074074074074 0.09895833333333333 0.20555555555555555
1 0.8239583333333333 0.5175925925925926 0.021875 0.09074074074074075
2 0.40130208333333334 0.425 0.013020833333333334 0.007407407407407408
2 0.43802083333333336 0.4203703703703704 0.0125 0.007407407407407408
3 0.5606770833333333 0.4652777777777778 0.0140625 0.028703703703703703
3 0.45598958333333334 0.4101851851851852 0.011979166666666667 0.022222222222222223
