0 0.37473958333333335 0.425 0.0296875 0.05
0 0.4510416666666667 0.42824074074074076 0.01875 0.03796296296296296
0 0.40911458333333334 0.4486111111111111 0.019270833333333334 0.025
0 0.46953125 0.4837962962962963 0.04739583333333333 0.0712962962962963
0 0.49583333333333335 0.4601851851851852 0.019791666666666666 0.03888888888888889
0 0.5276041666666667 0.4671296296296296 0.03229166666666667 0.06944444444444445
0 0.5934895833333333 0.4513888888888889 0.050520833333333334 0.09351851851851851
0 0.59765625 0.4861111111111111 0.03802083333333333 0.05
3 0.7591145833333334 0.2791666666666667 0.018229166666666668 0.032407407407407406
3 0.7885416666666667 0.27870370370370373 0.030208333333333334 0.03333333333333333
0 0.87734375 0.43703703703703706 0.24427083333333333 0.34074074074074073
0 0.275 0.45694444444444443 0.041666666666666664 0.023148148148148147
