0 0.04791666666666667 0.5824074074074074 0.09583333333333334 0.17037037037037037
0 0.031510416666666666 0.4828703703703704 0.044270833333333336 0.028703703703703703
0 0.059895833333333336 0.48564814814814816 0.015625 0.023148148148148147
0 0.16875 0.4689814814814815 0.20416666666666666 0.1638888888888889
0 0.29322916666666665 0.4675925925925926 0.03229166666666667 0.03148148148148148
0 0.35078125 0.4638888888888889 0.0328125 0.03148148148148148
0 0.3880208333333333 0.4773148148148148 0.08229166666666667 0.049074074074074076
0 0.26145833333333335 0.5810185185185185 0.22708333333333333 0.20092592592592592
0 0.5466145833333333 0.500462962962963 0.15260416666666668 0.10648148148148148
0 0.6848958333333334 0.4263888888888889 0.18854166666666666 0.14351851851851852
0 0.8627604166666667 0.5763888888888888 0.2734375 0.2490740740740741
0 0.96328125 0.44166666666666665 0.05572916666666667 0.05555555555555555
0 0.9760416666666667 0.44583333333333336 0.046875 0.06574074074074074
2 0.4752604166666667 0.287962962962963 0.021354166666666667 0.011111111111111112
2 0.20625 0.3148148148148148 0.021875 0.012962962962962963
