0 0.03411458333333333 0.5236111111111111 0.059895833333333336 0.07685185185185185
0 0.20364583333333333 0.524074074074074 0.075 0.10185185185185185
0 0.18229166666666666 0.4925925925925926 0.11666666666666667 0.10185185185185185
0 0.34479166666666666 0.4699074074074074 0.0625 0.1175925925925926
1 0.2981770833333333 0.5023148148148148 0.008854166666666666 0.032407407407407406
0 0.29973958333333334 0.5115740740740741 0.0140625 0.025
0 0.42135416666666664 0.4625 0.08229166666666667 0.1824074074074074
0 0.52890625 0.4486111111111111 0.1453125 0.3435185185185185
0 0.6924479166666667 0.5259259259259259 0.12135416666666667 0.15185185185185185
0 0.9828125 0.5550925925925926 0.03333333333333333 0.16574074074074074
