0 0.10911458333333333 0.5416666666666666 0.09322916666666667 0.07962962962962963
0 0.23203125 0.5226851851851851 0.05364583333333333 0.06759259259259259
0 0.28489583333333335 0.5300925925925926 0.04895833333333333 0.05462962962962963
0 0.33880208333333334 0.525 0.05364583333333333 0.06851851851851852
0 0.4973958333333333 0.5546296296296296 0.08333333333333333 0.11666666666666667
0 0.5278645833333333 0.49166666666666664 0.0453125 0.10555555555555556
0 0.55546875 0.5185185185185185 0.009895833333333333 0.02962962962962963
0 0.59296875 0.5439814814814815 0.07239583333333334 0.08796296296296297
0 0.6893229166666667 0.5416666666666666 0.07552083333333333 0.08148148148148149
3 0.7244791666666667 0.19814814814814816 0.020833333333333332 0.03518518518518519
