0 0.08645833333333333 0.6736111111111112 0.17291666666666666 0.4638888888888889
0 0.11380208333333333 0.49953703703703706 0.033854166666666664 0.04351851851851852
0 0.15442708333333333 0.4986111111111111 0.0390625 0.04722222222222222
0 0.20989583333333334 0.5226851851851851 0.075 0.08796296296296297
0 0.3653645833333333 0.487962962962963 0.03177083333333333 0.04814814814814815
0 0.40208333333333335 0.48194444444444445 0.01875 0.026851851851851852
0 0.42135416666666664 0.48333333333333334 0.026041666666666668 0.03888888888888889
0 0.4473958333333333 0.47314814814814815 0.014583333333333334 0.024074074074074074
0 0.4635416666666667 0.487962962962963 0.03229166666666667 0.046296296296296294
0 0.6005208333333333 0.4537037037037037 0.04479166666666667 0.053703703703703705
2 0.47265625 0.36157407407407405 0.021354166666666667 0.010185185185185186
2 0.5169270833333334 0.3578703703703704 0.021354166666666667 0.010185185185185186
2 0.38645833333333335 0.4236111111111111 0.008333333333333333 0.004629629629629629
2 0.40703125 0.41898148148148145 0.0078125 0.004629629629629629
2 0.39010416666666664 0.4199074074074074 0.007291666666666667 0.004629629629629629
3 0.6885416666666667 0.028703703703703703 0.04791666666666667 0.05740740740740741
