0 0.011979166666666667 0.7708333333333334 0.023958333333333335 0.2916666666666667
0 0.2747395833333333 0.562037037037037 0.1703125 0.2074074074074074
0 0.42161458333333335 0.5101851851851852 0.0609375 0.09074074074074075
0 0.4505208333333333 0.5055555555555555 0.023958333333333335 0.07037037037037037
0 0.46979166666666666 0.5 0.029166666666666667 0.040740740740740744
0 0.5182291666666666 0.5263888888888889 0.08645833333333333 0.11574074074074074
0 0.48072916666666665 0.48518518518518516 0.01875 0.02962962962962963
0 0.47161458333333334 0.4675925925925926 0.021354166666666667 0.024074074074074074
0 0.6140625 0.5078703703703704 0.04895833333333333 0.06574074074074074
0 0.5533854166666666 0.47453703703703703 0.019270833333333334 0.030555555555555555
2 0.509375 0.4125 0.0125 0.006481481481481481
2 0.5341145833333333 0.41203703703703703 0.011979166666666667 0.005555555555555556
