0 0.51484375 0.5287037037037037 0.05364583333333333 0.09814814814814815
0 0.4856770833333333 0.5027777777777778 0.016145833333333335 0.027777777777777776
0 0.4828125 0.524537037037037 0.014583333333333334 0.023148148148148147
0 0.45989583333333334 0.5236111111111111 0.0375 0.06759259259259259
0 0.42473958333333334 0.524074074074074 0.0234375 0.037037037037037035
0 0.41119791666666666 0.5287037037037037 0.011979166666666667 0.040740740740740744
0 0.3927083333333333 0.5231481481481481 0.03229166666666667 0.05925925925925926
0 0.3671875 0.5333333333333333 0.04791666666666667 0.05555555555555555
0 0.3184895833333333 0.5375 0.0609375 0.075
0 0.25546875 0.5449074074074074 0.0953125 0.09722222222222222
0 0.11901041666666666 0.6587962962962963 0.23802083333333332 0.3972222222222222
