3 0.6338541666666667 0.3458333333333333 0.01875 0.028703703703703703
0 0.6299479166666667 0.4625 0.11822916666666666 0.19907407407407407
0 0.4796875 0.5402777777777777 0.12395833333333334 0.1675925925925926
0 0.41744791666666664 0.4861111111111111 0.03802083333333333 0.06851851851851852
0 0.3 0.49212962962962964 0.014583333333333334 0.03981481481481482
0 0.27708333333333335 0.4875 0.042708333333333334 0.05462962962962963
0 0.26510416666666664 0.49722222222222223 0.029166666666666667 0.05
0 0.23098958333333333 0.49212962962962964 0.044270833333333336 0.06944444444444445
0 0.18723958333333332 0.4925925925925926 0.06302083333333333 0.07407407407407407
0 0.11901041666666666 0.5106481481481482 0.09427083333333333 0.08796296296296297
0 0.053385416666666664 0.5166666666666667 0.0359375 0.05555555555555555
0 0.028125 0.5203703703703704 0.04375 0.08333333333333333
