1 0.9075520833333334 0.5171296296296296 0.0078125 0.06574074074074074
1 0.11666666666666667 0.538425925925926 0.011458333333333333 0.06574074074074074
1 0.08177083333333333 0.537962962962963 0.009375 0.06851851851851852
3 0.024739583333333332 0.4583333333333333 0.018229166666666668 0.05
0 0.03229166666666667 0.5152777777777777 0.026041666666666668 0.030555555555555555
0 0.0984375 0.5314814814814814 0.030208333333333334 0.03518518518518519
0 0.83671875 0.49537037037037035 0.033854166666666664 0.03333333333333333
0 0.6614583333333334 0.525 0.07083333333333333 0.07962962962962963
0 0.5958333333333333 0.49953703703703706 0.01875 0.03796296296296296
0 0.5713541666666667 0.49953703703703706 0.017708333333333333 0.026851851851851852
0 0.5333333333333333 0.512962962962963 0.025 0.02962962962962963
0 0.46328125 0.5074074074074074 0.0203125 0.03333333333333333
0 0.49505208333333334 0.5083333333333333 0.0203125 0.03148148148148148
0 0.353125 0.5194444444444445 0.041666666666666664 0.03888888888888889
2 0.57109375 0.42962962962962964 0.015104166666666667 0.005555555555555556
2 0.6036458333333333 0.4305555555555556 0.013541666666666667 0.007407407407407408
