0 0.5018229166666667 0.5282407407407408 0.0515625 0.0824074074074074
0 0.9223958333333333 0.5810185185185185 0.15416666666666667 0.18981481481481483
0 0.65703125 0.4981481481481482 0.030729166666666665 0.03518518518518519
0 0.5893229166666667 0.5166666666666667 0.06614583333333333 0.040740740740740744
0 0.04765625 0.6310185185185185 0.07760416666666667 0.05277777777777778
0 0.11119791666666666 0.6152777777777778 0.09427083333333333 0.05277777777777778
0 0.14713541666666666 0.5851851851851851 0.0765625 0.06666666666666667
0 0.20703125 0.5773148148148148 0.08489583333333334 0.06388888888888888
0 0.2598958333333333 0.5740740740740741 0.027083333333333334 0.027777777777777776
0 0.2864583333333333 0.5666666666666667 0.036458333333333336 0.025925925925925925
0 0.029166666666666667 0.5532407407407407 0.052083333333333336 0.03425925925925926
0 0.0640625 0.5481481481481482 0.057291666666666664 0.03518518518518519
0 0.11927083333333334 0.5351851851851852 0.06770833333333333 0.037037037037037035
0 0.16067708333333333 0.5361111111111111 0.0328125 0.02962962962962963
