0 0.5203125 0.5407407407407407 0.05416666666666667 0.08703703703703704
0 0.49921875 0.5194444444444445 0.028645833333333332 0.05555555555555555
0 0.7380208333333333 0.5532407407407407 0.103125 0.12314814814814815
0 0.6708333333333333 0.5416666666666666 0.057291666666666664 0.09074074074074075
0 0.6184895833333334 0.5314814814814814 0.059895833333333336 0.07962962962962963
0 0.60625 0.5171296296296296 0.06458333333333334 0.05462962962962963
0 0.5684895833333333 0.5217592592592593 0.013020833333333334 0.03425925925925926
0 0.034375 0.586574074074074 0.058333333333333334 0.041666666666666664
0 0.0796875 0.5805555555555556 0.13958333333333334 0.05185185185185185
0 0.17135416666666667 0.5685185185185185 0.05416666666666667 0.03148148148148148
0 0.20911458333333333 0.5638888888888889 0.030729166666666665 0.024074074074074074
0 0.2296875 0.5601851851851852 0.042708333333333334 0.024074074074074074
1 0.5598958333333334 0.524537037037037 0.008333333333333333 0.049074074074074076
1 0.64375 0.5402777777777777 0.020833333333333332 0.08981481481481482
1 0.6013020833333333 0.5550925925925926 0.019270833333333334 0.03425925925925926
