0 0.5005208333333333 0.5407407407407407 0.06979166666666667 0.11296296296296296
0 0.959375 0.5671296296296297 0.08020833333333334 0.19537037037037036
0 0.7388020833333333 0.5143518518518518 0.1171875 0.10462962962962963
0 0.6578125 0.513425925925926 0.051041666666666666 0.025
0 0.61640625 0.5185185185185185 0.04739583333333333 0.03333333333333333
0 0.5765625 0.5166666666666667 0.021875 0.02962962962962963
0 0.596875 0.5171296296296296 0.01875 0.026851851851851852
0 0.5408854166666667 0.5143518518518518 0.016145833333333335 0.023148148148148147
0 0.5502604166666667 0.5185185185185185 0.015104166666666667 0.025925925925925925
0 0.06796875 0.6208333333333333 0.10052083333333334 0.05277777777777778
