0 0.440625 0.5050925925925925 0.021875 0.03611111111111111
0 0.5481770833333334 0.5226851851851851 0.034895833333333334 0.05092592592592592
0 0.5838541666666667 0.5337962962962963 0.03958333333333333 0.07314814814814814
0 0.61484375 0.5439814814814815 0.0546875 0.09537037037037037
0 0.6473958333333333 0.5601851851851852 0.05416666666666667 0.13148148148148148
0 0.8260416666666667 0.46805555555555556 0.346875 0.9361111111111111
0 0.3888020833333333 0.5222222222222223 0.027604166666666666 0.05
0 0.2864583333333333 0.5449074074074074 0.05416666666666667 0.0712962962962963
0 0.20546875 0.5393518518518519 0.044270833333333336 0.03796296296296296
0 0.15885416666666666 0.5328703703703703 0.036458333333333336 0.028703703703703703
0 0.1390625 0.5324074074074074 0.04895833333333333 0.027777777777777776
0 0.11380208333333333 0.537962962962963 0.05677083333333333 0.03888888888888889
0 0.07057291666666667 0.5416666666666666 0.08072916666666667 0.06296296296296296
