2 0.51796875 0.3976851851851852 0.0109375 0.008333333333333333
2 0.5635416666666667 0.39861111111111114 0.011458333333333333 0.006481481481481481
3 0.70234375 0.4324074074074074 0.016145833333333335 0.037037037037037035
0 0.15260416666666668 0.3435185185185185 0.30520833333333336 0.6259259259259259
0 0.39609375 0.4601851851851852 0.26510416666666664 0.5296296296296297
1 0.5143229166666666 0.49537037037037035 0.008854166666666666 0.037037037037037035
0 0.5533854166666666 0.5013888888888889 0.025520833333333333 0.03611111111111111
0 0.5739583333333333 0.49583333333333335 0.027083333333333334 0.030555555555555555
0 0.58984375 0.5101851851851852 0.021354166666666667 0.04814814814814815
0 0.615625 0.5171296296296296 0.051041666666666666 0.06574074074074074
0 0.98046875 0.44907407407407407 0.03802083333333333 0.027777777777777776
