2 0.4583333333333333 0.27546296296296297 0.04479166666666667 0.025
3 0.38619791666666664 0.27314814814814814 0.0265625 0.04814814814814815
2 0.334375 0.29212962962962963 0.042708333333333334 0.021296296296296296
0 0.0625 0.600925925925926 0.08541666666666667 0.08148148148148149
0 0.11927083333333334 0.5481481481481482 0.065625 0.05925925925925926
0 0.14609375 0.5958333333333333 0.11510416666666666 0.11388888888888889
0 0.21666666666666667 0.5305555555555556 0.0875 0.053703703703703705
0 0.22473958333333333 0.5796296296296296 0.0671875 0.08518518518518518
0 0.25755208333333335 0.562037037037037 0.024479166666666666 0.03888888888888889
0 0.27395833333333336 0.5430555555555555 0.01875 0.026851851851851852
0 0.3234375 0.6013888888888889 0.146875 0.16574074074074074
0 0.3796875 0.5523148148148148 0.023958333333333335 0.041666666666666664
0 0.3953125 0.55 0.019791666666666666 0.037037037037037035
0 0.4317708333333333 0.5555555555555556 0.057291666666666664 0.08518518518518518
0 0.47109375 0.5462962962962963 0.0296875 0.046296296296296294
0 0.48932291666666666 0.5398148148148149 0.0203125 0.03148148148148148
0 0.5221354166666666 0.5513888888888889 0.04114583333333333 0.05277777777777778
1 0.6796875 0.5212962962962963 0.011458333333333333 0.05185185185185185
