2 0.48854166666666665 0.40324074074074073 0.01875 0.008333333333333333
2 0.5322916666666667 0.39675925925925926 0.01875 0.010185185185185186
2 0.52421875 0.4356481481481482 0.011979166666666667 0.004629629629629629
2 0.5463541666666667 0.43425925925925923 0.011458333333333333 0.005555555555555556
1 0.6708333333333333 0.5074074074074074 0.011458333333333333 0.05185185185185185
1 0.024739583333333332 0.4986111111111111 0.008854166666666666 0.04537037037037037
3 0.5158854166666667 0.39166666666666666 0.011979166666666667 0.020370370370370372
3 0.5036458333333333 0.39351851851851855 0.011458333333333333 0.020370370370370372
1 0.8927083333333333 0.5041666666666667 0.029166666666666667 0.08425925925925926
0 0.7854166666666667 0.6138888888888889 0.28020833333333334 0.31666666666666665
0 0.57890625 0.5263888888888889 0.0421875 0.062037037037037036
0 0.5411458333333333 0.5217592592592593 0.03125 0.03796296296296296
0 0.51484375 0.5083333333333333 0.0171875 0.027777777777777776
0 0.5236979166666667 0.49675925925925923 0.013020833333333334 0.03981481481481482
0 0.4627604166666667 0.5333333333333333 0.033854166666666664 0.05925925925925926
0 0.41171875 0.5402777777777777 0.08697916666666666 0.12685185185185185
0 0.353125 0.5324074074074074 0.04791666666666667 0.08333333333333333
0 0.28671875 0.5541666666666667 0.0953125 0.11018518518518519
0 0.21354166666666666 0.5421296296296296 0.052083333333333336 0.06574074074074074
0 0.18020833333333333 0.524537037037037 0.0375 0.04537037037037037
0 0.14895833333333333 0.5189814814814815 0.029166666666666667 0.032407407407407406
0 0.1328125 0.5402777777777777 0.041666666666666664 0.05277777777777778
0 0.09036458333333333 0.5439814814814815 0.08385416666666666 0.06574074074074074
0 0.025260416666666667 0.5615740740740741 0.050520833333333334 0.09351851851851851
0 0.06015625 0.5162037037037037 0.019270833333333334 0.030555555555555555
