0 0.10651041666666666 0.3675925925925926 0.21302083333333333 0.26481481481481484
0 0.10625 0.4935185185185185 0.2125 0.1925925925925926
0 0.14088541666666668 0.5939814814814814 0.28177083333333336 0.21388888888888888
0 0.26145833333333335 0.5254629629629629 0.06458333333333334 0.06574074074074074
0 0.33203125 0.4898148148148148 0.09739583333333333 0.08888888888888889
0 0.3338541666666667 0.5638888888888889 0.115625 0.12777777777777777
0 0.365625 0.5092592592592593 0.0375 0.03148148148148148
0 0.40859375 0.5333333333333333 0.049479166666666664 0.06666666666666667
0 0.4375 0.5263888888888889 0.027083333333333334 0.05092592592592592
0 0.446875 0.5194444444444445 0.022916666666666665 0.04259259259259259
0 0.4856770833333333 0.5365740740740741 0.05260416666666667 0.08425925925925926
0 0.5677083333333334 0.5342592592592592 0.057291666666666664 0.07222222222222222
0 0.67265625 0.5064814814814815 0.0359375 0.03148148148148148
0 0.7221354166666667 0.5143518518518518 0.03802083333333333 0.03796296296296296
0 0.77421875 0.5157407407407407 0.05364583333333333 0.04814814814814815
0 0.8572916666666667 0.5740740740740741 0.18645833333333334 0.19814814814814816
