0 0.3846354166666667 0.40370370370370373 0.0953125 0.053703703703703705
0 0.44765625 0.4217592592592593 0.0328125 0.03611111111111111
0 0.46901041666666665 0.38935185185185184 0.058854166666666666 0.062037037037037036
0 0.4588541666666667 0.45416666666666666 0.016666666666666666 0.06759259259259259
0 0.5494791666666666 0.5226851851851851 0.19583333333333333 0.32685185185185184
0 0.6393229166666666 0.4074074074074074 0.04739583333333333 0.12407407407407407
0 0.678125 0.42407407407407405 0.03229166666666667 0.06296296296296296
0 0.703125 0.42685185185185187 0.027083333333333334 0.044444444444444446
0 0.7174479166666666 0.4 0.03177083333333333 0.06851851851851852
0 0.8044270833333333 0.4023148148148148 0.17447916666666666 0.3490740740740741
0 0.9020833333333333 0.4337962962962963 0.027083333333333334 0.06388888888888888
0 0.9151041666666667 0.41805555555555557 0.03854166666666667 0.03981481481481482
0 0.9755208333333333 0.42314814814814816 0.040625 0.046296296296296294
0 0.97890625 0.4050925925925926 0.024479166666666666 0.023148148148148147
2 0.7046875 0.27314814814814814 0.022916666666666665 0.011111111111111112
3 0.73046875 0.2587962962962963 0.016145833333333335 0.03611111111111111
3 0.9408854166666667 0.3787037037037037 0.011979166666666667 0.024074074074074074
