0 0.38697916666666665 0.5185185185185185 0.028125 0.03333333333333333
0 0.25755208333333335 0.5370370370370371 0.08489583333333334 0.08518518518518518
0 0.019010416666666665 0.5083333333333333 0.033854166666666664 0.025925925925925925
0 0.4942708333333333 0.5087962962962963 0.019791666666666666 0.030555555555555555
0 0.5166666666666667 0.5087962962962963 0.017708333333333333 0.023148148148148147
0 0.5546875 0.5175925925925926 0.035416666666666666 0.046296296296296294
0 0.5739583333333333 0.5101851851851852 0.020833333333333332 0.03518518518518519
0 0.6768229166666667 0.5203703703703704 0.08802083333333334 0.09074074074074075
0 0.8716145833333333 0.5810185185185185 0.2557291666666667 0.23055555555555557
3 0.609375 0.31712962962962965 0.014583333333333334 0.026851851851851852
3 0.7763020833333333 0.17175925925925925 0.028645833333333332 0.05648148148148148
2 0.6692708333333334 0.17546296296296296 0.04895833333333333 0.028703703703703703
