2 0.42864583333333334 0.22546296296296298 0.0375 0.021296296296296296
2 0.5359375 0.22453703703703703 0.0375 0.021296296296296296
3 0.7333333333333333 0.37175925925925923 0.020833333333333332 0.04351851851851852
0 0.008333333333333333 0.5671296296296297 0.016666666666666666 0.07685185185185185
0 0.02578125 0.5412037037037037 0.050520833333333334 0.05277777777777778
0 0.04375 0.5564814814814815 0.05416666666666667 0.06481481481481481
0 0.07473958333333333 0.5125 0.0484375 0.03425925925925926
0 0.07473958333333333 0.5597222222222222 0.0765625 0.06574074074074074
0 0.11380208333333333 0.5537037037037037 0.028645833333333332 0.05
0 0.15208333333333332 0.5550925925925926 0.05520833333333333 0.05277777777777778
0 0.18098958333333334 0.5458333333333333 0.022395833333333334 0.032407407407407406
0 0.19869791666666667 0.5518518518518518 0.03802083333333333 0.040740740740740744
0 0.22682291666666668 0.549074074074074 0.022395833333333334 0.03888888888888889
0 0.25885416666666666 0.5541666666666667 0.053125 0.06018518518518518
0 0.2903645833333333 0.5476851851851852 0.0296875 0.05277777777777778
0 0.3046875 0.5435185185185185 0.029166666666666667 0.05185185185185185
0 0.321875 0.5425925925925926 0.014583333333333334 0.040740740740740744
0 0.35885416666666664 0.5486111111111112 0.036458333333333336 0.04722222222222222
1 0.5442708333333334 0.5342592592592592 0.005208333333333333 0.037037037037037035
