0 0.9682291666666667 0.5509259259259259 0.0625 0.10740740740740741
0 0.8583333333333333 0.5560185185185185 0.240625 0.15462962962962962
3 0.7817708333333333 0.39166666666666666 0.013541666666666667 0.027777777777777776
2 0.5986979166666667 0.3425925925925926 0.0328125 0.014814814814814815
0 0.5471354166666667 0.6481481481481481 0.09635416666666667 0.24444444444444444
1 0.5533854166666666 0.611574074074074 0.10572916666666667 0.28055555555555556
0 0.0067708333333333336 0.5689814814814815 0.013541666666666667 0.04537037037037037
0 0.029166666666666667 0.5143518518518518 0.058333333333333334 0.12314814814814815
0 0.13359375 0.549537037037037 0.1171875 0.06574074074074074
3 0.08385416666666666 0.36712962962962964 0.017708333333333333 0.032407407407407406
1 0.20859375 0.538425925925926 0.0067708333333333336 0.030555555555555555
0 0.26927083333333335 0.5402777777777777 0.036458333333333336 0.041666666666666664
0 0.30182291666666666 0.5375 0.0328125 0.03981481481481482
0 0.3229166666666667 0.5467592592592593 0.015625 0.032407407407407406
1 0.321875 0.5333333333333333 0.0125 0.044444444444444446
0 0.35182291666666665 0.5361111111111111 0.034895833333333334 0.03888888888888889
0 0.3692708333333333 0.5347222222222222 0.015625 0.03425925925925926
0 0.39088541666666665 0.5356481481481481 0.033854166666666664 0.03796296296296296
0 0.41015625 0.5337962962962963 0.0171875 0.032407407407407406
0 0.42213541666666665 0.5319444444444444 0.019270833333333334 0.030555555555555555
0 0.43723958333333335 0.5314814814814814 0.0203125 0.027777777777777776
0 0.3580729166666667 0.5106481481481482 0.044270833333333336 0.03425925925925926
0 0.39010416666666664 0.5097222222222222 0.026041666666666668 0.026851851851851852
