0 0.8494791666666667 0.5527777777777778 0.046875 0.046296296296296294
0 0.8216145833333334 0.5550925925925926 0.058854166666666666 0.05092592592592592
0 0.78671875 0.5587962962962963 0.049479166666666664 0.04537037037037037
0 0.775 0.5509259259259259 0.05 0.053703703703703705
0 0.6559895833333333 0.5527777777777778 0.018229166666666668 0.024074074074074074
3 0.7065104166666667 0.4462962962962963 0.021354166666666667 0.037037037037037035
0 0.5979166666666667 0.5625 0.035416666666666666 0.049074074074074076
0 0.5208333333333334 0.575 0.09375 0.12777777777777777
0 0.40677083333333336 0.5652777777777778 0.10104166666666667 0.13796296296296295
0 0.4622395833333333 0.5634259259259259 0.0203125 0.032407407407407406
0 0.34010416666666665 0.5685185185185185 0.028125 0.025925925925925925
2 0.5518229166666667 0.45740740740740743 0.0171875 0.007407407407407408
2 0.5138020833333333 0.45694444444444443 0.016145833333333335 0.006481481481481481
1 0.6182291666666667 0.5592592592592592 0.005208333333333333 0.025925925925925925
0 0.26119791666666664 0.5689814814814815 0.05677083333333333 0.032407407407407406
0 0.21536458333333333 0.562037037037037 0.021354166666666667 0.03148148148148148
0 0.16432291666666668 0.5587962962962963 0.04739583333333333 0.03611111111111111
0 0.11901041666666666 0.5611111111111111 0.0671875 0.037037037037037035
