2 0.5427083333333333 0.4074074074074074 0.020833333333333332 0.009259259259259259
2 0.5885416666666666 0.4074074074074074 0.020833333333333332 0.009259259259259259
2 0.63359375 0.40694444444444444 0.021354166666666667 0.010185185185185186
2 0.5622395833333333 0.45092592592592595 0.013020833333333334 0.005555555555555556
2 0.53203125 0.45092592592592595 0.011979166666666667 0.005555555555555556
3 0.5598958333333334 0.4 0.013541666666666667 0.024074074074074074
3 0.571875 0.3990740740740741 0.0125 0.024074074074074074
0 0.21953125 0.5458333333333333 0.043229166666666666 0.028703703703703703
0 0.39166666666666666 0.524537037037037 0.025 0.03611111111111111
0 0.45286458333333335 0.5453703703703704 0.0484375 0.07222222222222222
0 0.47604166666666664 0.5282407407407408 0.01875 0.032407407407407406
0 0.5260416666666666 0.5319444444444444 0.036458333333333336 0.03796296296296296
0 0.5893229166666667 0.5259259259259259 0.027604166666666666 0.03888888888888889
0 0.6330729166666667 0.5402777777777777 0.0421875 0.04722222222222222
0 0.7145833333333333 0.5 0.1375 0.07222222222222222
