0 0.4578125 0.5217592592592593 0.019791666666666666 0.026851851851851852
0 0.5114583333333333 0.5773148148148148 0.1125 0.16018518518518518
0 0.4395833333333333 0.5398148148148149 0.040625 0.05185185185185185
0 0.37421875 0.55 0.09635416666666667 0.13148148148148148
0 0.11692708333333333 0.662962962962963 0.23385416666666667 0.4685185185185185
3 0.45729166666666665 0.4101851851851852 0.0125 0.022222222222222223
3 0.49192708333333335 0.40879629629629627 0.011979166666666667 0.021296296296296296
3 0.5044270833333333 0.4074074074074074 0.011979166666666667 0.022222222222222223
3 0.5510416666666667 0.40555555555555556 0.0125 0.022222222222222223
0 0.7658854166666667 0.6055555555555555 0.23489583333333333 0.26666666666666666
3 0.6309895833333333 0.25601851851851853 0.03802083333333333 0.03981481481481482
0 0.30104166666666665 0.5425925925925926 0.023958333333333335 0.037037037037037035
