1 0.008854166666666666 0.5537037037037037 0.016666666666666666 0.08148148148148149
0 0.14739583333333334 0.5615740740740741 0.071875 0.0712962962962963
0 0.19817708333333334 0.5537037037037037 0.0484375 0.05925925925925926
0 0.24375 0.5291666666666667 0.05 0.08425925925925926
0 0.2890625 0.5407407407407407 0.035416666666666666 0.040740740740740744
0 0.32734375 0.524074074074074 0.04114583333333333 0.07407407407407407
0 0.40859375 0.5319444444444444 0.018229166666666668 0.04537037037037037
0 0.4315104166666667 0.5347222222222222 0.0421875 0.05462962962962963
0 0.459375 0.5194444444444445 0.020833333333333332 0.027777777777777776
0 0.5106770833333333 0.5388888888888889 0.06822916666666666 0.1
0 0.9028645833333333 0.663425925925926 0.19322916666666667 0.4527777777777778
3 0.5734375 0.1587962962962963 0.03958333333333333 0.06944444444444445
3 0.61796875 0.1648148148148148 0.049479166666666664 0.07962962962962963
2 0.49296875 0.4393518518518518 0.009895833333333333 0.006481481481481481
2 0.46432291666666664 0.44166666666666665 0.009895833333333333 0.007407407407407408
