0 0.020833333333333332 0.5393518518518519 0.041666666666666664 0.12129629629629629
0 0.0067708333333333336 0.4537037037037037 0.013541666666666667 0.04814814814814815
0 0.08489583333333334 0.5421296296296296 0.12395833333333334 0.12314814814814815
0 0.05130208333333333 0.5050925925925925 0.0296875 0.03981481481481482
0 0.15416666666666667 0.5324074074074074 0.023958333333333335 0.05925925925925926
0 0.19609375 0.5 0.09739583333333333 0.0962962962962963
0 0.21223958333333334 0.5259259259259259 0.0546875 0.05
0 0.1515625 0.5092592592592593 0.021875 0.022222222222222223
0 0.2713541666666667 0.49583333333333335 0.057291666666666664 0.062037037037037036
0 0.2713541666666667 0.5050925925925925 0.042708333333333334 0.041666666666666664
0 0.2755208333333333 0.5226851851851851 0.046875 0.049074074074074076
0 0.30390625 0.512962962962963 0.0265625 0.040740740740740744
0 0.34739583333333335 0.5074074074074074 0.025 0.03333333333333333
0 0.39010416666666664 0.5652777777777778 0.109375 0.14166666666666666
0 0.490625 0.5273148148148148 0.013541666666666667 0.041666666666666664
1 0.49166666666666664 0.5152777777777777 0.014583333333333334 0.041666666666666664
0 0.7013020833333333 0.5138888888888888 0.0515625 0.03333333333333333
0 0.7432291666666667 0.5120370370370371 0.021875 0.04259259259259259
0 0.7848958333333333 0.4962962962962963 0.065625 0.08333333333333333
1 0.9171875 0.47824074074074074 0.00625 0.028703703703703703
1 0.9369791666666667 0.4981481481481482 0.00625 0.04259259259259259
0 0.98671875 0.49398148148148147 0.025520833333333333 0.06388888888888888
