3 0.8315104166666667 0.37083333333333335 0.025520833333333333 0.04537037037037037
3 0.6625 0.3337962962962963 0.023958333333333335 0.03611111111111111
3 0.4822916666666667 0.4310185185185185 0.015625 0.03611111111111111
0 0.50546875 0.5222222222222223 0.0484375 0.09259259259259259
0 0.5921875 0.5458333333333333 0.07708333333333334 0.10833333333333334
1 0.7651041666666667 0.525 0.007291666666666667 0.05740740740740741
1 0.86796875 0.5180555555555556 0.009895833333333333 0.06388888888888888
0 0.97890625 0.5138888888888888 0.04114583333333333 0.07592592592592592
0 0.7627604166666667 0.524074074074074 0.0390625 0.05185185185185185
0 0.7122395833333334 0.5259259259259259 0.043229166666666666 0.03888888888888889
0 0.4440104166666667 0.5439814814814815 0.0265625 0.03796296296296296
0 0.3802083333333333 0.5412037037037037 0.034375 0.04537037037037037
0 0.30442708333333335 0.5171296296296296 0.07135416666666666 0.11018518518518519
0 0.26171875 0.5388888888888889 0.028645833333333332 0.05740740740740741
0 0.2296875 0.549074074074074 0.027083333333333334 0.04259259259259259
0 0.15651041666666668 0.5444444444444444 0.0484375 0.05185185185185185
0 0.0546875 0.5481481481481482 0.06770833333333333 0.05740740740740741
0 0.1140625 0.5472222222222223 0.025 0.037037037037037035
