0 0.5809895833333333 0.512962962962963 0.027604166666666666 0.040740740740740744
0 0.5908854166666667 0.5087962962962963 0.021354166666666667 0.04537037037037037
0 0.6169270833333333 0.5212962962962963 0.0359375 0.053703703703703705
0 0.6388020833333333 0.5074074074074074 0.0171875 0.03333333333333333
0 0.6484375 0.49675925925925923 0.06979166666666667 0.03981481481481482
0 0.66875 0.5143518518518518 0.028125 0.04351851851851852
1 0.7549479166666667 0.5115740740740741 0.0078125 0.062037037037037036
2 0.5934895833333333 0.44074074074074077 0.011979166666666667 0.005555555555555556
2 0.6294270833333333 0.4412037037037037 0.011979166666666667 0.006481481481481481
2 0.6197916666666666 0.45185185185185184 0.008333333333333333 0.005555555555555556
