0 0.25729166666666664 0.5625 0.16458333333333333 0.20277777777777778
0 0.021354166666666667 0.5393518518518519 0.042708333333333334 0.08055555555555556
0 0.42421875 0.5092592592592593 0.0546875 0.08148148148148149
0 0.44921875 0.5074074074074074 0.015104166666666667 0.06296296296296296
0 0.46536458333333336 0.5046296296296297 0.024479166666666666 0.040740740740740744
0 0.5049479166666667 0.5263888888888889 0.08072916666666667 0.11018518518518519
0 0.6059895833333333 0.513425925925926 0.0515625 0.06759259259259259
0 0.5729166666666666 0.4986111111111111 0.014583333333333334 0.021296296296296296
0 0.54375 0.4847222222222222 0.015625 0.03425925925925926
2 0.5057291666666667 0.4287037037037037 0.010416666666666666 0.005555555555555556
2 0.5268229166666667 0.42777777777777776 0.009895833333333333 0.005555555555555556
