0 0.4471354166666667 0.5189814814814815 0.04114583333333333 0.06018518518518518
0 0.46848958333333335 0.5106481481481482 0.0140625 0.032407407407407406
0 0.4986979166666667 0.5083333333333333 0.022395833333333334 0.03518518518518519
1 0.7158854166666667 0.49953703703703706 0.021354166666666667 0.1175925925925926
2 0.46067708333333335 0.42083333333333334 0.0109375 0.006481481481481481
2 0.4908854166666667 0.4185185185185185 0.0109375 0.007407407407407408
2 0.44635416666666666 0.4597222222222222 0.00625 0.004629629629629629
2 0.4309895833333333 0.46111111111111114 0.0078125 0.005555555555555556
2 0.4401041666666667 0.46064814814814814 0.005208333333333333 0.004629629629629629
1 0.5609375 0.500462962962963 0.004166666666666667 0.023148148148148147
