0 0.5002604166666667 0.525 0.1046875 0.13703703703703704
0 0.546875 0.4699074074074074 0.026041666666666668 0.06388888888888888
0 0.5580729166666667 0.4597222222222222 0.0234375 0.05648148148148148
0 0.571875 0.48148148148148145 0.025 0.03148148148148148
0 0.6109375 0.4791666666666667 0.0375 0.06018518518518518
0 0.6627604166666666 0.4930555555555556 0.04635416666666667 0.06574074074074074
0 0.684375 0.45925925925925926 0.06979166666666667 0.10555555555555556
0 0.45546875 0.4810185185185185 0.018229166666666668 0.025
0 0.42916666666666664 0.487962962962963 0.030208333333333334 0.04259259259259259
0 0.384375 0.5009259259259259 0.058333333333333334 0.07592592592592592
