3 0.5638020833333334 0.3875 0.016145833333333335 0.028703703703703703
3 0.6643229166666667 0.22592592592592592 0.0265625 0.05555555555555555
3 0.07083333333333333 0.2324074074074074 0.03333333333333333 0.06851851851851852
0 0.11223958333333334 0.5412037037037037 0.0171875 0.023148148148148147
0 0.15286458333333333 0.537962962962963 0.013020833333333334 0.024074074074074074
0 0.15963541666666667 0.5407407407407407 0.013020833333333334 0.025925925925925925
0 0.17005208333333333 0.5435185185185185 0.016145833333333335 0.04259259259259259
0 0.19270833333333334 0.5486111111111112 0.041666666666666664 0.062037037037037036
3 0.22838541666666667 0.46064814814814814 0.0140625 0.026851851851851852
0 0.28072916666666664 0.5523148148148148 0.11354166666666667 0.07314814814814814
0 0.4856770833333333 0.5180555555555556 0.016145833333333335 0.03981481481481482
0 0.51640625 0.5449074074074074 0.07135416666666666 0.10092592592592593
0 0.5440104166666667 0.5152777777777777 0.015104166666666667 0.03796296296296296
0 0.9346354166666667 0.5513888888888889 0.1296875 0.2601851851851852
1 0.41328125 0.5162037037037037 0.0067708333333333336 0.025
1 0.559375 0.5087962962962963 0.00625 0.04351851851851852
1 0.590625 0.5152777777777777 0.008333333333333333 0.05092592592592592
1 0.7515625 0.5194444444444445 0.025 0.09814814814814815
