0 0.2421875 0.5296296296296297 0.057291666666666664 0.053703703703703705
0 0.5552083333333333 0.48564814814814816 0.030208333333333334 0.06018518518518518
0 0.5559895833333334 0.5097222222222222 0.0171875 0.03796296296296296
0 0.5919270833333333 0.5296296296296297 0.07760416666666667 0.11481481481481481
0 0.6390625 0.4935185185185185 0.027083333333333334 0.037037037037037035
0 0.65859375 0.4875 0.019270833333333334 0.032407407407407406
0 0.6854166666666667 0.5175925925925926 0.07291666666666667 0.08703703703703704
0 0.7763020833333333 0.48333333333333334 0.0921875 0.08518518518518518
0 0.9106770833333333 0.45555555555555555 0.17760416666666667 0.1685185185185185
3 0.740625 0.35462962962962963 0.013541666666666667 0.027777777777777776
3 0.6411458333333333 0.43333333333333335 0.022916666666666665 0.025925925925925925
2 0.5375 0.47638888888888886 0.004166666666666667 0.004629629629629629
2 0.5294270833333333 0.47685185185185186 0.0046875 0.003703703703703704
2 0.5192708333333333 0.47685185185185186 0.005208333333333333 0.003703703703703704
