0 0.24088541666666666 0.5310185185185186 0.14427083333333332 0.23796296296296296
0 0.3734375 0.5925925925925926 0.17395833333333333 0.2
0 0.48020833333333335 0.5305555555555556 0.016666666666666666 0.025925925925925925
0 0.5072916666666667 0.5375 0.04583333333333333 0.06759259259259259
0 0.5416666666666666 0.5291666666666667 0.027083333333333334 0.03796296296296296
0 0.5645833333333333 0.5273148148148148 0.020833333333333332 0.030555555555555555
0 0.80625 0.5842592592592593 0.16458333333333333 0.19814814814814816
0 0.9015625 0.5356481481481481 0.08125 0.08055555555555556
0 0.9638020833333333 0.537962962962963 0.015104166666666667 0.040740740740740744
2 0.51328125 0.3421296296296296 0.024479166666666666 0.01574074074074074
2 0.5838541666666667 0.3398148148148148 0.025 0.016666666666666666
3 0.5395833333333333 0.3277777777777778 0.017708333333333333 0.037037037037037035
3 0.55703125 0.31296296296296294 0.0203125 0.03333333333333333
3 0.60546875 0.325 0.0203125 0.03518518518518519
1 0.7174479166666666 0.5310185185185186 0.027604166666666666 0.04351851851851852
2 0.5294270833333333 0.4550925925925926 0.009895833333333333 0.006481481481481481
2 0.5559895833333334 0.4546296296296296 0.008854166666666666 0.005555555555555556
