0 0.20885416666666667 0.5671296296296297 0.06770833333333333 0.08796296296296297
0 0.24088541666666666 0.5578703703703703 0.025520833333333333 0.06944444444444445
0 0.24322916666666666 0.5481481481481482 0.034375 0.06111111111111111
0 0.26197916666666665 0.5157407407407407 0.04895833333333333 0.07222222222222222
0 0.29739583333333336 0.5361111111111111 0.026041666666666668 0.02962962962962963
0 0.33151041666666664 0.5361111111111111 0.033854166666666664 0.04259259259259259
1 0.4125 0.5199074074074074 0.008333333333333333 0.032407407407407406
0 0.4395833333333333 0.5402777777777777 0.035416666666666666 0.04722222222222222
0 0.4786458333333333 0.5361111111111111 0.05625 0.06851851851851852
0 0.5729166666666666 0.5546296296296296 0.04895833333333333 0.09444444444444444
0 0.6346354166666667 0.5518518518518518 0.11510416666666666 0.1425925925925926
0 0.7223958333333333 0.5768518518518518 0.13854166666666667 0.17222222222222222
0 0.8802083333333334 0.5986111111111111 0.23854166666666668 0.3101851851851852
