0 0.03229166666666667 0.625 0.06458333333333334 0.17037037037037037
0 0.04453125 0.5412037037037037 0.0890625 0.10833333333333334
0 0.1671875 0.5578703703703703 0.035416666666666666 0.03796296296296296
0 0.19947916666666668 0.5597222222222222 0.0625 0.05092592592592592
0 0.2984375 0.5731481481481482 0.084375 0.09814814814814815
0 0.3497395833333333 0.5351851851851852 0.028645833333333332 0.03148148148148148
0 0.3828125 0.5842592592592593 0.11145833333333334 0.1259259259259259
0 0.5328125 0.5958333333333333 0.15 0.22870370370370371
2 0.23880208333333333 0.19166666666666668 0.059895833333333336 0.025925925925925925
2 0.3729166666666667 0.18703703703703703 0.06041666666666667 0.027777777777777776
3 0.42552083333333335 0.16111111111111112 0.03854166666666667 0.06666666666666667
2 0.6486979166666667 0.5074074074074074 0.008854166666666666 0.005555555555555556
2 0.6302083333333334 0.5078703703703704 0.009375 0.004629629629629629
