1 0.16588541666666667 0.524537037037037 0.016145833333333335 0.03981481481481482
1 0.14791666666666667 0.5314814814814814 0.010416666666666666 0.027777777777777776
0 0.3328125 0.5541666666666667 0.05416666666666667 0.06388888888888888
0 0.39453125 0.538425925925926 0.03802083333333333 0.05277777777777778
0 0.5015625 0.5717592592592593 0.09583333333333334 0.14722222222222223
0 0.5033854166666667 0.4777777777777778 0.0546875 0.04814814814814815
2 0.49921875 0.4486111111111111 0.009895833333333333 0.004629629629629629
1 0.57265625 0.5231481481481481 0.005729166666666666 0.05
0 0.5536458333333333 0.5199074074074074 0.03229166666666667 0.06944444444444445
1 0.6197916666666666 0.5185185185185185 0.009375 0.05185185185185185
3 0.625 0.4550925925925926 0.014583333333333334 0.026851851851851852
1 0.6838541666666667 0.5231481481481481 0.013541666666666667 0.06666666666666667
1 0.7286458333333333 0.525 0.021875 0.09074074074074075
0 0.8442708333333333 0.49027777777777776 0.19791666666666666 0.225
