0 0.15833333333333333 0.5194444444444445 0.027083333333333334 0.025925925925925925
0 0.1890625 0.5166666666666667 0.03229166666666667 0.027777777777777776
0 0.21015625 0.5148148148148148 0.016145833333333335 0.025925925925925925
0 0.29296875 0.5351851851851852 0.0734375 0.07962962962962963
0 0.38776041666666666 0.5458333333333333 0.10364583333333334 0.14166666666666666
0 0.4421875 0.5069444444444444 0.023958333333333335 0.03611111111111111
0 0.48671875 0.5046296296296297 0.0203125 0.027777777777777776
0 0.5705729166666667 0.5055555555555555 0.022395833333333334 0.046296296296296294
0 0.5927083333333333 0.49953703703703706 0.03125 0.030555555555555555
0 0.5854166666666667 0.5175925925925926 0.04375 0.05185185185185185
0 0.55859375 0.5013888888888889 0.013020833333333334 0.032407407407407406
