2 0.5057291666666667 0.36574074074074076 0.020833333333333332 0.011111111111111112
3 0.10130208333333333 0.4050925925925926 0.021354166666666667 0.03796296296296296
2 0.5518229166666667 0.43703703703703706 0.005729166666666666 0.007407407407407408
1 0.57109375 0.5370370370370371 0.0067708333333333336 0.046296296296296294
1 0.61171875 0.5268518518518519 0.0067708333333333336 0.03888888888888889
1 0.47161458333333334 0.5421296296296296 0.008854166666666666 0.04351851851851852
0 0.5119791666666667 0.5625 0.06770833333333333 0.08981481481481482
0 0.5372395833333333 0.5180555555555556 0.05677083333333333 0.11944444444444445
0 0.4278645833333333 0.5166666666666667 0.07760416666666667 0.1388888888888889
0 0.4747395833333333 0.5361111111111111 0.0171875 0.04814814814814815
