0 0.04895833333333333 0.6513888888888889 0.09791666666666667 0.16018518518518518
0 0.11223958333333334 0.638425925925926 0.0859375 0.13055555555555556
1 0.26067708333333334 0.5722222222222222 0.013020833333333334 0.03333333333333333
1 0.2953125 0.662962962962963 0.121875 0.37037037037037035
1 0.6549479166666666 0.5708333333333333 0.021354166666666667 0.1175925925925926
1 0.6729166666666667 0.5796296296296296 0.025 0.13703703703703704
1 0.8549479166666667 0.6875 0.05260416666666667 0.35462962962962963
1 0.8752604166666667 0.6773148148148148 0.050520833333333334 0.3416666666666667
0 0.559375 0.5967592592592592 0.020833333333333332 0.05277777777777778
0 0.53984375 0.5763888888888888 0.0234375 0.032407407407407406
0 0.5041666666666667 0.5740740740740741 0.025 0.027777777777777776
0 0.43697916666666664 0.5763888888888888 0.035416666666666666 0.023148148148148147
0 0.48020833333333335 0.575 0.0125 0.024074074074074074
3 0.4666666666666667 0.425462962962963 0.0125 0.023148148148148147
3 0.59140625 0.4671296296296296 0.016145833333333335 0.030555555555555555
3 0.7838541666666666 0.42268518518518516 0.01875 0.03611111111111111
3 0.7755208333333333 0.09722222222222222 0.084375 0.15
1 0.6356770833333333 0.5768518518518518 0.015104166666666667 0.09074074074074075
2 0.4940104166666667 0.5300925925925926 0.008854166666666666 0.004629629629629629
2 0.50546875 0.5282407407407408 0.008854166666666666 0.004629629629629629
