3 0.57578125 0.05462962962962963 0.049479166666666664 0.08333333333333333
3 0.4083333333333333 0.04398148148148148 0.03958333333333333 0.08796296296296297
2 0.4981770833333333 0.07916666666666666 0.07760416666666667 0.03611111111111111
2 0.3328125 0.08842592592592592 0.07604166666666666 0.03796296296296296
3 0.23072916666666668 0.5402777777777777 0.0125 0.025
1 0.9927083333333333 0.5731481481481482 0.013541666666666667 0.2111111111111111
1 0.8674479166666667 0.5782407407407407 0.0296875 0.18055555555555555
1 0.7296875 0.5351851851851852 0.01875 0.10925925925925926
0 0.6765625 0.5287037037037037 0.04791666666666667 0.06111111111111111
0 0.5614583333333333 0.5351851851851852 0.051041666666666666 0.05925925925925926
0 0.4752604166666667 0.6013888888888889 0.14739583333333334 0.20462962962962963
0 0.04791666666666667 0.5893518518518519 0.09583333333333334 0.14722222222222223
0 0.21979166666666666 0.5569444444444445 0.07708333333333334 0.08055555555555556
0 0.3341145833333333 0.5458333333333333 0.050520833333333334 0.06574074074074074
0 0.3138020833333333 0.5388888888888889 0.0359375 0.05925925925925926
0 0.3572916666666667 0.5361111111111111 0.013541666666666667 0.04259259259259259
0 0.39036458333333335 0.5333333333333333 0.0234375 0.02962962962962963
0 0.4171875 0.5300925925925926 0.015625 0.023148148148148147
0 0.36666666666666664 0.5300925925925926 0.014583333333333334 0.023148148148148147
