0 0.021614583333333333 0.5532407407407407 0.03697916666666667 0.0712962962962963
0 0.06536458333333334 0.5458333333333333 0.06614583333333333 0.0787037037037037
0 0.15859375 0.5115740740740741 0.0921875 0.14351851851851852
0 0.2604166666666667 0.5370370370370371 0.04895833333333333 0.05555555555555555
0 0.24244791666666668 0.5175925925925926 0.04114583333333333 0.05740740740740741
0 0.2908854166666667 0.525 0.0265625 0.03518518518518519
0 0.33203125 0.5078703703703704 0.03697916666666667 0.06759259259259259
0 0.30625 0.5097222222222222 0.021875 0.04351851851851852
0 0.37473958333333335 0.5180555555555556 0.013020833333333334 0.021296296296296296
0 0.44895833333333335 0.537962962962963 0.052083333333333336 0.07777777777777778
0 0.6033854166666667 0.538425925925926 0.0640625 0.0824074074074074
0 0.56640625 0.5162037037037037 0.0296875 0.03981481481481482
0 0.7515625 0.5092592592592593 0.07291666666666667 0.08703703703703704
0 0.8184895833333333 0.5023148148148148 0.0703125 0.07314814814814814
0 0.8466145833333333 0.48935185185185187 0.04114583333333333 0.05462962962962963
0 0.8669270833333333 0.48564814814814816 0.03177083333333333 0.04722222222222222
0 0.8705729166666667 0.47175925925925927 0.0578125 0.04722222222222222
0 0.6736979166666667 0.5013888888888889 0.043229166666666666 0.03611111111111111
0 0.9885416666666667 0.47129629629629627 0.021875 0.05925925925925926
0 0.8763020833333334 0.48055555555555557 0.03177083333333333 0.040740740740740744
3 0.7265625 0.4476851851851852 0.01875 0.032407407407407406
