3 0.7947916666666667 0.39861111111111114 0.023958333333333335 0.04351851851851852
3 0.784375 0.43287037037037035 0.019791666666666666 0.030555555555555555
0 0.6473958333333333 0.32222222222222224 0.05625 0.024074074074074074
0 0.3372395833333333 0.3111111111111111 0.1046875 0.04259259259259259
0 0.7854166666666667 0.31712962962962965 0.03333333333333333 0.030555555555555555
0 0.06354166666666666 0.3212962962962963 0.08541666666666667 0.04259259259259259
0 0.27005208333333336 0.41064814814814815 0.10364583333333334 0.09351851851851851
0 0.5088541666666667 0.5157407407407407 0.11041666666666666 0.16666666666666666
0 0.5979166666666667 0.45925925925925926 0.03229166666666667 0.06296296296296296
0 0.6635416666666667 0.49675925925925923 0.078125 0.11944444444444445
