3 0.66015625 0.45 0.0171875 0.03148148148148148
0 0.14010416666666667 0.6129629629629629 0.2791666666666667 0.29444444444444445
0 0.43723958333333335 0.5148148148148148 0.0515625 0.06666666666666667
0 0.46171875 0.5041666666666667 0.018229166666666668 0.03611111111111111
0 0.5296875 0.5425925925925926 0.08020833333333334 0.10925925925925926
1 0.6091145833333333 0.5074074074074074 0.0078125 0.03148148148148148
1 0.61484375 0.5 0.0067708333333333336 0.02962962962962963
1 0.6197916666666666 0.5055555555555555 0.010416666666666666 0.03148148148148148
1 0.63828125 0.5027777777777778 0.005729166666666666 0.05555555555555555
1 0.6434895833333333 0.4981481481481482 0.0046875 0.040740740740740744
