2 0.6239583333333333 0.16111111111111112 0.058333333333333334 0.025925925925925925
2 0.4861979166666667 0.1597222222222222 0.058854166666666666 0.025
3 0.53828125 0.1425925925925926 0.0359375 0.06481481481481481
3 0.5752604166666667 0.1412037037037037 0.0359375 0.06574074074074074
3 0.6963541666666667 0.4625 0.016666666666666666 0.026851851851851852
1 0.6283854166666667 0.49675925925925923 0.005729166666666666 0.023148148148148147
0 0.14869791666666668 0.5310185185185186 0.016145833333333335 0.05648148148148148
0 0.17526041666666667 0.5328703703703703 0.0640625 0.07314814814814814
0 0.24635416666666668 0.5236111111111111 0.023958333333333335 0.05277777777777778
0 0.36770833333333336 0.43333333333333335 0.24270833333333333 0.55
0 0.5171875 0.5032407407407408 0.030208333333333334 0.041666666666666664
0 0.49270833333333336 0.4962962962962963 0.020833333333333332 0.03333333333333333
0 0.5153645833333333 0.47638888888888886 0.0234375 0.03425925925925926
