0 0.5447916666666667 0.5375 0.08541666666666667 0.11574074074074074
0 0.51640625 0.47314814814814815 0.0609375 0.13703703703703704
0 0.46328125 0.46620370370370373 0.021354166666666667 0.03425925925925926
0 0.45390625 0.47314814814814815 0.024479166666666666 0.037037037037037035
0 0.42552083333333335 0.4444444444444444 0.028125 0.03148148148148148
0 0.42994791666666665 0.4740740740740741 0.033854166666666664 0.04814814814814815
0 0.4075520833333333 0.4824074074074074 0.0390625 0.046296296296296294
0 0.4015625 0.46064814814814814 0.021875 0.023148148148148147
0 0.35989583333333336 0.4666666666666667 0.071875 0.11296296296296296
0 0.2625 0.45416666666666666 0.020833333333333332 0.03981481481481482
0 0.28203125 0.4828703703703704 0.09635416666666667 0.1287037037037037
0 0.19661458333333334 0.4935185185185185 0.0734375 0.07222222222222222
0 0.13854166666666667 0.5342592592592592 0.140625 0.12407407407407407
0 0.05572916666666667 0.5023148148148148 0.11145833333333334 0.11944444444444445
0 0.005989583333333334 0.4810185185185185 0.011979166666666667 0.058333333333333334
0 0.09192708333333334 0.45601851851851855 0.0484375 0.03796296296296296
