1 0.8651041666666667 0.5449074074074074 0.046875 0.08796296296296297
0 0.6734375 0.587037037037037 0.075 0.19814814814814816
0 0.7640625 0.6 0.0875 0.25
1 0.16666666666666666 0.524074074074074 0.026041666666666668 0.14629629629629629
0 0.31536458333333334 0.5305555555555556 0.04739583333333333 0.07222222222222222
0 0.4432291666666667 0.6087962962962963 0.22604166666666667 0.3287037037037037
0 0.55078125 0.5217592592592593 0.05572916666666667 0.0824074074074074
3 0.6182291666666667 0.4013888888888889 0.017708333333333333 0.030555555555555555
3 0.6333333333333333 0.4027777777777778 0.015625 0.02962962962962963
3 0.7177083333333333 0.2912037037037037 0.04479166666666667 0.06944444444444445
1 0.6278645833333333 0.5060185185185185 0.008854166666666666 0.04537037037037037
1 0.625 0.5046296296296297 0.004166666666666667 0.044444444444444446
