0 0.56953125 0.5467592592592593 0.0546875 0.06944444444444445
0 0.5302083333333333 0.5305555555555556 0.0375 0.06481481481481481
0 0.10182291666666667 0.5675925925925925 0.20364583333333333 0.14444444444444443
0 0.21276041666666667 0.5578703703703703 0.0546875 0.10092592592592593
0 0.2609375 0.5486111111111112 0.06354166666666666 0.08055555555555556
0 0.30911458333333336 0.5319444444444444 0.03177083333333333 0.025
1 0.7591145833333334 0.5370370370370371 0.021354166666666667 0.1111111111111111
3 0.6338541666666667 0.45092592592592595 0.015625 0.03148148148148148
2 0.45859375 0.4652777777777778 0.008854166666666666 0.004629629629629629
2 0.43411458333333336 0.4652777777777778 0.008854166666666666 0.004629629629629629
0 0.4901041666666667 0.5203703703703704 0.03125 0.020370370370370372
0 0.4049479166666667 0.5287037037037037 0.021354166666666667 0.024074074074074074
0 0.41796875 0.525 0.018229166666666668 0.020370370370370372
