3 0.9479166666666666 0.3375 0.07291666666666667 0.14351851851851852
2 0.7611979166666667 0.23703703703703705 0.033854166666666664 0.018518518518518517
3 0.5473958333333333 0.2449074074074074 0.030208333333333334 0.06759259259259259
2 0.5005208333333333 0.26481481481481484 0.04375 0.020370370370370372
3 0.45390625 0.2439814814814815 0.0265625 0.04537037037037037
3 0.37552083333333336 0.26481481481481484 0.026041666666666668 0.04814814814814815
2 0.41354166666666664 0.27314814814814814 0.04479166666666667 0.027777777777777776
2 0.32526041666666666 0.2810185185185185 0.0453125 0.021296296296296296
0 0.13854166666666667 0.687962962962963 0.27708333333333335 0.4722222222222222
0 0.04739583333333333 0.4046296296296296 0.09479166666666666 0.06851851851851852
0 0.20546875 0.5259259259259259 0.033854166666666664 0.05185185185185185
0 0.25885416666666666 0.5074074074074074 0.052083333333333336 0.07407407407407407
0 0.28567708333333336 0.5402777777777777 0.0859375 0.10277777777777777
0 0.3723958333333333 0.562037037037037 0.128125 0.14629629629629629
0 0.46067708333333335 0.5333333333333333 0.043229166666666666 0.07592592592592592
0 0.5486979166666667 0.5837962962962963 0.17239583333333333 0.2675925925925926
2 0.4981770833333333 0.40046296296296297 0.019270833333333334 0.010185185185185186
2 0.5419270833333333 0.40046296296296297 0.019270833333333334 0.010185185185185186
0 0.6247395833333333 0.5166666666666667 0.0140625 0.024074074074074074
2 0.6515625 0.38055555555555554 0.0125 0.06111111111111111
0 0.43723958333333335 0.5208333333333334 0.019270833333333334 0.025
