0 0.07109375 0.6481481481481481 0.1421875 0.22962962962962963
0 0.29661458333333335 0.6106481481481482 0.16614583333333333 0.21203703703703702
0 0.42473958333333334 0.5634259259259259 0.058854166666666666 0.0787037037037037
0 0.4518229166666667 0.5518518518518518 0.022395833333333334 0.053703703703703705
0 0.5018229166666667 0.5481481481481482 0.033854166666666664 0.044444444444444446
0 0.48359375 0.5416666666666666 0.015104166666666667 0.03333333333333333
0 0.8752604166666667 0.5601851851851852 0.24635416666666668 0.23703703703703705
2 0.39869791666666665 0.46064814814814814 0.0140625 0.008333333333333333
2 0.5166666666666667 0.46805555555555556 0.013541666666666667 0.008333333333333333
3 0.575 0.47175925925925927 0.017708333333333333 0.032407407407407406
0 0.521875 0.5388888888888889 0.014583333333333334 0.022222222222222223
