2 0.5416666666666666 0.3861111111111111 0.017708333333333333 0.009259259259259259
2 0.5799479166666667 0.38287037037037036 0.0171875 0.008333333333333333
2 0.5341145833333333 0.4074074074074074 0.0140625 0.007407407407407408
2 0.5640625 0.4064814814814815 0.015625 0.005555555555555556
0 0.5049479166666667 0.5064814814814815 0.033854166666666664 0.04814814814814815
0 0.4434895833333333 0.5027777777777778 0.0359375 0.05185185185185185
0 0.2557291666666667 0.4847222222222222 0.06666666666666667 0.12314814814814815
0 0.15833333333333333 0.5037037037037037 0.08333333333333333 0.03148148148148148
0 0.013541666666666667 0.513425925925926 0.027083333333333334 0.03425925925925926
0 0.009375 0.49074074074074076 0.01875 0.025925925925925925
