0 0.34140625 0.5370370370370371 0.1109375 0.13703703703703704
0 0.5041666666666667 0.49212962962962964 0.015625 0.023148148148148147
3 0.5674479166666667 0.4212962962962963 0.0140625 0.022222222222222223
3 0.56796875 0.44583333333333336 0.015104166666666667 0.025
0 0.54765625 0.5097222222222222 0.027604166666666666 0.06018518518518518
0 0.5736979166666667 0.5157407407407407 0.050520833333333334 0.07592592592592592
0 0.5856770833333333 0.5291666666666667 0.05364583333333333 0.08611111111111111
0 0.6377604166666667 0.5328703703703703 0.07760416666666667 0.12314814814814815
0 0.6747395833333333 0.5574074074074075 0.10052083333333334 0.14814814814814814
0 0.7716145833333333 0.5958333333333333 0.2109375 0.21944444444444444
0 0.5356770833333333 0.4976851851851852 0.013020833333333334 0.028703703703703703
