1 0.19114583333333332 0.562037037037037 0.026041666666666668 0.25
2 0.39036458333333335 0.3638888888888889 0.019270833333333334 0.012962962962962963
2 0.5234375 0.38842592592592595 0.015625 0.008333333333333333
2 0.5705729166666667 0.38796296296296295 0.016145833333333335 0.011111111111111112
2 0.6182291666666667 0.3875 0.016666666666666666 0.010185185185185186
3 0.62578125 0.39305555555555555 0.013020833333333334 0.023148148148148147
0 0.6208333333333333 0.5412037037037037 0.08854166666666667 0.12314814814814815
1 0.8596354166666667 0.5185185185185185 0.015104166666666667 0.07407407407407407
1 0.8375 0.5138888888888888 0.013541666666666667 0.05185185185185185
0 0.8416666666666667 0.5342592592592592 0.023958333333333335 0.05
0 0.7895833333333333 0.5347222222222222 0.027083333333333334 0.058333333333333334
0 0.9729166666666667 0.5708333333333333 0.053125 0.30277777777777776
0 0.5138020833333333 0.512962962962963 0.050520833333333334 0.09814814814814815
3 0.41015625 0.3560185185185185 0.015104166666666667 0.026851851851851852
0 0.10130208333333333 0.45231481481481484 0.20260416666666667 0.3453703703703704
0 0.5716145833333334 0.5217592592592593 0.022395833333333334 0.028703703703703703
