0 0.03229166666666667 0.4962962962962963 0.06458333333333334 0.12962962962962962
0 0.17395833333333333 0.4898148148148148 0.071875 0.06481481481481481
0 0.18333333333333332 0.5546296296296296 0.115625 0.13518518518518519
0 0.29635416666666664 0.586574074074074 0.18541666666666667 0.20462962962962963
0 0.3765625 0.5398148148148149 0.041666666666666664 0.07407407407407407
0 0.40677083333333336 0.5226851851851851 0.04791666666666667 0.04351851851851852
0 0.4393229166666667 0.5268518518518519 0.019270833333333334 0.03888888888888889
0 0.40729166666666666 0.5342592592592592 0.030208333333333334 0.02962962962962963
0 0.4518229166666667 0.5421296296296296 0.028645833333333332 0.075
0 0.5466145833333333 0.5990740740740741 0.20572916666666666 0.31296296296296294
2 0.35208333333333336 0.27824074074074073 0.040625 0.019444444444444445
2 0.44479166666666664 0.27824074074074073 0.040625 0.017592592592592594
3 0.48072916666666665 0.262037037037037 0.026041666666666668 0.044444444444444446
2 0.66875 0.4930555555555556 0.008333333333333333 0.004629629629629629
