0 0.024479166666666666 0.5402777777777777 0.04895833333333333 0.13055555555555556
1 0.20833333333333334 0.524074074074074 0.005208333333333333 0.024074074074074074
0 0.27786458333333336 0.5083333333333333 0.0171875 0.022222222222222223
1 0.32864583333333336 0.5148148148148148 0.007291666666666667 0.05925925925925926
1 0.3385416666666667 0.5106481481481482 0.009375 0.06574074074074074
1 0.3515625 0.5111111111111111 0.0125 0.05555555555555555
1 0.6622395833333333 0.5 0.0109375 0.03333333333333333
3 0.027604166666666666 0.16064814814814815 0.021875 0.05462962962962963
3 0.06354166666666666 0.1310185185185185 0.053125 0.11574074074074074
3 0.04453125 0.19166666666666668 0.018229166666666668 0.03333333333333333
2 0.07317708333333334 0.18703703703703703 0.030729166666666665 0.03148148148148148
3 0.3796875 0.37175925925925923 0.0375 0.07685185185185185
3 0.37994791666666666 0.43657407407407406 0.034895833333333334 0.05462962962962963
2 0.15416666666666667 0.43796296296296294 0.009375 0.007407407407407408
2 0.13125 0.4388888888888889 0.010416666666666666 0.007407407407407408
