3 0.8125 0.37453703703703706 0.01875 0.03425925925925926
2 0.5059895833333333 0.4398148148148148 0.0067708333333333336 0.005555555555555556
2 0.51953125 0.4388888888888889 0.0078125 0.005555555555555556
2 0.5354166666666667 0.43842592592592594 0.007291666666666667 0.004629629629629629
0 0.39791666666666664 0.4759259259259259 0.021875 0.046296296296296294
0 0.3802083333333333 0.47824074074074074 0.016666666666666666 0.03981481481481482
0 0.26171875 0.48842592592592593 0.0390625 0.03981481481481482
0 0.228125 0.49907407407407406 0.028125 0.02962962962962963
0 0.21432291666666667 0.4986111111111111 0.0203125 0.028703703703703703
0 0.17395833333333333 0.4962962962962963 0.057291666666666664 0.044444444444444446
0 0.11354166666666667 0.4513888888888889 0.128125 0.15648148148148147
0 0.016666666666666666 0.5050925925925925 0.03333333333333333 0.06759259259259259
