2 0.48098958333333336 0.25324074074074077 0.030729166666666665 0.017592592592592594
2 0.5708333333333333 0.25416666666666665 0.03125 0.017592592592592594
0 0.14453125 0.538425925925926 0.11510416666666666 0.10833333333333334
0 0.3528645833333333 0.49722222222222223 0.034895833333333334 0.02962962962962963
0 0.36796875 0.487962962962963 0.05364583333333333 0.044444444444444446
0 0.4609375 0.4824074074074074 0.021875 0.046296296296296294
0 0.5513020833333333 0.48657407407407405 0.021354166666666667 0.023148148148148147
0 0.5705729166666667 0.5254629629629629 0.05260416666666667 0.0712962962962963
3 0.6932291666666667 0.4305555555555556 0.017708333333333333 0.03888888888888889
0 0.7174479166666666 0.5111111111111111 0.024479166666666666 0.05185185185185185
0 0.790625 0.5361111111111111 0.025 0.07592592592592592
0 0.8221354166666667 0.4976851851851852 0.043229166666666666 0.049074074074074076
0 0.89296875 0.5185185185185185 0.19635416666666666 0.14814814814814814
2 0.5106770833333333 0.3675925925925926 0.016145833333333335 0.009259259259259259
2 0.5653645833333333 0.3685185185185185 0.015104166666666667 0.009259259259259259
2 0.52421875 0.3990740740740741 0.011979166666666667 0.007407407407407408
2 0.50546875 0.4162037037037037 0.008854166666666666 0.006481481481481481
2 0.5080729166666667 0.4236111111111111 0.0067708333333333336 0.004629629629629629
0 0.7322916666666667 0.5092592592592593 0.035416666666666666 0.05
0 0.7651041666666667 0.5115740740740741 0.07708333333333334 0.062037037037037036
