3 0.5135416666666667 0.037037037037037035 0.034375 0.07407407407407407
3 0.74296875 0.050462962962962966 0.0421875 0.07685185185185185
2 0.45859375 0.08796296296296297 0.06822916666666666 0.02962962962962963
2 0.60859375 0.08287037037037037 0.06822916666666666 0.032407407407407406
2 0.8809895833333333 0.24166666666666667 0.018229166666666668 0.12037037037037036
3 0.4088541666666667 0.45925925925925926 0.017708333333333333 0.03148148148148148
3 0.05182291666666667 0.38842592592592595 0.0171875 0.03611111111111111
0 0.13255208333333332 0.6175925925925926 0.26510416666666664 0.362962962962963
0 0.26145833333333335 0.5546296296296296 0.16666666666666666 0.26481481481481484
0 0.33359375 0.5 0.03177083333333333 0.07777777777777778
0 0.3815104166666667 0.44166666666666665 0.022395833333333334 0.03333333333333333
0 0.3958333333333333 0.4675925925925926 0.021875 0.044444444444444446
0 0.31614583333333335 0.4300925925925926 0.028125 0.023148148148148147
0 0.5333333333333333 0.5439814814814815 0.128125 0.1935185185185185
0 0.47760416666666666 0.5069444444444444 0.04479166666666667 0.11574074074074074
0 0.51875 0.4324074074074074 0.013541666666666667 0.025925925925925925
2 0.49921875 0.4046296296296296 0.008854166666666666 0.005555555555555556
2 0.5171875 0.4041666666666667 0.008333333333333333 0.004629629629629629
2 0.5223958333333333 0.41203703703703703 0.008333333333333333 0.005555555555555556
0 0.55 0.42824074074074076 0.014583333333333334 0.030555555555555555
0 0.5578125 0.4351851851851852 0.01875 0.022222222222222223
0 0.5744791666666667 0.44537037037037036 0.014583333333333334 0.022222222222222223
0 0.5893229166666667 0.4546296296296296 0.0234375 0.040740740740740744
0 0.6036458333333333 0.46805555555555556 0.03854166666666667 0.06018518518518518
0 0.6375 0.48564814814814816 0.05 0.0787037037037037
0 0.6783854166666666 0.49444444444444446 0.05572916666666667 0.1037037037037037
0 0.78203125 0.5643518518518519 0.2109375 0.2972222222222222
0 0.92421875 0.5148148148148148 0.15052083333333333 0.2537037037037037
