0 0.04140625 0.6175925925925926 0.0828125 0.2611111111111111
0 0.14270833333333333 0.5986111111111111 0.15104166666666666 0.19722222222222222
0 0.24375 0.5550925925925926 0.10625 0.1675925925925926
0 0.3104166666666667 0.5680555555555555 0.05416666666666667 0.08796296296296297
0 0.33828125 0.5560185185185185 0.04739583333333333 0.0824074074074074
0 0.371875 0.5555555555555556 0.03333333333333333 0.06111111111111111
0 0.3919270833333333 0.55 0.027604166666666666 0.05185185185185185
0 0.40729166666666666 0.5458333333333333 0.019791666666666666 0.04351851851851852
0 0.40911458333333334 0.5282407407407408 0.030729166666666665 0.0712962962962963
0 0.4309895833333333 0.5282407407407408 0.0234375 0.05277777777777778
0 0.5130208333333334 0.5814814814814815 0.109375 0.14814814814814814
1 0.7140625 0.5587962962962963 0.029166666666666667 0.075
0 0.8348958333333333 0.5976851851851852 0.014583333333333334 0.08611111111111111
1 0.8752604166666667 0.5333333333333333 0.0171875 0.11481481481481481
1 0.8903645833333333 0.5310185185185186 0.028645833333333332 0.12314814814814815
1 0.9049479166666666 0.5300925925925926 0.018229166666666668 0.11203703703703703
0 0.4830729166666667 0.5087962962962963 0.0140625 0.026851851851851852
2 0.49921875 0.4671296296296296 0.0078125 0.006481481481481481
