1 0.43359375 0.5569444444444445 0.0265625 0.11203703703703703
1 0.38333333333333336 0.5745370370370371 0.03333333333333333 0.10648148148148148
1 0.3606770833333333 0.5546296296296296 0.025520833333333333 0.12777777777777777
3 0.3302083333333333 0.32731481481481484 0.014583333333333334 0.026851851851851852
3 0.2703125 0.3625 0.015625 0.026851851851851852
2 0.29973958333333334 0.37083333333333335 0.0265625 0.013888888888888888
2 0.2421875 0.37175925925925923 0.027083333333333334 0.013888888888888888
0 0.24453125 0.5324074074074074 0.0421875 0.07592592592592592
0 0.2 0.5537037037037037 0.03958333333333333 0.044444444444444446
0 0.14557291666666666 0.5398148148148149 0.0765625 0.09444444444444444
0 0.0796875 0.6657407407407407 0.159375 0.39814814814814814
0 0.46822916666666664 0.538425925925926 0.041666666666666664 0.028703703703703703
