0 0.48151041666666666 0.3925925925925926 0.019270833333333334 0.027777777777777776
0 0.4796875 0.412962962962963 0.020833333333333332 0.03148148148148148
0 0.475 0.42314814814814816 0.020833333333333332 0.044444444444444446
0 0.44609375 0.4375 0.0421875 0.07314814814814814
0 0.4244791666666667 0.4587962962962963 0.059375 0.08981481481481482
0 0.3690104166666667 0.4986111111111111 0.0890625 0.13240740740740742
0 0.2609375 0.5657407407407408 0.21458333333333332 0.24444444444444444
0 0.06302083333333333 0.6736111111111112 0.12604166666666666 0.41944444444444445
0 0.07526041666666666 0.4486111111111111 0.04739583333333333 0.14907407407407408
0 0.51796875 0.4361111111111111 0.0546875 0.08148148148148149
0 0.821875 0.4875 0.017708333333333333 0.09351851851851851
