0 0.016666666666666666 0.7300925925925926 0.03333333333333333 0.32314814814814813
0 0.14765625 0.36527777777777776 0.1390625 0.11018518518518519
0 0.6065104166666667 0.4152777777777778 0.033854166666666664 0.026851851851851852
0 0.6481770833333333 0.44212962962962965 0.022395833333333334 0.028703703703703703
0 0.63046875 0.44074074074074077 0.016145833333333335 0.024074074074074074
0 0.6153645833333333 0.44212962962962965 0.019270833333333334 0.026851851851851852
0 0.5984375 0.449537037037037 0.03333333333333333 0.041666666666666664
0 0.53203125 0.4935185185185185 0.11510416666666666 0.1537037037037037
0 0.45416666666666666 0.4476851851851852 0.03958333333333333 0.05648148148148148
0 0.371875 0.4740740740740741 0.08958333333333333 0.11851851851851852
