0 0.03854166666666667 0.5717592592592593 0.07708333333333334 0.20277777777777778
0 0.19869791666666667 0.5370370370370371 0.033854166666666664 0.05
0 0.30130208333333336 0.5282407407407408 0.043229166666666666 0.06018518518518518
0 0.32890625 0.5342592592592592 0.019270833333333334 0.07222222222222222
0 0.37161458333333336 0.5439814814814815 0.08385416666666666 0.11944444444444445
0 0.41171875 0.5291666666666667 0.0171875 0.04722222222222222
0 0.42473958333333334 0.5222222222222223 0.015104166666666667 0.025925925925925925
0 0.4390625 0.5273148148148148 0.01875 0.026851851851851852
0 0.45651041666666664 0.5217592592592593 0.0171875 0.028703703703703703
0 0.4708333333333333 0.5185185185185185 0.013541666666666667 0.027777777777777776
0 0.49244791666666665 0.5180555555555556 0.016145833333333335 0.030555555555555555
0 0.5138020833333333 0.5175925925925926 0.016145833333333335 0.04814814814814815
