2 0.60546875 0.24861111111111112 0.04635416666666667 0.023148148148148147
2 0.6997395833333333 0.24212962962962964 0.044270833333333336 0.021296296296296296
2 0.7838541666666666 0.2351851851851852 0.041666666666666664 0.022222222222222223
2 0.5697916666666667 0.35648148148148145 0.027083333333333334 0.012962962962962963
2 0.6265625 0.3541666666666667 0.027083333333333334 0.012037037037037037
3 0.59609375 0.3402777777777778 0.0171875 0.028703703703703703
3 0.6505208333333333 0.3449074074074074 0.016666666666666666 0.030555555555555555
0 0.946875 0.4976851851851852 0.078125 0.06944444444444445
0 0.49609375 0.6333333333333333 0.23489583333333333 0.3314814814814815
0 0.20338541666666668 0.5884259259259259 0.22864583333333333 0.2675925925925926
1 0.7416666666666667 0.5222222222222223 0.023958333333333335 0.037037037037037035
