2 0.4395833333333333 0.2824074074074074 0.027083333333333334 0.018518518518518517
2 0.51328125 0.27870370370370373 0.0265625 0.018518518518518517
2 0.4640625 0.38333333333333336 0.015625 0.011111111111111112
2 0.5059895833333333 0.38055555555555554 0.015104166666666667 0.009259259259259259
2 0.4708333333333333 0.4476851851851852 0.008333333333333333 0.004629629629629629
2 0.4921875 0.4476851851851852 0.007291666666666667 0.004629629629629629
2 0.4713541666666667 0.4675925925925926 0.007291666666666667 0.003703703703703704
2 0.4828125 0.4685185185185185 0.007291666666666667 0.003703703703703704
0 0.5596354166666667 0.512962962962963 0.015104166666666667 0.025925925925925925
0 0.5231770833333333 0.5254629629629629 0.025520833333333333 0.04351851851851852
0 0.5067708333333333 0.48657407407407405 0.030208333333333334 0.026851851851851852
0 0.50625 0.5518518518518518 0.035416666666666666 0.12037037037037036
0 0.43776041666666665 0.5902777777777778 0.15885416666666666 0.21944444444444444
0 0.37213541666666666 0.5356481481481481 0.0328125 0.0787037037037037
0 0.35182291666666665 0.5055555555555555 0.0265625 0.027777777777777776
1 0.31145833333333334 0.5259259259259259 0.026041666666666668 0.10740740740740741
0 0.30833333333333335 0.5518518518518518 0.035416666666666666 0.1111111111111111
0 0.11901041666666666 0.6032407407407407 0.23802083333333332 0.4546296296296296
