0 0.359375 0.5217592592592593 0.029166666666666667 0.03425925925925926
0 0.3333333333333333 0.5259259259259259 0.021875 0.03148148148148148
0 0.2747395833333333 0.5226851851851851 0.050520833333333334 0.062037037037037036
0 0.17942708333333332 0.5365740740740741 0.027604166666666666 0.03981481481481482
0 0.15338541666666666 0.5370370370370371 0.03802083333333333 0.05185185185185185
0 0.08671875 0.5462962962962963 0.1078125 0.1111111111111111
0 0.4078125 0.5212962962962963 0.021875 0.02962962962962963
0 0.43802083333333336 0.5226851851851851 0.03958333333333333 0.06944444444444445
0 0.503125 0.5513888888888889 0.109375 0.15648148148148147
0 0.5611979166666666 0.5166666666666667 0.024479166666666666 0.044444444444444446
0 0.5825520833333333 0.5254629629629629 0.04010416666666667 0.06944444444444445
0 0.5921875 0.47962962962962963 0.030208333333333334 0.022222222222222223
0 0.6401041666666667 0.5226851851851851 0.09583333333333334 0.13796296296296295
0 0.6572916666666667 0.4486111111111111 0.08020833333333334 0.09351851851851851
0 0.6963541666666667 0.5277777777777778 0.025 0.06851851851851852
0 0.7958333333333333 0.49398148148148147 0.11875 0.19722222222222222
0 0.93125 0.524537037037037 0.13645833333333332 0.15833333333333333
0 0.9861979166666667 0.49675925925925923 0.0265625 0.025
3 0.6765625 0.16527777777777777 0.035416666666666666 0.11388888888888889
