0 0.8609375 0.6763888888888889 0.27708333333333335 0.425
0 0.9674479166666666 0.4652777777777778 0.0640625 0.03425925925925926
0 0.6536458333333334 0.5643518518518519 0.09895833333333333 0.11944444444444445
0 0.5721354166666667 0.5310185185185186 0.034895833333333334 0.05277777777777778
0 0.5453125 0.5222222222222223 0.013541666666666667 0.025925925925925925
0 0.525 0.5263888888888889 0.020833333333333332 0.04537037037037037
0 0.47213541666666664 0.5898148148148148 0.13802083333333334 0.18888888888888888
2 0.5700520833333333 0.4148148148148148 0.0140625 0.007407407407407408
2 0.525 0.41712962962962963 0.013541666666666667 0.008333333333333333
0 0.4231770833333333 0.524074074074074 0.015104166666666667 0.037037037037037035
0 0.40989583333333335 0.5296296296296297 0.015625 0.03148148148148148
0 0.3963541666666667 0.5310185185185186 0.022916666666666665 0.032407407407407406
0 0.3729166666666667 0.5388888888888889 0.03125 0.03148148148148148
0 0.34296875 0.5351851851851852 0.030729166666666665 0.046296296296296294
0 0.30078125 0.5597222222222222 0.0828125 0.08981481481481482
0 0.2375 0.5615740740740741 0.07083333333333333 0.0787037037037037
0 0.19140625 0.5625 0.0515625 0.06759259259259259
0 0.12526041666666668 0.538425925925926 0.1015625 0.13240740740740742
0 0.04401041666666667 0.55 0.06510416666666667 0.08888888888888889
0 0.01171875 0.5726851851851852 0.0234375 0.12314814814814815
