2 0.52421875 0.4337962962962963 0.013020833333333334 0.008333333333333333
2 0.48880208333333336 0.4356481481481482 0.0140625 0.008333333333333333
2 0.51484375 0.44305555555555554 0.0109375 0.006481481481481481
0 0.8098958333333334 0.47962962962962963 0.18854166666666666 0.24814814814814815
0 0.70390625 0.5523148148148148 0.12135416666666667 0.16574074074074074
0 0.5575520833333333 0.5745370370370371 0.1859375 0.2490740740740741
0 0.46380208333333334 0.5324074074074074 0.07760416666666667 0.15185185185185185
0 0.30494791666666665 0.5555555555555556 0.06927083333333334 0.08888888888888889
0 0.26328125 0.5583333333333333 0.0390625 0.07777777777777778
0 0.03229166666666667 0.46805555555555556 0.06458333333333334 0.41388888888888886
