2 0.56953125 0.21574074074074073 0.043229166666666666 0.022222222222222223
2 0.6622395833333333 0.2101851851851852 0.043229166666666666 0.020370370370370372
3 0.6122395833333333 0.18333333333333332 0.0265625 0.04814814814814815
3 0.7049479166666667 0.18564814814814815 0.0265625 0.05462962962962963
3 0.7330729166666666 0.17314814814814813 0.0234375 0.044444444444444446
1 0.020572916666666666 0.5212962962962963 0.022395833333333334 0.07222222222222222
0 0.026302083333333334 0.5435185185185185 0.03177083333333333 0.05925925925925926
0 0.062239583333333334 0.4699074074074074 0.04114583333333333 0.08055555555555556
0 0.1625 0.5175925925925926 0.0875 0.10740740740740741
0 0.21119791666666668 0.4759259259259259 0.0765625 0.12222222222222222
0 0.27786458333333336 0.5111111111111111 0.07135416666666666 0.10185185185185185
0 0.31875 0.4875 0.03854166666666667 0.06759259259259259
0 0.3411458333333333 0.48194444444444445 0.023958333333333335 0.03981481481481482
0 0.3625 0.47175925925925927 0.030208333333333334 0.028703703703703703
0 0.4125 0.49166666666666664 0.03854166666666667 0.07407407407407407
0 0.4921875 0.4546296296296296 0.128125 0.3148148148148148
0 0.5856770833333333 0.5074074074074074 0.0609375 0.08703703703703704
0 0.6296875 0.4462962962962963 0.03333333333333333 0.05925925925925926
0 0.8486979166666667 0.5745370370370371 0.3015625 0.44722222222222224
1 0.6528645833333333 0.46064814814814814 0.005729166666666666 0.032407407407407406
1 0.039322916666666666 0.49537037037037035 0.008854166666666666 0.02962962962962963
