1 0.07005208333333333 0.5328703703703703 0.0078125 0.06018518518518518
1 0.08255208333333333 0.5365740740740741 0.0078125 0.06574074074074074
1 0.11744791666666667 0.5393518518518519 0.0109375 0.06574074074074074
1 0.3268229166666667 0.5083333333333333 0.0067708333333333336 0.027777777777777776
1 0.8901041666666667 0.5166666666666667 0.007291666666666667 0.06296296296296296
1 0.7268229166666667 0.5023148148148148 0.0046875 0.028703703703703703
1 0.7234375 0.5 0.004166666666666667 0.02962962962962963
1 0.64765625 0.5046296296296297 0.0046875 0.025925925925925925
3 0.024739583333333332 0.4564814814814815 0.018229166666666668 0.04814814814814815
0 0.0359375 0.5212962962962963 0.03333333333333333 0.04814814814814815
0 0.103125 0.5342592592592592 0.0375 0.03888888888888889
0 0.17552083333333332 0.5365740740740741 0.052083333333333336 0.0824074074074074
0 0.4166666666666667 0.5125 0.019791666666666666 0.023148148148148147
0 0.496875 0.5097222222222222 0.016666666666666666 0.028703703703703703
0 0.5341145833333333 0.512962962962963 0.024479166666666666 0.02962962962962963
0 0.603125 0.5199074074074074 0.046875 0.049074074074074076
0 0.7721354166666666 0.5194444444444445 0.030729166666666665 0.05185185185185185
0 0.8369791666666667 0.49537037037037035 0.03333333333333333 0.03333333333333333
0 0.5716145833333334 0.500462962962963 0.0171875 0.026851851851851852
2 0.5705729166666667 0.4300925925925926 0.015104166666666667 0.006481481481481481
2 0.6033854166666667 0.4305555555555556 0.0140625 0.007407407407407408
