0 0.3416666666666667 0.5050925925925925 0.11041666666666666 0.13425925925925927
0 0.6890625 0.5842592592592593 0.165625 0.17962962962962964
0 0.4466145833333333 0.5287037037037037 0.03697916666666667 0.044444444444444446
0 0.5065104166666666 0.5365740740740741 0.050520833333333334 0.06944444444444445
0 0.5609375 0.5282407407407408 0.035416666666666666 0.049074074074074076
0 0.9513020833333333 0.5342592592592592 0.0953125 0.1425925925925926
0 0.8020833333333334 0.5138888888888888 0.11458333333333333 0.09074074074074075
0 0.1265625 0.5361111111111111 0.103125 0.07222222222222222
0 0.21510416666666668 0.525 0.065625 0.06481481481481481
0 0.03723958333333333 0.5402777777777777 0.05572916666666667 0.06944444444444445
0 0.016666666666666666 0.549537037037037 0.03333333333333333 0.0787037037037037
0 0.2752604166666667 0.525 0.0390625 0.044444444444444446
0 0.17552083333333332 0.5342592592592592 0.022916666666666665 0.046296296296296294
0 0.49557291666666664 0.5023148148148148 0.03177083333333333 0.04537037037037037
0 0.45598958333333334 0.5064814814814815 0.027604166666666666 0.03518518518518519
0 0.62109375 0.4976851851851852 0.0390625 0.05648148148148148
0 0.5932291666666667 0.5138888888888888 0.025 0.027777777777777776
0 0.5263020833333333 0.5152777777777777 0.013020833333333334 0.025
