1 0.7908854166666667 0.5217592592592593 0.0328125 0.1935185185185185
1 0.6627604166666666 0.5078703703703704 0.0140625 0.05462962962962963
1 0.64765625 0.5 0.013020833333333334 0.04259259259259259
1 0.5893229166666667 0.5032407407407408 0.0067708333333333336 0.03425925925925926
1 0.5802083333333333 0.5041666666666667 0.007291666666666667 0.025
1 0.59453125 0.5106481481481482 0.0078125 0.023148148148148147
3 0.6348958333333333 0.3578703703703704 0.01875 0.03981481481481482
3 0.63671875 0.4 0.018229166666666668 0.03888888888888889
0 0.5026041666666666 0.4898148148148148 0.09270833333333334 0.19444444444444445
0 0.4830729166666667 0.5675925925925925 0.11197916666666667 0.16666666666666666
0 0.34348958333333335 0.5282407407407408 0.07135416666666666 0.08981481481481482
0 0.28463541666666664 0.5416666666666666 0.0515625 0.05925925925925926
0 0.07109375 0.5796296296296296 0.1421875 0.15555555555555556
1 0.6942708333333333 0.5611111111111111 0.01875 0.08703703703703704
