0 0.09166666666666666 0.6337962962962963 0.18333333333333332 0.5046296296296297
0 0.2015625 0.49444444444444446 0.053125 0.05740740740740741
0 0.19270833333333334 0.4671296296296296 0.078125 0.05462962962962963
0 0.24036458333333333 0.48703703703703705 0.0421875 0.04259259259259259
0 0.2950520833333333 0.537962962962963 0.07552083333333333 0.10185185185185185
0 0.3927083333333333 0.5425925925925926 0.06041666666666667 0.07407407407407407
0 0.421875 0.5291666666666667 0.01875 0.028703703703703703
0 0.44557291666666665 0.5314814814814814 0.030729166666666665 0.040740740740740744
0 0.4635416666666667 0.5259259259259259 0.014583333333333334 0.02962962962962963
0 0.5013020833333334 0.5314814814814814 0.0640625 0.10740740740740741
0 0.5372395833333333 0.5037037037037037 0.024479166666666666 0.06111111111111111
0 0.5393229166666667 0.5268518518518519 0.016145833333333335 0.03148148148148148
0 0.55546875 0.5305555555555556 0.03177083333333333 0.044444444444444446
0 0.5916666666666667 0.5393518518518519 0.05520833333333333 0.06944444444444445
0 0.684375 0.5574074074074075 0.13333333333333333 0.17037037037037037
0 0.83125 0.55 0.12708333333333333 0.1388888888888889
