0 0.03203125 0.6092592592592593 0.0640625 0.10555555555555556
0 0.16510416666666666 0.575 0.16458333333333333 0.19814814814814816
1 0.2565104166666667 0.3625 0.0140625 0.03796296296296296
1 0.3216145833333333 0.5699074074074074 0.0234375 0.04537037037037037
1 0.3546875 0.5587962962962963 0.019791666666666666 0.026851851851851852
0 0.41848958333333336 0.5421296296296296 0.028645833333333332 0.03425925925925926
0 0.4203125 0.5180555555555556 0.022916666666666665 0.030555555555555555
0 0.5057291666666667 0.537962962962963 0.078125 0.17407407407407408
1 0.5518229166666667 0.4986111111111111 0.0036458333333333334 0.023148148148148147
3 0.5729166666666666 0.4699074074074074 0.013541666666666667 0.025
1 0.7989583333333333 0.5277777777777778 0.027083333333333334 0.10555555555555556
1 0.7700520833333333 0.5370370370370371 0.05364583333333333 0.08518518518518518
1 0.8317708333333333 0.5898148148148148 0.08541666666666667 0.1925925925925926
1 0.9450520833333333 0.6263888888888889 0.10885416666666667 0.2324074074074074
3 0.66015625 0.29259259259259257 0.0484375 0.07962962962962963
1 0.03958333333333333 0.3597222222222222 0.005208333333333333 0.023148148148148147
3 0.48541666666666666 0.38935185185185184 0.016666666666666666 0.030555555555555555
