0 0.6013020833333333 0.600925925925926 0.17239583333333333 0.22777777777777777
0 0.53046875 0.537962962962963 0.0390625 0.07592592592592592
0 0.5283854166666667 0.5023148148148148 0.0359375 0.04722222222222222
0 0.5138020833333333 0.5069444444444444 0.0140625 0.05462962962962963
0 0.4984375 0.5074074074074074 0.020833333333333332 0.044444444444444446
0 0.46484375 0.5277777777777778 0.0265625 0.05925925925925926
0 0.4125 0.5083333333333333 0.09375 0.1925925925925926
0 0.3606770833333333 0.5222222222222223 0.019270833333333334 0.040740740740740744
0 0.3380208333333333 0.5203703703703704 0.0125 0.027777777777777776
0 0.31640625 0.5236111111111111 0.03802083333333333 0.05462962962962963
0 0.26484375 0.5263888888888889 0.05364583333333333 0.075
0 0.24401041666666667 0.5310185185185186 0.0203125 0.04351851851851852
0 0.21901041666666668 0.5291666666666667 0.028645833333333332 0.06018518518518518
0 0.12005208333333334 0.6287037037037037 0.24010416666666667 0.4203703703703704
