0 0.15234375 0.4824074074074074 0.0296875 0.05555555555555555
0 0.18177083333333333 0.4666666666666667 0.07083333333333333 0.07222222222222222
0 0.23958333333333334 0.4625 0.08645833333333333 0.08055555555555556
1 0.3268229166666667 0.4837962962962963 0.0067708333333333336 0.028703703703703703
0 0.36822916666666666 0.4828703703703704 0.029166666666666667 0.04722222222222222
0 0.4083333333333333 0.45740740740740743 0.034375 0.07407407407407407
0 0.44921875 0.45185185185185184 0.022395833333333334 0.1425925925925926
0 0.5197916666666667 0.4388888888888889 0.13020833333333334 0.31851851851851853
0 0.7252604166666666 0.5425925925925926 0.1546875 0.1925925925925926
0 0.92734375 0.5268518518518519 0.14427083333333332 0.17962962962962964
0 0.6635416666666667 0.4675925925925926 0.01875 0.03148148148148148
