0 0.012239583333333333 0.5703703703703704 0.024479166666666666 0.07222222222222222
0 0.034375 0.5555555555555556 0.06875 0.07962962962962963
0 0.09557291666666666 0.5458333333333333 0.059895833333333336 0.07314814814814814
0 0.13489583333333333 0.549074074074074 0.021875 0.04814814814814815
0 0.15182291666666667 0.5421296296296296 0.024479166666666666 0.04351851851851852
0 0.20026041666666666 0.5023148148148148 0.03802083333333333 0.049074074074074076
0 0.2559895833333333 0.6143518518518518 0.2046875 0.2490740740740741
0 0.35234375 0.5342592592592592 0.0421875 0.06481481481481481
0 0.37786458333333334 0.5189814814814815 0.022395833333333334 0.025
0 0.4002604166666667 0.5254629629629629 0.034895833333333334 0.03796296296296296
0 0.5854166666666667 0.5092592592592593 0.03125 0.03148148148148148
0 0.63359375 0.5527777777777778 0.11510416666666666 0.12962962962962962
0 0.92890625 0.5995370370370371 0.14114583333333333 0.612037037037037
2 0.28125 0.44675925925925924 0.009375 0.006481481481481481
2 0.31171875 0.4449074074074074 0.009895833333333333 0.006481481481481481
2 0.24401041666666667 0.47638888888888886 0.0067708333333333336 0.004629629629629629
2 0.26145833333333335 0.47638888888888886 0.00625 0.004629629629629629
