0 0.14296875 0.5421296296296296 0.1703125 0.20092592592592592
0 0.2747395833333333 0.5421296296296296 0.09739583333333333 0.1287037037037037
0 0.34088541666666666 0.5296296296296297 0.058854166666666666 0.11666666666666667
0 0.40286458333333336 0.5402777777777777 0.1078125 0.14351851851851852
0 0.525 0.5425925925925926 0.11458333333333333 0.1259259259259259
0 0.5260416666666666 0.5083333333333333 0.134375 0.07962962962962963
0 0.6002604166666666 0.4930555555555556 0.07135416666666666 0.06759259259259259
0 0.4825520833333333 0.47129629629629627 0.027604166666666666 0.044444444444444446
0 0.428125 0.48333333333333334 0.036458333333333336 0.05555555555555555
0 0.43411458333333336 0.4425925925925926 0.043229166666666666 0.08148148148148149
0 0.5255208333333333 0.4449074074074074 0.04791666666666667 0.03796296296296296
0 0.8109375 0.4949074074074074 0.090625 0.09351851851851851
0 0.7856770833333333 0.46435185185185185 0.0421875 0.049074074074074076
1 0.6549479166666666 0.4824074074074074 0.008854166666666666 0.07592592592592592
1 0.63984375 0.4861111111111111 0.015104166666666667 0.07592592592592592
1 0.5796875 0.5421296296296296 0.035416666666666666 0.11944444444444445
1 0.49583333333333335 0.4462962962962963 0.007291666666666667 0.037037037037037035
1 0.31614583333333335 0.4689814814814815 0.010416666666666666 0.025
0 0.284375 0.4666666666666667 0.028125 0.022222222222222223
0 0.23125 0.5032407407407408 0.019791666666666666 0.025
2 0.4434895833333333 0.3106481481481482 0.0296875 0.013888888888888888
2 0.48671875 0.30833333333333335 0.0296875 0.012962962962962963
1 0.64375 0.5023148148148148 0.03333333333333333 0.041666666666666664
