3 0.78203125 0.3907407407407407 0.0140625 0.02962962962962963
2 0.5986979166666667 0.34305555555555556 0.0328125 0.01574074074074074
0 0.5479166666666667 0.6481481481481481 0.096875 0.24259259259259258
1 0.55390625 0.6106481481481482 0.10572916666666667 0.27870370370370373
0 0.45859375 0.5393518518518519 0.1109375 0.062037037037037036
0 0.4171875 0.5143518518518518 0.026041666666666668 0.026851851851851852
0 0.3580729166666667 0.5101851851851852 0.044270833333333336 0.03333333333333333
0 0.39010416666666664 0.5351851851851852 0.03229166666666667 0.037037037037037035
0 0.3692708333333333 0.5333333333333333 0.015625 0.03333333333333333
0 0.35078125 0.5370370370370371 0.0359375 0.03888888888888889
0 0.32864583333333336 0.5393518518518519 0.019791666666666666 0.03425925925925926
0 0.3020833333333333 0.5388888888888889 0.036458333333333336 0.040740740740740744
0 0.26927083333333335 0.5402777777777777 0.035416666666666666 0.041666666666666664
0 0.026041666666666668 0.5486111111111112 0.051041666666666666 0.04537037037037037
0 0.10520833333333333 0.5523148148148148 0.11354166666666667 0.08796296296296297
3 0.08411458333333334 0.36712962962962964 0.018229166666666668 0.032407407407407406
0 0.165625 0.5449074074074074 0.030208333333333334 0.032407407407407406
