0 0.1375 0.5 0.03958333333333333 0.02962962962962963
0 0.06588541666666667 0.4726851851851852 0.034895833333333334 0.03981481481481482
0 0.23567708333333334 0.449537037037037 0.0953125 0.075
0 0.32890625 0.487962962962963 0.027604166666666666 0.02962962962962963
0 0.20833333333333334 0.5449074074074074 0.11666666666666667 0.14537037037037037
0 0.35260416666666666 0.5523148148148148 0.0875 0.10648148148148148
0 0.4109375 0.524074074074074 0.020833333333333332 0.03333333333333333
0 0.43645833333333334 0.5254629629629629 0.036458333333333336 0.049074074074074076
0 0.45755208333333336 0.5194444444444445 0.019270833333333334 0.03148148148148148
0 0.4984375 0.5287037037037037 0.06770833333333333 0.11296296296296296
0 0.5377604166666666 0.4976851851851852 0.025520833333333333 0.06388888888888888
0 0.5416666666666666 0.5208333333333334 0.016666666666666666 0.032407407407407406
0 0.56015625 0.5259259259259259 0.0359375 0.04814814814814815
0 0.57734375 0.5111111111111111 0.016145833333333335 0.022222222222222223
0 0.603125 0.5375 0.06041666666666667 0.07685185185185185
0 0.70234375 0.5611111111111111 0.15052083333333333 0.1925925925925926
0 0.9596354166666666 0.5648148148148148 0.0796875 0.1962962962962963
0 0.26145833333333335 0.49398148148148147 0.03958333333333333 0.03796296296296296
0 0.29609375 0.49537037037037035 0.024479166666666666 0.03333333333333333
0 0.31614583333333335 0.475 0.036458333333333336 0.02962962962962963
