2 0.5572916666666666 0.4212962962962963 0.0125 0.007407407407407408
2 0.5940104166666667 0.42962962962962964 0.009895833333333333 0.005555555555555556
2 0.56953125 0.4310185185185185 0.009895833333333333 0.006481481481481481
2 0.5830729166666667 0.4199074074074074 0.011979166666666667 0.006481481481481481
2 0.60703125 0.41898148148148145 0.011979166666666667 0.008333333333333333
0 0.615625 0.5018518518518519 0.019791666666666666 0.02962962962962963
0 0.6364583333333333 0.5101851851851852 0.023958333333333335 0.03148148148148148
0 0.678125 0.4935185185185185 0.04791666666666667 0.07962962962962963
0 0.7010416666666667 0.5199074074074074 0.04375 0.05648148148148148
0 0.73828125 0.5328703703703703 0.03697916666666667 0.0712962962962963
0 0.7776041666666667 0.5430555555555555 0.08229166666666667 0.09907407407407408
0 0.8263020833333333 0.5300925925925926 0.0328125 0.05092592592592592
0 0.9317708333333333 0.5625 0.13541666666666666 0.14351851851851852
0 0.9234375 0.47824074074074074 0.027083333333333334 0.023148148148148147
0 0.5833333333333334 0.5009259259259259 0.021875 0.03888888888888889
0 0.5783854166666667 0.5115740740740741 0.0265625 0.03611111111111111
0 0.5549479166666667 0.5013888888888889 0.015104166666666667 0.026851851851851852
0 0.5526041666666667 0.5041666666666667 0.015625 0.030555555555555555
0 0.5471354166666667 0.5069444444444444 0.019270833333333334 0.030555555555555555
0 0.5440104166666667 0.5106481481481482 0.019270833333333334 0.032407407407407406
0 0.5361979166666667 0.5148148148148148 0.022395833333333334 0.037037037037037035
0 0.5247395833333334 0.5287037037037037 0.04114583333333333 0.05740740740740741
0 0.48072916666666665 0.5009259259259259 0.015625 0.024074074074074074
0 0.4986979166666667 0.5106481481481482 0.025520833333333333 0.03425925925925926
0 0.46328125 0.5106481481481482 0.0265625 0.032407407407407406
0 0.42864583333333334 0.549074074074074 0.071875 0.10185185185185185
0 0.3776041666666667 0.5277777777777778 0.05520833333333333 0.07037037037037037
0 0.34427083333333336 0.5231481481481481 0.028125 0.05
0 0.3229166666666667 0.5268518518518519 0.027083333333333334 0.06111111111111111
0 0.27838541666666666 0.5435185185185185 0.10572916666666667 0.12037037037037036
0 0.21041666666666667 0.5407407407407407 0.059375 0.08148148148148149
0 0.07526041666666666 0.5606481481481481 0.14114583333333333 0.12685185185185185
1 0.16692708333333334 0.512962962962963 0.0046875 0.027777777777777776
0 0.6442708333333333 0.4898148148148148 0.022916666666666665 0.024074074074074074
