3 0.86875 0.175 0.015625 0.06481481481481481
1 0.8916666666666667 0.5555555555555556 0.022916666666666665 0.040740740740740744
0 0.11614583333333334 0.6763888888888889 0.23229166666666667 0.4898148148148148
0 0.45286458333333335 0.5569444444444445 0.0390625 0.04722222222222222
0 0.56640625 0.5365740740740741 0.013020833333333334 0.025
0 0.5830729166666667 0.5231481481481481 0.025520833333333333 0.024074074074074074
0 0.6151041666666667 0.5597222222222222 0.04583333333333333 0.0787037037037037
0 0.66640625 0.5921296296296297 0.10364583333333334 0.125
0 0.74140625 0.575 0.0765625 0.10185185185185185
0 0.9268229166666667 0.6851851851851852 0.1453125 0.42962962962962964
