2 0.5002604166666667 0.32083333333333336 0.027604166666666666 0.012037037037037037
2 0.5630208333333333 0.3189814814814815 0.028125 0.012037037037037037
3 0.5239583333333333 0.30277777777777776 0.013541666666666667 0.03148148148148148
3 0.53984375 0.30925925925925923 0.016145833333333335 0.02962962962962963
3 0.7921875 0.4134259259259259 0.019791666666666666 0.04351851851851852
3 0.8541666666666666 0.3300925925925926 0.019791666666666666 0.041666666666666664
0 0.26927083333333335 0.5023148148148148 0.04375 0.05092592592592592
0 0.30234375 0.4986111111111111 0.016145833333333335 0.03981481481481482
0 0.32578125 0.4949074074074074 0.04114583333333333 0.058333333333333334
0 0.36041666666666666 0.4949074074074074 0.030208333333333334 0.04351851851851852
0 0.3927083333333333 0.4925925925925926 0.0375 0.05
0 0.41484375 0.49212962962962964 0.018229166666666668 0.041666666666666664
0 0.4127604166666667 0.48009259259259257 0.0265625 0.06018518518518518
0 0.48671875 0.4388888888888889 0.0953125 0.2037037037037037
0 0.5614583333333333 0.4666666666666667 0.041666666666666664 0.08333333333333333
0 0.6609375 0.4273148148148148 0.153125 0.28055555555555556
0 0.9575520833333333 0.4810185185185185 0.0265625 0.058333333333333334
2 0.5354166666666667 0.43194444444444446 0.00625 0.004629629629629629
