3 0.75078125 0.4726851851851852 0.021354166666666667 0.03611111111111111
0 0.6252604166666667 0.5356481481481481 0.06510416666666667 0.07685185185185185
0 0.5255208333333333 0.5222222222222223 0.028125 0.037037037037037035
0 0.49270833333333336 0.5263888888888889 0.030208333333333334 0.03796296296296296
0 0.45286458333333335 0.5111111111111111 0.0140625 0.025925925925925925
0 0.44244791666666666 0.5273148148148148 0.028645833333333332 0.03796296296296296
0 0.428125 0.5027777777777778 0.020833333333333332 0.04814814814814815
0 0.41510416666666666 0.5069444444444444 0.0125 0.025
0 0.34921875 0.5199074074074074 0.018229166666666668 0.023148148148148147
0 0.28828125 0.4981481481481482 0.0421875 0.040740740740740744
0 0.32135416666666666 0.5101851851851852 0.013541666666666667 0.024074074074074074
0 0.10390625 0.5537037037037037 0.04739583333333333 0.025925925925925925
