3 0.6169270833333333 0.3296296296296296 0.0171875 0.024074074074074074
0 0.0421875 0.4513888888888889 0.053125 0.03611111111111111
0 0.15338541666666666 0.5736111111111111 0.2453125 0.2953703703703704
0 0.33541666666666664 0.4736111111111111 0.057291666666666664 0.08796296296296297
0 0.43125 0.4824074074074074 0.05 0.06851851851851852
0 0.5236979166666667 0.34953703703703703 0.0890625 0.11388888888888889
0 0.6036458333333333 0.42268518518518516 0.06666666666666667 0.1675925925925926
0 0.5221354166666666 0.5060185185185185 0.13802083333333334 0.2064814814814815
3 0.7359375 0.2023148148148148 0.04375 0.06944444444444445
3 0.7739583333333333 0.20833333333333334 0.027083333333333334 0.04814814814814815
