2 0.4453125 0.40555555555555556 0.014583333333333334 0.007407407407407408
2 0.4828125 0.4050925925925926 0.01875 0.008333333333333333
1 0.8338541666666667 0.5023148148148148 0.016666666666666666 0.08611111111111111
1 0.69765625 0.49444444444444446 0.015104166666666667 0.06111111111111111
0 0.018229166666666668 0.5138888888888888 0.030208333333333334 0.04814814814814815
0 0.5635416666666667 0.4912037037037037 0.042708333333333334 0.0787037037037037
0 0.5765625 0.5041666666666667 0.0375 0.062037037037037036
0 0.6166666666666667 0.5046296296296297 0.04895833333333333 0.06851851851851852
0 0.4484375 0.5018518518518519 0.03333333333333333 0.05185185185185185
0 0.4049479166666667 0.5180555555555556 0.0390625 0.07314814814814814
0 0.35546875 0.5458333333333333 0.10260416666666666 0.1361111111111111
0 0.3026041666666667 0.5064814814814815 0.030208333333333334 0.05
0 0.27578125 0.5111111111111111 0.0421875 0.06851851851851852
0 0.24869791666666666 0.5185185185185185 0.05572916666666667 0.07777777777777778
0 0.17838541666666666 0.5175925925925926 0.09635416666666667 0.12222222222222222
0 0.08776041666666666 0.5486111111111112 0.13177083333333334 0.1361111111111111
