0 0.014322916666666666 0.5587962962962963 0.028645833333333332 0.09907407407407408
0 0.19036458333333334 0.5287037037037037 0.044270833333333336 0.044444444444444446
0 0.2755208333333333 0.5199074074074074 0.03229166666666667 0.03425925925925926
0 0.31302083333333336 0.5009259259259259 0.021875 0.037037037037037035
0 0.35208333333333336 0.5 0.013541666666666667 0.022222222222222223
2 0.34713541666666664 0.3263888888888889 0.022395833333333334 0.013888888888888888
2 0.4122395833333333 0.46944444444444444 0.0046875 0.022222222222222223
2 0.49375 0.3194444444444444 0.022916666666666665 0.012962962962962963
3 0.36171875 0.35833333333333334 0.018229166666666668 0.03333333333333333
1 0.5450520833333333 0.5087962962962963 0.009895833333333333 0.041666666666666664
1 0.6427083333333333 0.4976851851851852 0.011458333333333333 0.032407407407407406
1 0.6598958333333333 0.4986111111111111 0.009375 0.028703703703703703
1 0.8552083333333333 0.5324074074074074 0.028125 0.11481481481481481
1 0.88359375 0.4666666666666667 0.011979166666666667 0.05
0 0.7177083333333333 0.5402777777777777 0.023958333333333335 0.075
