2 0.5895833333333333 0.4 0.01875 0.011111111111111112
2 0.55 0.4 0.01875 0.011111111111111112
3 0.5690104166666666 0.387037037037037 0.015104166666666667 0.024074074074074074
1 0.07317708333333334 0.5356481481481481 0.018229166666666668 0.10277777777777777
1 0.090625 0.5425925925925926 0.01875 0.09814814814814815
1 0.30494791666666665 0.5541666666666667 0.008854166666666666 0.049074074074074076
0 0.37916666666666665 0.5592592592592592 0.03333333333333333 0.03888888888888889
0 0.503125 0.5648148148148148 0.07708333333333334 0.10925925925925926
0 0.5557291666666667 0.5518518518518518 0.03958333333333333 0.05740740740740741
0 0.6192708333333333 0.5791666666666667 0.06145833333333333 0.14166666666666666
0 0.76953125 0.5328703703703703 0.2755208333333333 0.44907407407407407
0 0.9072916666666667 0.5106481481481482 0.184375 0.5212962962962963
