0 0.078125 0.5060185185185185 0.08958333333333333 0.0712962962962963
0 0.17552083333333332 0.5125 0.06354166666666666 0.04722222222222222
0 0.23229166666666667 0.5009259259259259 0.03958333333333333 0.040740740740740744
0 0.26276041666666666 0.5152777777777777 0.04114583333333333 0.03611111111111111
0 0.18463541666666666 0.5861111111111111 0.1171875 0.11481481481481481
0 0.28828125 0.5638888888888889 0.0453125 0.07037037037037037
0 0.33984375 0.5699074074074074 0.0859375 0.09907407407407408
0 0.37994791666666666 0.5430555555555555 0.0359375 0.05277777777777778
0 0.40390625 0.5402777777777777 0.016145833333333335 0.032407407407407406
0 0.4466145833333333 0.5388888888888889 0.0171875 0.037037037037037035
0 0.42630208333333336 0.5467592592592593 0.0421875 0.05462962962962963
0 0.48125 0.5398148148148149 0.05416666666666667 0.09444444444444444
0 0.5364583333333334 0.5064814814814815 0.035416666666666666 0.08703703703703704
0 0.5440104166666667 0.5287037037037037 0.0265625 0.05740740740740741
0 0.5536458333333333 0.5407407407407407 0.03854166666666667 0.053703703703703705
0 0.5940104166666667 0.5467592592592593 0.050520833333333334 0.07685185185185185
0 0.6583333333333333 0.5699074074074074 0.115625 0.1398148148148148
0 0.7018229166666666 0.537962962962963 0.06197916666666667 0.09074074074074075
0 0.8859375 0.5953703703703703 0.22708333333333333 0.3148148148148148
