0 0.011458333333333333 0.5472222222222223 0.022916666666666665 0.08518518518518518
0 0.05026041666666667 0.5453703703703704 0.0578125 0.06666666666666667
0 0.14244791666666667 0.5773148148148148 0.10677083333333333 0.14722222222222223
0 0.25286458333333334 0.6231481481481481 0.23177083333333334 0.25
0 0.340625 0.5467592592592593 0.034375 0.06944444444444445
0 0.3958333333333333 0.5259259259259259 0.03333333333333333 0.05555555555555555
0 0.4390625 0.5537037037037037 0.05625 0.08888888888888889
0 0.54921875 0.6037037037037037 0.2046875 0.3055555555555556
2 0.43723958333333335 0.37175925925925923 0.0265625 0.012037037037037037
2 0.4979166666666667 0.36944444444444446 0.027083333333333334 0.012962962962962963
3 0.5208333333333334 0.3592592592592593 0.016666666666666666 0.02962962962962963
2 0.86796875 0.10138888888888889 0.0515625 0.19537037037037036
