0 0.4705729166666667 0.42777777777777776 0.05260416666666667 0.05
0 0.665625 0.4648148148148148 0.020833333333333332 0.027777777777777776
0 0.64765625 0.4634259259259259 0.016145833333333335 0.025
0 0.6317708333333333 0.4648148148148148 0.017708333333333333 0.027777777777777776
0 0.6026041666666667 0.4671296296296296 0.019791666666666666 0.032407407407407406
0 0.6135416666666667 0.4740740740740741 0.03333333333333333 0.04259259259259259
0 0.546875 0.4625 0.03333333333333333 0.05462962962962963
0 0.5192708333333333 0.5212962962962963 0.10729166666666666 0.14444444444444443
0 0.44244791666666666 0.4759259259259259 0.03697916666666667 0.06481481481481481
0 0.40390625 0.500462962962963 0.08072916666666667 0.10833333333333334
0 0.08802083333333334 0.6268518518518519 0.17604166666666668 0.4351851851851852
