0 0.07265625 0.7129629629629629 0.1453125 0.40370370370370373
0 0.07916666666666666 0.49722222222222223 0.04375 0.03333333333333333
0 0.00703125 0.49907407407407406 0.0140625 0.027777777777777776
0 0.12005208333333334 0.5314814814814814 0.10260416666666666 0.06481481481481481
0 0.20520833333333333 0.5120370370370371 0.0375 0.02962962962962963
0 0.23828125 0.5254629629629629 0.10572916666666667 0.058333333333333334
0 0.3390625 0.5212962962962963 0.04583333333333333 0.037037037037037035
0 0.42578125 0.5148148148148148 0.027604166666666666 0.03333333333333333
0 0.4471354166666667 0.5148148148148148 0.03177083333333333 0.02962962962962963
0 0.47734375 0.5111111111111111 0.030729166666666665 0.03333333333333333
0 0.4901041666666667 0.4875 0.021875 0.023148148148148147
0 0.5067708333333333 0.5111111111111111 0.014583333333333334 0.02962962962962963
0 0.5260416666666666 0.5087962962962963 0.034375 0.049074074074074076
0 0.5677083333333334 0.5009259259259259 0.021875 0.03518518518518519
0 0.5752604166666667 0.5083333333333333 0.0234375 0.025925925925925925
0 0.59765625 0.5041666666666667 0.018229166666666668 0.026851851851851852
0 0.6354166666666666 0.5152777777777777 0.06041666666666667 0.03611111111111111
0 0.76015625 0.49953703703703706 0.0296875 0.030555555555555555
0 0.7817708333333333 0.5101851851851852 0.022916666666666665 0.037037037037037035
1 0.7794270833333333 0.4976851851851852 0.015104166666666667 0.028703703703703703
0 0.8369791666666667 0.4962962962962963 0.030208333333333334 0.03148148148148148
0 0.8888020833333333 0.49444444444444446 0.08177083333333333 0.05925925925925926
0 0.9330729166666667 0.49027777777777776 0.04114583333333333 0.025
0 0.9872395833333333 0.49907407407407406 0.024479166666666666 0.046296296296296294
2 0.6018229166666667 0.3439814814814815 0.0328125 0.017592592592592594
2 0.509375 0.3435185185185185 0.03333333333333333 0.016666666666666666
3 0.5645833333333333 0.3472222222222222 0.020833333333333332 0.03518518518518519
3 0.5427083333333333 0.3458333333333333 0.020833333333333332 0.03425925925925926
3 0.44947916666666665 0.3476851851851852 0.013541666666666667 0.025
3 0.49244791666666665 0.29907407407407405 0.0140625 0.025925925925925925
