1 0.5848958333333333 0.5087962962962963 0.008333333333333333 0.03611111111111111
1 0.59921875 0.5120370370370371 0.008854166666666666 0.024074074074074074
1 0.6565104166666667 0.5097222222222222 0.015104166666666667 0.041666666666666664
1 0.7106770833333333 0.5694444444444444 0.022395833333333334 0.08888888888888889
1 0.81796875 0.5203703703703704 0.03697916666666667 0.21851851851851853
3 0.6427083333333333 0.35185185185185186 0.019791666666666666 0.04259259259259259
3 0.64453125 0.39675925925925926 0.0203125 0.04351851851851852
0 0.50390625 0.4777777777777778 0.09739583333333333 0.1814814814814815
0 0.48151041666666666 0.575462962962963 0.12447916666666667 0.1824074074074074
0 0.36380208333333336 0.5268518518518519 0.034895833333333334 0.027777777777777776
0 0.30625 0.5351851851851852 0.09791666666666667 0.10925925925925926
1 0.20520833333333333 0.5412037037037037 0.009375 0.058333333333333334
0 0.0578125 0.5856481481481481 0.115625 0.1638888888888889
