0 0.035416666666666666 0.4638888888888889 0.07083333333333333 0.05
0 0.13359375 0.4652777777777778 0.049479166666666664 0.04722222222222222
0 0.27395833333333336 0.49953703703703706 0.08020833333333334 0.1175925925925926
0 0.39375 0.5125 0.06979166666666667 0.08981481481481482
0 0.47317708333333336 0.48055555555555557 0.025520833333333333 0.06296296296296296
0 0.5130208333333334 0.4324074074074074 0.053125 0.09259259259259259
0 0.51015625 0.5 0.0671875 0.0962962962962963
0 0.5674479166666667 0.46064814814814814 0.04635416666666667 0.11574074074074074
0 0.7575520833333333 0.49027777777777776 0.04739583333333333 0.07314814814814814
3 0.90078125 0.4486111111111111 0.022395833333333334 0.041666666666666664
