2 0.5091145833333334 0.37592592592592594 0.0234375 0.011111111111111112
2 0.46536458333333336 0.37916666666666665 0.0234375 0.012037037037037037
2 0.54140625 0.42592592592592593 0.0109375 0.007407407407407408
2 0.5018229166666667 0.42962962962962964 0.0109375 0.007407407407407408
0 0.640625 0.5532407407407407 0.08020833333333334 0.10092592592592593
0 0.5364583333333334 0.5226851851851851 0.014583333333333334 0.028703703703703703
0 0.48098958333333336 0.5875 0.1390625 0.19537037037037036
0 0.2265625 0.5541666666666667 0.084375 0.09537037037037037
0 0.3333333333333333 0.5425925925925926 0.06666666666666667 0.09259259259259259
0 0.28125 0.5310185185185186 0.04791666666666667 0.06388888888888888
0 0.30703125 0.5319444444444444 0.034895833333333334 0.06574074074074074
0 0.384375 0.5314814814814814 0.029166666666666667 0.037037037037037035
0 0.4200520833333333 0.5296296296296297 0.0203125 0.027777777777777776
