0 0.09192708333333334 0.5694444444444444 0.18385416666666668 0.11851851851851852
1 0.023177083333333334 0.5296296296296297 0.0046875 0.03148148148148148
1 0.027864583333333335 0.5282407407407408 0.0046875 0.032407407407407406
3 0.08411458333333334 0.36666666666666664 0.018229166666666668 0.03148148148148148
0 0.23515625 0.5435185185185185 0.09427083333333333 0.05925925925925926
0 0.2755208333333333 0.5375 0.022916666666666665 0.03611111111111111
0 0.303125 0.5375 0.035416666666666666 0.03981481481481482
0 0.33151041666666664 0.5388888888888889 0.022395833333333334 0.03518518518518519
0 0.35182291666666665 0.5421296296296296 0.0328125 0.05092592592592592
0 0.45807291666666666 0.5365740740740741 0.19739583333333333 0.14166666666666666
0 0.5015625 0.5037037037037037 0.05625 0.03518518518518519
0 0.5744791666666667 0.5291666666666667 0.027083333333333334 0.030555555555555555
0 0.6028645833333334 0.5263888888888889 0.019270833333333334 0.025
2 0.5986979166666667 0.3425925925925926 0.0328125 0.014814814814814815
3 0.7817708333333333 0.3912037037037037 0.013541666666666667 0.028703703703703703
0 0.75859375 0.538425925925926 0.1296875 0.0712962962962963
0 0.9755208333333333 0.4625 0.04791666666666667 0.08796296296296297
0 0.9494791666666667 0.538425925925926 0.1 0.11018518518518519
