0 0.3346354166666667 0.5064814814814815 0.04739583333333333 0.09074074074074075
0 0.42265625 0.5208333333333334 0.043229166666666666 0.05462962962962963
0 0.5604166666666667 0.5111111111111111 0.08125 0.07777777777777778
0 0.60546875 0.5078703703703704 0.0171875 0.04722222222222222
0 0.63984375 0.47314814814814815 0.034895833333333334 0.02962962962962963
0 0.6403645833333333 0.5 0.05260416666666667 0.05740740740740741
0 0.6794270833333333 0.48055555555555557 0.033854166666666664 0.046296296296296294
0 0.659375 0.5375 0.090625 0.10277777777777777
0 0.7447916666666666 0.5162037037037037 0.07604166666666666 0.08796296296296297
2 0.41953125 0.33287037037037037 0.0203125 0.010185185185185186
0 0.5302083333333333 0.49074074074074076 0.020833333333333332 0.02962962962962963
