1 0.7450520833333333 0.5282407407407408 0.013020833333333334 0.07685185185185185
1 0.05755208333333333 0.5513888888888889 0.0067708333333333336 0.06944444444444445
0 0.9299479166666667 0.5166666666666667 0.09114583333333333 0.07962962962962963
0 0.9872395833333333 0.5199074074074074 0.024479166666666666 0.03981481481481482
0 0.6236979166666666 0.524537037037037 0.033854166666666664 0.028703703703703703
0 0.5794270833333334 0.5337962962962963 0.05260416666666667 0.075
0 0.5361979166666667 0.5231481481481481 0.018229166666666668 0.02962962962962963
0 0.3723958333333333 0.5185185185185185 0.06770833333333333 0.14074074074074075
0 0.5041666666666667 0.5185185185185185 0.013541666666666667 0.022222222222222223
3 0.5401041666666667 0.399537037037037 0.013541666666666667 0.021296296296296296
0 0.459375 0.5203703703703704 0.016666666666666666 0.022222222222222223
