0 0.24921875 0.5712962962962963 0.0890625 0.10740740740740741
0 0.35572916666666665 0.5666666666666667 0.103125 0.14444444444444443
0 0.43984375 0.5458333333333333 0.0390625 0.05092592592592592
0 0.46536458333333336 0.5356481481481481 0.0234375 0.03796296296296296
0 0.47291666666666665 0.5277777777777778 0.017708333333333333 0.037037037037037035
0 0.49192708333333335 0.5393518518518519 0.015104166666666667 0.04351851851851852
0 0.5145833333333333 0.5472222222222223 0.04583333333333333 0.06481481481481481
0 0.5044270833333333 0.5037037037037037 0.022395833333333334 0.025925925925925925
2 0.44192708333333336 0.3800925925925926 0.019270833333333334 0.012037037037037037
2 0.4947916666666667 0.3763888888888889 0.01875 0.010185185185185186
1 0.653125 0.5388888888888889 0.022916666666666665 0.14814814814814814
