3 0.4859375 0.32083333333333336 0.013541666666666667 0.030555555555555555
2 0.5158854166666667 0.32685185185185184 0.022395833333333334 0.012962962962962963
1 0.2682291666666667 0.5324074074074074 0.023958333333333335 0.10925925925925926
1 0.2791666666666667 0.5194444444444445 0.014583333333333334 0.1037037037037037
1 0.29791666666666666 0.5199074074074074 0.022916666666666665 0.10648148148148148
1 0.3625 0.5185185185185185 0.009375 0.07037037037037037
1 0.8794270833333333 0.5324074074074074 0.1328125 0.30925925925925923
1 0.7302083333333333 0.513425925925926 0.029166666666666667 0.10092592592592593
1 0.696875 0.5041666666666667 0.01875 0.06759259259259259
1 0.6833333333333333 0.5222222222222223 0.01875 0.09444444444444444
1 0.6661458333333333 0.513425925925926 0.015625 0.08611111111111111
1 0.6986979166666667 0.5305555555555556 0.0171875 0.06851851851851852
1 0.91328125 0.6439814814814815 0.0484375 0.05277777777777778
0 0.48515625 0.5791666666666667 0.14114583333333333 0.19907407407407407
0 0.5208333333333334 0.5009259259259259 0.07083333333333333 0.09444444444444444
0 0.6158854166666666 0.5162037037037037 0.07239583333333334 0.11944444444444445
3 0.775 0.07546296296296297 0.040625 0.06759259259259259
1 0.8161458333333333 0.6375 0.15208333333333332 0.13240740740740742
2 0.54921875 0.43287037037037035 0.0078125 0.004629629629629629
2 0.5700520833333333 0.4324074074074074 0.0078125 0.005555555555555556
