2 0.5260416666666666 0.3731481481481482 0.0125 0.005555555555555556
2 0.5515625 0.37222222222222223 0.0125 0.005555555555555556
3 0.3859375 0.39814814814814814 0.013541666666666667 0.025925925925925925
3 0.5744791666666667 0.274537037037037 0.015625 0.026851851851851852
3 0.6864583333333333 0.3143518518518518 0.022916666666666665 0.03611111111111111
3 0.6859375 0.3648148148148148 0.021875 0.037037037037037035
3 0.7231770833333333 0.3277777777777778 0.015104166666666667 0.027777777777777776
0 0.13151041666666666 0.42824074074074076 0.2630208333333333 0.275
0 0.20572916666666666 0.537962962962963 0.365625 0.2814814814814815
0 0.54453125 0.43287037037037035 0.03177083333333333 0.03611111111111111
0 0.5455729166666666 0.4726851851851852 0.018229166666666668 0.07685185185185185
0 0.6361979166666667 0.43842592592592594 0.0390625 0.06018518518518518
0 0.67734375 0.46064814814814814 0.0765625 0.06944444444444445
0 0.9171875 0.4824074074074074 0.16458333333333333 0.1537037037037037
0 0.46822916666666664 0.7157407407407408 0.22395833333333334 0.5666666666666667
1 0.46640625 0.6467592592592593 0.2203125 0.7046296296296296
1 0.6453125 0.43657407407407406 0.011458333333333333 0.03425925925925926
1 0.7151041666666667 0.42083333333333334 0.009375 0.041666666666666664
1 0.83671875 0.3912037037037037 0.0296875 0.08055555555555556
