2 0.6658854166666667 0.35694444444444445 0.025520833333333333 0.012037037037037037
2 0.7239583333333334 0.35509259259259257 0.026041666666666668 0.012037037037037037
2 0.7768229166666667 0.3527777777777778 0.0265625 0.012962962962962963
2 0.6549479166666666 0.4111111111111111 0.016145833333333335 0.007407407407407408
2 0.69765625 0.4101851851851852 0.016145833333333335 0.007407407407407408
3 0.6986979166666667 0.3453703703703704 0.016145833333333335 0.027777777777777776
3 0.9270833333333334 0.46111111111111114 0.014583333333333334 0.025925925925925925
0 0.6828125 0.537962962962963 0.040625 0.07962962962962963
0 0.7033854166666667 0.549537037037037 0.04635416666666667 0.09907407407407408
0 0.740625 0.5648148148148148 0.08541666666666667 0.13333333333333333
0 0.8328125 0.5962962962962963 0.18020833333333333 0.2074074074074074
0 0.9236979166666667 0.6995370370370371 0.1515625 0.4546296296296296
0 0.8544270833333333 0.4949074074074074 0.0984375 0.058333333333333334
0 0.940625 0.5259259259259259 0.059375 0.06851851851851852
0 0.5927083333333333 0.5819444444444445 0.13541666666666666 0.18981481481481483
0 0.5143229166666666 0.5273148148148148 0.05260416666666667 0.06944444444444445
0 0.39505208333333336 0.5375 0.0296875 0.07314814814814814
0 0.37109375 0.525 0.0359375 0.040740740740740744
0 0.2877604166666667 0.5222222222222223 0.03802083333333333 0.03333333333333333
0 0.1578125 0.6833333333333333 0.315625 0.48518518518518516
0 0.4434895833333333 0.5648148148148148 0.11822916666666666 0.1425925925925926
