0 0.49895833333333334 0.5717592592592593 0.084375 0.1175925925925926
0 0.43697916666666664 0.5393518518518519 0.03125 0.058333333333333334
0 0.38333333333333336 0.5449074074074074 0.03229166666666667 0.03981481481481482
0 0.340625 0.5472222222222223 0.04895833333333333 0.06481481481481481
0 0.2877604166666667 0.5291666666666667 0.0265625 0.019444444444444445
0 0.24895833333333334 0.5282407407407408 0.03125 0.023148148148148147
0 0.23046875 0.5282407407407408 0.016145833333333335 0.025
0 0.19869791666666667 0.5324074074074074 0.025520833333333333 0.020370370370370372
0 0.10755208333333334 0.5263888888888889 0.06302083333333333 0.03796296296296296
0 0.027083333333333334 0.5342592592592592 0.05416666666666667 0.03148148148148148
