1 0.871875 0.5356481481481481 0.03333333333333333 0.1935185185185185
1 0.8502604166666666 0.5305555555555556 0.028645833333333332 0.19444444444444445
0 0.9794270833333333 0.49907407407407406 0.04010416666666667 0.13148148148148148
0 0.9197916666666667 0.49722222222222223 0.13645833333333332 0.16666666666666666
0 0.3619791666666667 0.611574074074074 0.19791666666666666 0.262037037037037
0 0.42864583333333334 0.524074074074074 0.08541666666666667 0.20925925925925926
0 0.48802083333333335 0.5083333333333333 0.030208333333333334 0.03888888888888889
0 0.5263020833333333 0.5092592592592593 0.033854166666666664 0.04259259259259259
0 0.5778645833333333 0.48842592592592593 0.0203125 0.026851851851851852
2 0.5552083333333333 0.05 0.058333333333333334 0.03518518518518519
2 0.6854166666666667 0.04675925925925926 0.058333333333333334 0.03611111111111111
2 0.45859375 0.4324074074074074 0.009895833333333333 0.005555555555555556
2 0.4778645833333333 0.4310185185185185 0.009895833333333333 0.004629629629629629
2 0.47760416666666666 0.43842592592592594 0.007291666666666667 0.004629629629629629
2 0.4609375 0.4388888888888889 0.007291666666666667 0.003703703703703704
