0 0.024739583333333332 0.5398148148148149 0.049479166666666664 0.08703703703703704
0 0.07447916666666667 0.5550925925925926 0.041666666666666664 0.041666666666666664
1 0.14921875 0.5342592592592592 0.008854166666666666 0.044444444444444446
0 0.33697916666666666 0.5273148148148148 0.03125 0.030555555555555555
0 0.38645833333333335 0.5083333333333333 0.04375 0.03333333333333333
0 0.43984375 0.5439814814814815 0.07135416666666666 0.09537037037037037
0 0.50234375 0.513425925925926 0.0515625 0.12314814814814815
0 0.65 0.5657407407407408 0.12291666666666666 0.15
0 0.5942708333333333 0.5472222222222223 0.040625 0.1037037037037037
0 0.5796875 0.5398148148148149 0.0375 0.09074074074074075
0 0.5700520833333333 0.5310185185185186 0.03802083333333333 0.075
0 0.55546875 0.5259259259259259 0.021354166666666667 0.06851851851851852
0 0.5455729166666666 0.5259259259259259 0.013020833333333334 0.037037037037037035
0 0.5473958333333333 0.5157407407407407 0.017708333333333333 0.046296296296296294
2 0.48489583333333336 0.4476851851851852 0.011458333333333333 0.006481481481481481
2 0.5505208333333333 0.4537037037037037 0.010416666666666666 0.005555555555555556
0 0.38125 0.5189814814814815 0.027083333333333334 0.026851851851851852
