0 0.030989583333333334 0.7490740740740741 0.06197916666666667 0.3148148148148148
0 0.04895833333333333 0.575462962962963 0.09791666666666667 0.10092592592592593
0 0.10598958333333333 0.5143518518518518 0.15572916666666667 0.1175925925925926
0 0.30442708333333335 0.5421296296296296 0.030729166666666665 0.04722222222222222
0 0.33489583333333334 0.538425925925926 0.041666666666666664 0.058333333333333334
0 0.3927083333333333 0.5541666666666667 0.07604166666666666 0.10833333333333334
0 0.4700520833333333 0.5314814814814814 0.027604166666666666 0.037037037037037035
0 0.5252604166666667 0.5398148148148149 0.0421875 0.06111111111111111
0 0.546875 0.5263888888888889 0.013541666666666667 0.025
0 0.5442708333333334 0.5106481481481482 0.023958333333333335 0.04537037037037037
0 0.59140625 0.5393518518518519 0.05364583333333333 0.07314814814814814
1 0.990625 0.4740740740740741 0.017708333333333333 0.03333333333333333
1 0.5182291666666666 0.36574074074074076 0.00625 0.03333333333333333
1 0.49192708333333335 0.362962962962963 0.0067708333333333336 0.037037037037037035
3 0.7697916666666667 0.02638888888888889 0.027083333333333334 0.04722222222222222
2 0.4973958333333333 0.4759259259259259 0.007291666666666667 0.005555555555555556
2 0.5229166666666667 0.47453703703703703 0.007291666666666667 0.004629629629629629
