0 0.12447916666666667 0.5333333333333333 0.059375 0.05555555555555555
0 0.28125 0.5300925925925926 0.071875 0.05092592592592592
0 0.26979166666666665 0.5439814814814815 0.06145833333333333 0.06574074074074074
0 0.37057291666666664 0.55 0.0765625 0.09444444444444444
0 0.5802083333333333 0.5166666666666667 0.04375 0.07222222222222222
0 0.6341145833333334 0.5462962962962963 0.08072916666666667 0.1
0 0.7015625 0.5370370370370371 0.05625 0.07592592592592592
0 0.7768229166666667 0.5425925925925926 0.10677083333333333 0.12407407407407407
0 0.959375 0.5777777777777777 0.08020833333333334 0.2222222222222222
2 0.2916666666666667 0.3333333333333333 0.023958333333333335 0.016666666666666666
2 0.596875 0.3587962962962963 0.01875 0.010185185185185186
2 0.6627604166666666 0.36064814814814816 0.019270833333333334 0.010185185185185186
3 0.6177083333333333 0.34953703703703703 0.016666666666666666 0.030555555555555555
3 0.6380208333333334 0.3476851851851852 0.017708333333333333 0.030555555555555555
0 0.5049479166666667 0.5555555555555556 0.1078125 0.17592592592592593
