1 0.059375 0.5472222222222223 0.042708333333333334 0.06851851851851852
2 0.43255208333333334 0.3296296296296296 0.022395833333333334 0.012962962962962963
2 0.49713541666666666 0.3300925925925926 0.022395833333333334 0.010185185185185186
2 0.46979166666666666 0.3962962962962963 0.0125 0.007407407407407408
0 0.42421875 0.5453703703703704 0.07864583333333333 0.1
0 0.5203125 0.5319444444444444 0.04895833333333333 0.06759259259259259
0 0.5223958333333333 0.5180555555555556 0.052083333333333336 0.058333333333333334
0 0.5557291666666667 0.5064814814814815 0.0375 0.04259259259259259
0 0.6026041666666667 0.5027777777777778 0.035416666666666666 0.037037037037037035
2 0.4231770833333333 0.10972222222222222 0.0515625 0.028703703703703703
