0 0.10026041666666667 0.6981481481481482 0.19947916666666668 0.4703703703703704
0 0.14869791666666668 0.5675925925925925 0.10260416666666666 0.13148148148148148
0 0.20729166666666668 0.5407407407407407 0.057291666666666664 0.08333333333333333
0 0.275 0.5486111111111112 0.07708333333333334 0.09351851851851851
0 0.33307291666666666 0.5361111111111111 0.049479166666666664 0.06666666666666667
0 0.3653645833333333 0.5300925925925926 0.0328125 0.05277777777777778
0 0.40989583333333335 0.537962962962963 0.06145833333333333 0.08888888888888889
0 0.43802083333333336 0.5032407407407408 0.021875 0.049074074074074076
0 0.5065104166666666 0.5648148148148148 0.10052083333333334 0.1425925925925926
0 0.6403645833333333 0.5148148148148148 0.030729166666666665 0.027777777777777776
1 0.65703125 0.5055555555555555 0.008854166666666666 0.03148148148148148
1 0.8872395833333333 0.5300925925925926 0.0265625 0.06759259259259259
2 0.4869791666666667 0.41759259259259257 0.0125 0.005555555555555556
2 0.5223958333333333 0.41759259259259257 0.0125 0.007407407407407408
2 0.4940104166666667 0.4587962962962963 0.0067708333333333336 0.006481481481481481
2 0.5135416666666667 0.4587962962962963 0.00625 0.006481481481481481
