2 0.5270833333333333 0.40185185185185185 0.019791666666666666 0.009259259259259259
2 0.48463541666666665 0.4064814814814815 0.019270833333333334 0.009259259259259259
1 0.74375 0.512962962962963 0.016666666666666666 0.08333333333333333
1 0.73046875 0.5388888888888889 0.016145833333333335 0.10740740740740741
1 0.7122395833333334 0.5347222222222222 0.021354166666666667 0.1361111111111111
1 0.5106770833333333 0.5671296296296297 0.07135416666666666 0.2324074074074074
1 0.5044270833333333 0.5680555555555555 0.0640625 0.2175925925925926
1 0.005989583333333334 0.5675925925925925 0.011979166666666667 0.09074074074074075
0 0.03515625 0.5541666666666667 0.0203125 0.03796296296296296
0 0.07395833333333333 0.5467592592592593 0.08541666666666667 0.058333333333333334
0 0.3307291666666667 0.5333333333333333 0.10729166666666666 0.11296296296296296
0 0.38619791666666664 0.5222222222222223 0.059895833333333336 0.06666666666666667
0 0.42265625 0.5212962962962963 0.0140625 0.03148148148148148
0 0.4317708333333333 0.5189814814814815 0.015625 0.028703703703703703
0 0.4942708333333333 0.5555555555555556 0.11041666666666666 0.17222222222222222
0 0.49973958333333335 0.6069444444444444 0.06197916666666667 0.15833333333333333
0 0.54765625 0.5226851851851851 0.0234375 0.03981481481481482
0 0.5846354166666666 0.5222222222222223 0.030729166666666665 0.044444444444444446
0 0.6393229166666666 0.5194444444444445 0.08177083333333333 0.08333333333333333
3 0.509375 0.39490740740740743 0.0125 0.021296296296296296
