0 0.0328125 0.5587962962962963 0.065625 0.10092592592592593
0 0.12786458333333334 0.5444444444444444 0.09947916666666666 0.1
0 0.13072916666666667 0.4708333333333333 0.06041666666666667 0.05092592592592592
0 0.12005208333333334 0.5027777777777778 0.049479166666666664 0.03333333333333333
0 0.20807291666666666 0.537962962962963 0.058854166666666666 0.06296296296296296
0 0.2630208333333333 0.5319444444444444 0.052083333333333336 0.05092592592592592
0 0.334375 0.4912037037037037 0.08229166666666667 0.11388888888888889
0 0.51328125 0.5120370370370371 0.0203125 0.027777777777777776
0 0.53828125 0.5148148148148148 0.025520833333333333 0.04259259259259259
0 0.55390625 0.5199074074074074 0.024479166666666666 0.049074074074074076
0 0.5768229166666666 0.524537037037037 0.043229166666666666 0.06388888888888888
0 0.5963541666666666 0.5356481481481481 0.04895833333333333 0.07314814814814814
0 0.65234375 0.5412037037037037 0.09114583333333333 0.1398148148148148
0 0.7763020833333333 0.5851851851851851 0.24010416666666667 0.26481481481481484
3 0.6494791666666667 0.060648148148148145 0.05 0.07314814814814814
3 0.6981770833333333 0.0699074074074074 0.04635416666666667 0.075
