0 0.028645833333333332 0.6050925925925926 0.0375 0.13796296296296295
0 0.14375 0.5666666666666667 0.075 0.08888888888888889
0 0.24114583333333334 0.5532407407407407 0.04791666666666667 0.05092592592592592
0 0.30104166666666665 0.5472222222222223 0.05625 0.053703703703703705
0 0.5200520833333333 0.5722222222222222 0.1171875 0.1685185185185185
0 0.6075520833333333 0.5518518518518518 0.06197916666666667 0.08148148148148149
0 0.7265625 0.5009259259259259 0.18958333333333333 0.3592592592592593
0 0.8270833333333333 0.5435185185185185 0.013541666666666667 0.06296296296296296
1 0.8450520833333334 0.5277777777777778 0.008854166666666666 0.06481481481481481
2 0.8247395833333333 0.35185185185185186 0.0109375 0.016666666666666666
0 0.35859375 0.5504629629629629 0.013020833333333334 0.030555555555555555
