2 0.5088541666666667 0.4398148148148148 0.010416666666666666 0.005555555555555556
2 0.5375 0.44166666666666665 0.010416666666666666 0.005555555555555556
0 0.09479166666666666 0.5638888888888889 0.18958333333333333 0.18518518518518517
0 0.20625 0.4976851851851852 0.09166666666666666 0.06944444444444445
0 0.25625 0.4875 0.01875 0.025
0 0.4244791666666667 0.5833333333333334 0.06145833333333333 0.18888888888888888
0 0.540625 0.6652777777777777 0.25416666666666665 0.41759259259259257
0 0.6552083333333333 0.5050925925925925 0.06666666666666667 0.058333333333333334
0 0.6692708333333334 0.5587962962962963 0.06354166666666666 0.11388888888888889
0 0.7591145833333334 0.5726851851851852 0.1734375 0.21574074074074073
0 0.88671875 0.6805555555555556 0.22552083333333334 0.37592592592592594
0 0.8989583333333333 0.42268518518518516 0.20104166666666667 0.2064814814814815
0 0.21484375 0.4703703703703704 0.03802083333333333 0.024074074074074074
