3 0.67890625 0.20046296296296295 0.030729166666666665 0.06018518518518518
0 0.7309895833333333 0.40694444444444444 0.24322916666666666 0.4583333333333333
0 0.47552083333333334 0.4847222222222222 0.015625 0.025
0 0.4322916666666667 0.48935185185185187 0.019791666666666666 0.032407407407407406
0 0.41041666666666665 0.4925925925925926 0.01875 0.025925925925925925
0 0.38385416666666666 0.4828703703703704 0.015625 0.03425925925925926
0 0.36953125 0.4824074074074074 0.0234375 0.04259259259259259
0 0.34322916666666664 0.4842592592592593 0.016666666666666666 0.027777777777777776
0 0.2890625 0.4949074074074074 0.01875 0.030555555555555555
0 0.21354166666666666 0.4828703703703704 0.078125 0.12314814814814815
0 0.0890625 0.5296296296296297 0.10416666666666667 0.13703703703703704
