0 0.23645833333333333 0.5606481481481481 0.06875 0.08425925925925926
0 0.328125 0.5722222222222222 0.13020833333333334 0.16666666666666666
0 0.4630208333333333 0.5412037037037037 0.023958333333333335 0.03425925925925926
0 0.503125 0.5416666666666666 0.022916666666666665 0.02962962962962963
1 0.6307291666666667 0.5444444444444444 0.017708333333333333 0.07222222222222222
0 0.646875 0.5527777777777778 0.03854166666666667 0.08888888888888889
0 0.6671875 0.5546296296296296 0.03958333333333333 0.1
0 0.7328125 0.5625 0.13333333333333333 0.16574074074074074
0 0.7838541666666666 0.4875 0.027083333333333334 0.025
3 0.51328125 0.38842592592592595 0.011979166666666667 0.021296296296296296
3 0.61015625 0.46435185185185185 0.011979166666666667 0.023148148148148147
