0 0.02734375 0.5509259259259259 0.0515625 0.024074074074074074
0 0.128125 0.5388888888888889 0.06145833333333333 0.040740740740740744
0 0.24505208333333334 0.6060185185185185 0.19947916666666668 0.24166666666666667
0 0.428125 0.5657407407407408 0.025 0.037037037037037035
0 0.46588541666666666 0.5675925925925925 0.028645833333333332 0.037037037037037035
0 0.4822916666666667 0.5699074074074074 0.011458333333333333 0.026851851851851852
0 0.7674479166666667 0.5351851851851852 0.07864583333333333 0.08518518518518518
3 0.46796875 0.2574074074074074 0.025520833333333333 0.044444444444444446
3 0.7083333333333334 0.39814814814814814 0.029166666666666667 0.05185185185185185
3 0.7091145833333333 0.44537037037037036 0.025520833333333333 0.04814814814814815
