1 0.28984375 0.5189814814814815 0.0171875 0.04351851851851852
1 0.30755208333333334 0.5032407407407408 0.0140625 0.025
1 0.23958333333333334 0.5425925925925926 0.017708333333333333 0.08518518518518518
1 0.20052083333333334 0.5439814814814815 0.026041666666666668 0.11018518518518519
1 0.8393229166666667 0.5699074074074074 0.07239583333333334 0.20092592592592592
3 0.5510416666666667 0.31851851851851853 0.023958333333333335 0.03888888888888889
0 0.4583333333333333 0.5097222222222222 0.020833333333333332 0.030555555555555555
0 0.46901041666666665 0.5069444444444444 0.018229166666666668 0.030555555555555555
0 0.47317708333333336 0.5027777777777778 0.016145833333333335 0.025925925925925925
0 0.42552083333333335 0.5337962962962963 0.053125 0.05648148148148148
0 0.31875 0.5611111111111111 0.0875 0.1
0 0.06328125 0.5819444444444445 0.1265625 0.24537037037037038
