0 0.475 0.33611111111111114 0.09479166666666666 0.06666666666666667
0 0.11432291666666666 0.5731481481481482 0.19947916666666668 0.20555555555555555
0 0.29348958333333336 0.5555555555555556 0.0734375 0.09444444444444444
0 0.3411458333333333 0.5180555555555556 0.071875 0.14166666666666666
0 0.39088541666666665 0.5212962962962963 0.028645833333333332 0.09814814814814815
0 0.42890625 0.5462962962962963 0.05572916666666667 0.07407407407407407
0 0.5463541666666667 0.5634259259259259 0.03333333333333333 0.09537037037037037
1 0.54609375 0.5361111111111111 0.0265625 0.09074074074074075
3 0.60625 0.43703703703703706 0.014583333333333334 0.02962962962962963
3 0.6065104166666667 0.4638888888888889 0.013020833333333334 0.025925925925925925
3 0.67734375 0.3333333333333333 0.030729166666666665 0.053703703703703705
3 0.6768229166666667 0.3814814814814815 0.030729166666666665 0.05185185185185185
0 0.571875 0.5212962962962963 0.022916666666666665 0.022222222222222223
0 0.6125 0.5541666666666667 0.06979166666666667 0.09907407407407408
0 0.6651041666666667 0.5689814814814815 0.084375 0.1361111111111111
0 0.74375 0.5916666666666667 0.15104166666666666 0.20185185185185187
0 0.8966145833333333 0.6037037037037037 0.20572916666666666 0.5462962962962963
