2 0.6479166666666667 0.42453703703703705 0.0125 0.006481481481481481
2 0.6205729166666667 0.42685185185185187 0.013020833333333334 0.007407407407407408
0 0.4700520833333333 0.5157407407407407 0.0515625 0.06851851851851852
0 0.5046875 0.5069444444444444 0.023958333333333335 0.026851851851851852
0 0.525 0.512962962962963 0.036458333333333336 0.04259259259259259
0 0.6052083333333333 0.47824074074074074 0.020833333333333332 0.023148148148148147
0 0.6143229166666667 0.5087962962962963 0.033854166666666664 0.058333333333333334
1 0.63203125 0.5064814814814815 0.018229166666666668 0.05740740740740741
0 0.6315104166666666 0.5236111111111111 0.018229166666666668 0.04537037037037037
0 0.6625 0.5027777777777778 0.03125 0.05555555555555555
1 0.7046875 0.5055555555555555 0.007291666666666667 0.05
1 0.8989583333333333 0.5152777777777777 0.025 0.10833333333333334
0 0.57578125 0.5013888888888889 0.016145833333333335 0.023148148148148147
