3 0.026041666666666668 0.41388888888888886 0.022916666666666665 0.046296296296296294
3 0.6005208333333333 0.29953703703703705 0.028125 0.049074074074074076
0 0.07838541666666667 0.5777777777777777 0.15677083333333333 0.12962962962962962
0 0.020572916666666666 0.538425925925926 0.04114583333333333 0.05648148148148148
0 0.4466145833333333 0.5152777777777777 0.0203125 0.026851851851851852
0 0.43854166666666666 0.512962962962963 0.0125 0.024074074074074074
0 0.50546875 0.5569444444444445 0.09947916666666666 0.1398148148148148
0 0.5434895833333333 0.5166666666666667 0.0140625 0.037037037037037035
0 0.54453125 0.5027777777777778 0.0171875 0.020370370370370372
1 0.3796875 0.5175925925925926 0.00625 0.03148148148148148
1 0.5513020833333333 0.5148148148148148 0.0036458333333333334 0.024074074074074074
1 0.5684895833333333 0.5120370370370371 0.0109375 0.05740740740740741
1 0.6372395833333333 0.5277777777777778 0.018229166666666668 0.08518518518518518
