0 0.65703125 0.4689814814814815 0.044270833333333336 0.058333333333333334
0 0.7096354166666666 0.4699074074074074 0.0609375 0.1175925925925926
0 0.7611979166666667 0.4537037037037037 0.0296875 0.037037037037037035
0 0.8109375 0.47175925925925927 0.041666666666666664 0.058333333333333334
0 0.91171875 0.4898148148148148 0.0671875 0.09074074074074075
0 0.8890625 0.4638888888888889 0.035416666666666666 0.06111111111111111
0 0.90546875 0.4111111111111111 0.0546875 0.07037037037037037
0 0.9705729166666667 0.40925925925925927 0.030729166666666665 0.044444444444444446
0 0.8473958333333333 0.4537037037037037 0.030208333333333334 0.044444444444444446
0 0.8276041666666667 0.4439814814814815 0.019791666666666666 0.03425925925925926
0 0.9447916666666667 0.44722222222222224 0.01875 0.02962962962962963
0 0.8044270833333333 0.4476851851851852 0.022395833333333334 0.03796296296296296
0 0.8598958333333333 0.44212962962962965 0.019791666666666666 0.026851851851851852
