0 0.05 0.45740740740740743 0.014583333333333334 0.024074074074074074
0 0.07161458333333333 0.4398148148148148 0.018229166666666668 0.040740740740740744
0 0.03958333333333333 0.49074074074074076 0.025 0.03518518518518519
0 0.1484375 0.5425925925925926 0.11875 0.06481481481481481
1 0.22734375 0.5518518518518518 0.0296875 0.1388888888888889
0 0.22239583333333332 0.5615740740740741 0.08958333333333333 0.11944444444444445
0 0.2716145833333333 0.5078703703703704 0.1140625 0.06018518518518518
0 0.3515625 0.5393518518518519 0.18333333333333332 0.13425925925925927
0 0.48098958333333336 0.5347222222222222 0.09322916666666667 0.09537037037037037
0 0.5236979166666667 0.5310185185185186 0.11510416666666666 0.10648148148148148
0 0.6106770833333334 0.5305555555555556 0.1765625 0.12962962962962962
0 0.703125 0.5199074074074074 0.04583333333333333 0.08611111111111111
0 0.728125 0.49444444444444446 0.07291666666666667 0.04814814814814815
0 0.8505208333333333 0.562037037037037 0.29791666666666666 0.20185185185185187
0 0.9575520833333333 0.4847222222222222 0.08385416666666666 0.10092592592592593
0 0.02734375 0.45416666666666666 0.015104166666666667 0.023148148148148147
3 0.13958333333333334 0.45092592592592595 0.011458333333333333 0.02962962962962963
3 0.14010416666666667 0.4828703703703704 0.011458333333333333 0.030555555555555555
