2 0.9861979166666667 0.03518518518518519 0.0265625 0.07037037037037037
1 0.1875 0.5337962962962963 0.009375 0.05277777777777778
1 0.19375 0.5444444444444444 0.007291666666666667 0.05740740740740741
1 0.21979166666666666 0.5351851851851852 0.008333333333333333 0.06851851851851852
1 0.23020833333333332 0.5393518518518519 0.009375 0.06018518518518518
1 0.253125 0.5458333333333333 0.03125 0.03981481481481482
1 0.25494791666666666 0.5351851851851852 0.008854166666666666 0.05555555555555555
1 0.30130208333333336 0.5300925925925926 0.0067708333333333336 0.05277777777777778
0 0.3458333333333333 0.5032407407407408 0.03854166666666667 0.05648148148148148
0 0.1890625 0.49907407407407406 0.052083333333333336 0.04814814814814815
0 0.3692708333333333 0.5287037037037037 0.034375 0.03888888888888889
0 0.39479166666666665 0.524074074074074 0.020833333333333332 0.03333333333333333
0 0.41380208333333335 0.524074074074074 0.027604166666666666 0.04259259259259259
0 0.43333333333333335 0.5217592592592593 0.016666666666666666 0.028703703703703703
0 0.5177083333333333 0.5361111111111111 0.042708333333333334 0.06111111111111111
0 0.49713541666666666 0.5236111111111111 0.013020833333333334 0.032407407407407406
1 0.5846354166666666 0.5138888888888888 0.005729166666666666 0.027777777777777776
1 0.6161458333333333 0.5236111111111111 0.005208333333333333 0.04537037037037037
1 0.625 0.524074074074074 0.007291666666666667 0.046296296296296294
1 0.6565104166666667 0.5226851851851851 0.0067708333333333336 0.04722222222222222
1 0.6205729166666667 0.5305555555555556 0.005729166666666666 0.03518518518518519
1 0.7778645833333333 0.5300925925925926 0.0078125 0.030555555555555555
1 0.7690104166666667 0.5194444444444445 0.009895833333333333 0.05
1 0.7583333333333333 0.5199074074074074 0.009375 0.05092592592592592
1 0.7247395833333333 0.5115740740740741 0.0067708333333333336 0.03611111111111111
1 0.7341145833333333 0.5152777777777777 0.0046875 0.025
1 0.7401041666666667 0.5087962962962963 0.00625 0.03981481481481482
1 0.7450520833333333 0.5074074074074074 0.0046875 0.03518518518518519
0 0.94296875 0.4935185185185185 0.0765625 0.10925925925925926
0 0.9731770833333333 0.513425925925926 0.0515625 0.0712962962962963
3 0.6640625 0.4199074074074074 0.0125 0.025
