0 0.027604166666666666 0.5662037037037037 0.05520833333333333 0.11203703703703703
0 0.1328125 0.5680555555555555 0.125 0.10833333333333334
0 0.25 0.5652777777777778 0.13645833333333332 0.12314814814814815
0 0.16328125 0.5236111111111111 0.09010416666666667 0.05092592592592592
0 0.23229166666666667 0.5208333333333334 0.065625 0.041666666666666664
0 0.3640625 0.525 0.03333333333333333 0.040740740740740744
0 0.3921875 0.5222222222222223 0.026041666666666668 0.03518518518518519
0 0.41328125 0.5208333333333334 0.018229166666666668 0.026851851851851852
0 0.4669270833333333 0.5171296296296296 0.013020833333333334 0.021296296296296296
0 0.5015625 0.5402777777777777 0.057291666666666664 0.0824074074074074
0 0.5260416666666666 0.5175925925925926 0.014583333333333334 0.02962962962962963
0 0.5734375 0.5208333333333334 0.01875 0.025
0 0.6236979166666666 0.5462962962962963 0.0765625 0.08703703703703704
1 0.7013020833333333 0.513425925925926 0.005729166666666666 0.023148148148148147
0 0.7302083333333333 0.5273148148148148 0.071875 0.05092592592592592
0 0.8059895833333334 0.524074074074074 0.058854166666666666 0.044444444444444446
0 0.846875 0.524074074074074 0.06041666666666667 0.05185185185185185
2 0.63046875 0.27685185185185185 0.030729166666666665 0.018518518518518517
2 0.52890625 0.27685185185185185 0.03177083333333333 0.020370370370370372
3 0.57578125 0.25972222222222224 0.0171875 0.030555555555555555
3 0.1609375 0.5444444444444444 0.01875 0.05740740740740741
