0 0.009635416666666667 0.5532407407407407 0.019270833333333334 0.06388888888888888
0 0.03177083333333333 0.538425925925926 0.06354166666666666 0.07685185185185185
0 0.07864583333333333 0.5310185185185186 0.10208333333333333 0.08425925925925926
0 0.16770833333333332 0.5699074074074074 0.046875 0.11574074074074074
0 0.3763020833333333 0.5273148148148148 0.0265625 0.03981481481481482
0 0.41875 0.5212962962962963 0.03229166666666667 0.05
0 0.43854166666666666 0.5185185185185185 0.014583333333333334 0.02962962962962963
0 0.45703125 0.5 0.019270833333333334 0.037037037037037035
0 0.47213541666666664 0.5097222222222222 0.0171875 0.030555555555555555
2 0.49635416666666665 0.44212962962962965 0.010416666666666666 0.004629629629629629
2 0.5106770833333333 0.47453703703703703 0.0046875 0.004629629629629629
0 0.49505208333333334 0.512962962962963 0.018229166666666668 0.02962962962962963
0 0.521875 0.49953703703703706 0.020833333333333332 0.04351851851851852
0 0.9770833333333333 0.5462962962962963 0.04479166666666667 0.1685185185185185
0 0.8479166666666667 0.5365740740740741 0.10729166666666666 0.14722222222222223
0 0.7908854166666667 0.5310185185185186 0.07447916666666667 0.09537037037037037
3 0.61640625 0.3611111111111111 0.027604166666666666 0.04814814814814815
0 0.6484375 0.5254629629629629 0.08645833333333333 0.15833333333333333
0 0.7096354166666666 0.5171296296296296 0.06510416666666667 0.08981481481481482
0 0.2565104166666667 0.6023148148148149 0.21510416666666668 0.23425925925925925
3 0.9609375 0.09768518518518518 0.07708333333333334 0.19537037037037036
