1 0.6356770833333333 0.5402777777777777 0.016145833333333335 0.03796296296296296
3 0.5635416666666667 0.375 0.0125 0.022222222222222223
0 0.1921875 0.5555555555555556 0.09166666666666666 0.0962962962962963
0 0.35833333333333334 0.5305555555555556 0.0625 0.08148148148148149
0 0.5028645833333333 0.5731481481481482 0.09947916666666666 0.1388888888888889
0 0.5768229166666666 0.5231481481481481 0.030729166666666665 0.053703703703703705
0 0.6166666666666667 0.5314814814814814 0.053125 0.05555555555555555
0 0.83671875 0.5402777777777777 0.2078125 0.14537037037037037
1 0.24661458333333333 0.5912037037037037 0.0296875 0.175
1 0.4434895833333333 0.5300925925925926 0.0046875 0.028703703703703703
1 0.559375 0.5291666666666667 0.007291666666666667 0.049074074074074076
1 0.5822916666666667 0.5273148148148148 0.007291666666666667 0.049074074074074076
1 0.7786458333333334 0.5847222222222223 0.03125 0.19166666666666668
