0 0.7354166666666667 0.575462962962963 0.171875 0.1824074074074074
0 0.6098958333333333 0.5393518518518519 0.09895833333333333 0.09907407407407408
0 0.5575520833333333 0.5291666666666667 0.0453125 0.062037037037037036
0 0.5247395833333334 0.524537037037037 0.0390625 0.049074074074074076
0 0.49453125 0.5203703703703704 0.0265625 0.03333333333333333
0 0.44635416666666666 0.5208333333333334 0.028125 0.041666666666666664
0 0.41901041666666666 0.5 0.034895833333333334 0.06296296296296296
0 0.35494791666666664 0.5277777777777778 0.0203125 0.02962962962962963
0 0.35 0.5171296296296296 0.013541666666666667 0.028703703703703703
0 0.2734375 0.5018518518518519 0.03958333333333333 0.08148148148148149
0 0.0609375 0.5106481481481482 0.04791666666666667 0.1361111111111111
0 0.016927083333333332 0.5333333333333333 0.033854166666666664 0.10740740740740741
