0 0.7231770833333333 0.5439814814814815 0.16197916666666667 0.2212962962962963
0 0.8325520833333333 0.49953703703703706 0.08802083333333334 0.125
0 0.9390625 0.5013888888888889 0.042708333333333334 0.028703703703703703
1 0.9463541666666667 0.5018518518518519 0.009375 0.05185185185185185
0 0.04791666666666667 0.5578703703703703 0.09583333333333334 0.09722222222222222
0 0.11484375 0.5555555555555556 0.08177083333333333 0.08888888888888889
0 0.215625 0.5402777777777777 0.18541666666666667 0.12314814814814815
0 0.3098958333333333 0.55 0.034375 0.08148148148148149
1 0.32005208333333335 0.5486111111111112 0.0265625 0.08425925925925926
0 0.33541666666666664 0.5685185185185185 0.017708333333333333 0.03518518518518519
0 0.35182291666666665 0.5685185185185185 0.043229166666666666 0.037037037037037035
0 0.38776041666666666 0.5634259259259259 0.08072916666666667 0.04351851851851852
0 0.45234375 0.5652777777777778 0.05572916666666667 0.03425925925925926
0 0.6328125 0.5402777777777777 0.034375 0.028703703703703703
2 0.19088541666666667 0.25601851851851853 0.04635416666666667 0.023148148148148147
3 0.24296875 0.24305555555555555 0.028645833333333332 0.06944444444444445
2 0.28932291666666665 0.26064814814814813 0.0453125 0.023148148148148147
