0 0.5044270833333333 0.5662037037037037 0.0984375 0.16018518518518518
0 0.9143229166666667 0.6134259259259259 0.1703125 0.2601851851851852
0 0.86875 0.5361111111111111 0.1125 0.12777777777777777
0 0.8364583333333333 0.49444444444444446 0.17708333333333334 0.17222222222222222
0 0.6359375 0.5337962962962963 0.08229166666666667 0.062037037037037036
0 0.5809895833333333 0.5421296296296296 0.0171875 0.025
0 0.5744791666666667 0.5314814814814814 0.03229166666666667 0.03148148148148148
0 0.5744791666666667 0.5203703703703704 0.03229166666666667 0.03148148148148148
0 0.0328125 0.649074074074074 0.065625 0.06111111111111111
0 0.08098958333333334 0.6342592592592593 0.0953125 0.05185185185185185
0 0.11875 0.6208333333333333 0.04895833333333333 0.04351851851851852
0 0.16458333333333333 0.6138888888888889 0.059375 0.044444444444444446
0 0.20104166666666667 0.6027777777777777 0.04791666666666667 0.03333333333333333
0 0.16692708333333334 0.5787037037037037 0.14947916666666666 0.06666666666666667
0 0.25052083333333336 0.5902777777777778 0.03125 0.028703703703703703
0 0.27395833333333336 0.5833333333333334 0.04895833333333333 0.02962962962962963
0 0.028125 0.5564814814814815 0.05625 0.03888888888888889
0 0.051041666666666666 0.5532407407407407 0.0625 0.03425925925925926
0 0.07421875 0.5569444444444445 0.04114583333333333 0.025
0 0.07239583333333334 0.5467592592592593 0.06041666666666667 0.032407407407407406
