0 0.015885416666666666 0.5703703703703704 0.03177083333333333 0.11481481481481481
1 0.11484375 0.5143518518518518 0.011979166666666667 0.03611111111111111
0 0.13046875 0.5550925925925926 0.09739583333333333 0.0824074074074074
1 0.240625 0.5194444444444445 0.007291666666666667 0.05
1 0.271875 0.524074074074074 0.008333333333333333 0.040740740740740744
0 0.33359375 0.5162037037037037 0.028645833333333332 0.041666666666666664
0 0.34921875 0.5203703703703704 0.034895833333333334 0.044444444444444446
0 0.3880208333333333 0.5166666666666667 0.019791666666666666 0.027777777777777776
0 0.4083333333333333 0.5143518518518518 0.020833333333333332 0.026851851851851852
0 0.50703125 0.5106481481481482 0.018229166666666668 0.025
0 0.44140625 0.5101851851851852 0.015104166666666667 0.022222222222222223
