2 0.7130208333333333 0.16111111111111112 0.0625 0.04259259259259259
2 0.55390625 0.4166666666666667 0.018229166666666668 0.011111111111111112
3 0.7515625 0.1300925925925926 0.03229166666666667 0.05092592592592592
3 0.79140625 0.1712962962962963 0.028645833333333332 0.06481481481481481
3 0.89140625 0.21666666666666667 0.0203125 0.05740740740740741
1 0.9830729166666666 0.5226851851851851 0.008854166666666666 0.09351851851851851
0 0.00859375 0.5421296296296296 0.0171875 0.03425925925925926
0 0.034375 0.5606481481481481 0.06875 0.08611111111111111
0 0.10963541666666667 0.5175925925925926 0.04739583333333333 0.05925925925925926
0 0.1703125 0.5111111111111111 0.046875 0.053703703703703705
0 0.16041666666666668 0.5263888888888889 0.029166666666666667 0.030555555555555555
0 0.265625 0.5111111111111111 0.06979166666666667 0.04814814814814815
0 0.315625 0.5337962962962963 0.11979166666666667 0.08425925925925926
0 0.44244791666666666 0.5222222222222223 0.08072916666666667 0.05740740740740741
0 0.57734375 0.5208333333333334 0.07864583333333333 0.05462962962962963
0 0.6041666666666666 0.5046296296296297 0.022916666666666665 0.024074074074074074
0 0.6911458333333333 0.5263888888888889 0.08645833333333333 0.049074074074074076
0 0.83203125 0.5138888888888888 0.05260416666666667 0.040740740740740744
0 0.8588541666666667 0.5157407407407407 0.05520833333333333 0.040740740740740744
0 0.9705729166666667 0.5074074074074074 0.0578125 0.05
