0 0.0828125 0.5708333333333333 0.165625 0.1935185185185185
0 0.2015625 0.5967592592592592 0.26979166666666665 0.23425925925925925
0 0.31536458333333334 0.5342592592592592 0.06302083333333333 0.06851851851851852
0 0.340625 0.5199074074074074 0.041666666666666664 0.05462962962962963
0 0.3723958333333333 0.5212962962962963 0.023958333333333335 0.03148148148148148
0 0.40182291666666664 0.5236111111111111 0.034895833333333334 0.04351851851851852
0 0.42890625 0.5175925925925926 0.021354166666666667 0.03148148148148148
0 0.4552083333333333 0.5231481481481481 0.03333333333333333 0.05
0 0.5036458333333333 0.5351851851851852 0.052083333333333336 0.07037037037037037
0 0.9619791666666667 0.5300925925925926 0.075 0.16574074074074074
