0 0.26666666666666666 0.5314814814814814 0.026041666666666668 0.020370370370370372
0 0.28802083333333334 0.5115740740740741 0.030208333333333334 0.03425925925925926
0 0.3184895833333333 0.5106481481481482 0.03802083333333333 0.03425925925925926
0 0.340625 0.5138888888888888 0.03125 0.025925925925925925
0 0.41692708333333334 0.5125 0.013020833333333334 0.025
0 0.5010416666666667 0.562962962962963 0.09479166666666666 0.13703703703703704
0 0.5549479166666667 0.5203703703703704 0.018229166666666668 0.024074074074074074
0 0.5778645833333333 0.5217592592592593 0.030729166666666665 0.03796296296296296
0 0.5489583333333333 0.5050925925925925 0.019791666666666666 0.032407407407407406
0 0.5838541666666667 0.5037037037037037 0.05 0.02962962962962963
0 0.5934895833333333 0.5143518518518518 0.011979166666666667 0.026851851851851852
0 0.6223958333333334 0.5273148148148148 0.04375 0.06018518518518518
0 0.6765625 0.49907407407407406 0.04895833333333333 0.027777777777777776
0 0.7489583333333333 0.5430555555555555 0.12916666666666668 0.13055555555555556
0 0.8893229166666666 0.47638888888888886 0.2203125 0.28055555555555556
2 0.5346354166666667 0.45555555555555555 0.0109375 0.005555555555555556
2 0.5666666666666667 0.45416666666666666 0.010416666666666666 0.006481481481481481
