0 0.02265625 0.5606481481481481 0.04010416666666667 0.058333333333333334
0 0.057291666666666664 0.5537037037037037 0.040625 0.05740740740740741
0 0.0875 0.5523148148148148 0.03125 0.04722222222222222
0 0.14036458333333332 0.55 0.0796875 0.053703703703703705
1 0.25859375 0.5291666666666667 0.005729166666666666 0.04722222222222222
1 0.29192708333333334 0.5222222222222223 0.008854166666666666 0.03888888888888889
1 0.3046875 0.5259259259259259 0.007291666666666667 0.03888888888888889
1 0.3171875 0.5222222222222223 0.005208333333333333 0.037037037037037035
0 0.34921875 0.525 0.033854166666666664 0.03888888888888889
0 0.4901041666666667 0.5148148148148148 0.015625 0.02962962962962963
0 0.5080729166666667 0.5217592592592593 0.033854166666666664 0.049074074074074076
2 0.4627604166666667 0.42083333333333334 0.0109375 0.006481481481481481
2 0.4981770833333333 0.4199074074074074 0.0109375 0.006481481481481481
0 0.5799479166666667 0.4912037037037037 0.0984375 0.13055555555555556
