0 0.029166666666666667 0.5731481481481482 0.058333333333333334 0.09814814814814815
0 0.0953125 0.575 0.15208333333333332 0.15185185185185185
0 0.18932291666666667 0.5833333333333334 0.16614583333333333 0.13703703703703704
0 0.25364583333333335 0.5453703703703704 0.07395833333333333 0.08703703703703704
0 0.33046875 0.5449074074074074 0.0546875 0.058333333333333334
0 0.3963541666666667 0.5546296296296296 0.08541666666666667 0.0962962962962963
0 0.4278645833333333 0.5115740740740741 0.0328125 0.05277777777777778
0 0.459375 0.5013888888888889 0.026041666666666668 0.023148148148148147
0 0.46041666666666664 0.5333333333333333 0.03333333333333333 0.04814814814814815
0 0.5072916666666667 0.5449074074074074 0.04895833333333333 0.06944444444444445
0 0.48151041666666666 0.5226851851851851 0.016145833333333335 0.023148148148148147
3 0.6380208333333334 0.31527777777777777 0.015625 0.03796296296296296
3 0.63828125 0.3486111111111111 0.015104166666666667 0.028703703703703703
3 0.5734375 0.40185185185185185 0.016666666666666666 0.027777777777777776
0 0.7671875 0.5087962962962963 0.11041666666666666 0.08796296296296297
0 0.8778645833333333 0.524537037037037 0.1765625 0.1361111111111111
