0 0.36276041666666664 0.5351851851851852 0.0515625 0.05925925925925926
0 0.38046875 0.5018518518518519 0.0234375 0.020370370370370372
0 0.43411458333333336 0.4773148148148148 0.011979166666666667 0.023148148148148147
0 0.4546875 0.5157407407407407 0.017708333333333333 0.024074074074074074
0 0.47369791666666666 0.5231481481481481 0.025520833333333333 0.03333333333333333
0 0.49895833333333334 0.4930555555555556 0.013541666666666667 0.032407407407407406
0 0.5158854166666667 0.5208333333333334 0.022395833333333334 0.030555555555555555
0 0.53828125 0.49444444444444446 0.0171875 0.037037037037037035
0 0.56328125 0.4962962962962963 0.019270833333333334 0.037037037037037035
0 0.5533854166666666 0.5087962962962963 0.015104166666666667 0.023148148148148147
0 0.6083333333333333 0.5361111111111111 0.05 0.06481481481481481
