0 0.12161458333333333 0.5120370370370371 0.0421875 0.05555555555555555
0 0.3458333333333333 0.5009259259259259 0.03333333333333333 0.02962962962962963
0 0.20182291666666666 0.5388888888888889 0.09739583333333333 0.11666666666666667
0 0.30364583333333334 0.5361111111111111 0.05520833333333333 0.06296296296296296
0 0.3645833333333333 0.513425925925926 0.019791666666666666 0.023148148148148147
0 0.40703125 0.47638888888888886 0.06510416666666667 0.06944444444444445
0 0.4427083333333333 0.5199074074074074 0.014583333333333334 0.03796296296296296
0 0.47161458333333334 0.5046296296296297 0.0171875 0.04259259259259259
0 0.3958333333333333 0.5356481481481481 0.08854166666666667 0.125
0 0.5734375 0.5273148148148148 0.029166666666666667 0.04537037037037037
0 0.6221354166666667 0.5115740740740741 0.015104166666666667 0.032407407407407406
