0 0.96640625 0.6064814814814815 0.06614583333333333 0.11481481481481481
1 0.825 0.5078703703703704 0.015625 0.05462962962962963
1 0.7234375 0.5101851851851852 0.008333333333333333 0.037037037037037035
1 0.721875 0.5060185185185185 0.010416666666666666 0.03981481481481482
1 0.6885416666666667 0.5055555555555555 0.00625 0.02962962962962963
1 0.67734375 0.5074074074074074 0.0067708333333333336 0.03148148148148148
1 0.6640625 0.5078703703703704 0.00625 0.028703703703703703
1 0.6408854166666667 0.5074074074074074 0.005729166666666666 0.025925925925925925
0 0.06197916666666667 0.5541666666666667 0.08125 0.06574074074074074
0 0.15572916666666667 0.5416666666666666 0.029166666666666667 0.03888888888888889
0 0.18385416666666668 0.5402777777777777 0.052083333333333336 0.05648148148148148
0 0.22005208333333334 0.5361111111111111 0.0296875 0.040740740740740744
0 0.25338541666666664 0.5115740740740741 0.0640625 0.06388888888888888
0 0.30520833333333336 0.5106481481481482 0.04479166666666667 0.05462962962962963
0 0.34609375 0.5189814814814815 0.033854166666666664 0.041666666666666664
3 0.7765625 0.3402777777777778 0.013541666666666667 0.026851851851851852
0 0.0578125 0.5319444444444444 0.057291666666666664 0.030555555555555555
