0 0.47708333333333336 0.49722222222222223 0.027083333333333334 0.07592592592592592
0 0.44817708333333334 0.5060185185185185 0.0390625 0.08425925925925926
0 0.5338541666666666 0.49537037037037035 0.01875 0.03518518518518519
0 0.5122395833333333 0.5319444444444444 0.0421875 0.06574074074074074
0 0.6122395833333333 0.5347222222222222 0.034895833333333334 0.06944444444444445
0 0.5692708333333333 0.5518518518518518 0.096875 0.1111111111111111
0 0.058333333333333334 0.03333333333333333 0.07083333333333333 0.06666666666666667
0 0.109375 0.44907407407407407 0.21875 0.4222222222222222
0 0.26223958333333336 0.20694444444444443 0.20885416666666667 0.30277777777777776
0 0.21015625 0.3541666666666667 0.4203125 0.7083333333333334
