2 0.5171875 0.3523148148148148 0.026041666666666668 0.010185185185185186
2 0.5765625 0.3486111111111111 0.026041666666666668 0.012037037037037037
3 0.030989583333333334 0.39537037037037037 0.022395833333333334 0.07222222222222222
0 0.38307291666666665 0.5314814814814814 0.06197916666666667 0.040740740740740744
0 0.25364583333333335 0.5532407407407407 0.16354166666666667 0.2101851851851852
0 0.5138020833333333 0.537962962962963 0.044270833333333336 0.06111111111111111
0 0.9291666666666667 0.5523148148148148 0.12604166666666666 0.09722222222222222
0 0.8544270833333333 0.49722222222222223 0.10052083333333334 0.12037037037037036
0 0.7359375 0.5268518518518519 0.034375 0.03148148148148148
0 0.6911458333333333 0.5222222222222223 0.03229166666666667 0.025925925925925925
0 0.6739583333333333 0.5111111111111111 0.027083333333333334 0.03333333333333333
2 0.703125 0.4287037037037037 0.013541666666666667 0.005555555555555556
