0 0.03463541666666667 0.5148148148148148 0.033854166666666664 0.053703703703703705
0 0.0890625 0.5421296296296296 0.09375 0.10277777777777777
0 0.21901041666666668 0.5555555555555556 0.1703125 0.15
0 0.91328125 0.5634259259259259 0.16197916666666667 0.08981481481481482
0 0.8421875 0.5560185185185185 0.06979166666666667 0.07685185185185185
0 0.8203125 0.5388888888888889 0.05625 0.05185185185185185
0 0.9825520833333333 0.5398148148148149 0.033854166666666664 0.05555555555555555
0 0.5885416666666666 0.5152777777777777 0.075 0.1175925925925926
1 0.11666666666666667 0.5310185185185186 0.026041666666666668 0.14907407407407408
1 0.40520833333333334 0.5319444444444444 0.017708333333333333 0.07685185185185185
1 0.3880208333333333 0.5462962962962963 0.026041666666666668 0.040740740740740744
