0 0.2721354166666667 0.524074074074074 0.11510416666666666 0.14814814814814814
0 0.38697916666666665 0.5162037037037037 0.059375 0.03611111111111111
0 0.4200520833333333 0.5106481481481482 0.0265625 0.023148148148148147
0 0.42890625 0.5074074074074074 0.0203125 0.022222222222222223
0 0.5013020833333334 0.5087962962962963 0.030729166666666665 0.058333333333333334
0 0.5763020833333333 0.5273148148148148 0.05364583333333333 0.06574074074074074
1 0.17239583333333333 0.5125 0.010416666666666666 0.04722222222222222
1 0.19713541666666667 0.5120370370370371 0.0109375 0.046296296296296294
1 0.3421875 0.524074074074074 0.008333333333333333 0.027777777777777776
1 0.7541666666666667 0.524537037037037 0.017708333333333333 0.10833333333333334
1 0.7747395833333334 0.5324074074074074 0.024479166666666666 0.08888888888888889
2 0.4875 0.4263888888888889 0.013541666666666667 0.006481481481481481
2 0.51640625 0.42592592592592593 0.0140625 0.007407407407407408
