1 0.7895833333333333 0.5287037037037037 0.014583333333333334 0.10555555555555556
2 0.48489583333333336 0.4532407407407407 0.00625 0.004629629629629629
0 0.028385416666666666 0.5310185185185186 0.05677083333333333 0.09537037037037037
0 0.38046875 0.5009259259259259 0.0328125 0.06481481481481481
0 0.39375 0.5217592592592593 0.04375 0.05277777777777778
0 0.41848958333333336 0.5106481481481482 0.013020833333333334 0.025
0 0.45286458333333335 0.49398148148148147 0.0296875 0.030555555555555555
0 0.45755208333333336 0.5226851851851851 0.04114583333333333 0.06018518518518518
0 0.52109375 0.5027777777777778 0.0140625 0.024074074074074074
0 0.57578125 0.5569444444444445 0.11614583333333334 0.14166666666666666
0 0.6294270833333333 0.5199074074074074 0.0140625 0.05277777777777778
1 0.30364583333333334 0.512962962962963 0.016666666666666666 0.04259259259259259
