0 0.02734375 0.5634259259259259 0.0546875 0.08796296296296297
0 0.09296875 0.5171296296296296 0.15260416666666668 0.1398148148148148
0 0.16822916666666668 0.5421296296296296 0.07395833333333333 0.07314814814814814
0 0.22265625 0.5453703703703704 0.08802083333333334 0.07592592592592592
0 0.284375 0.5152777777777777 0.05625 0.06574074074074074
0 0.37083333333333335 0.524074074074074 0.03333333333333333 0.03333333333333333
0 0.3385416666666667 0.5199074074074074 0.027083333333333334 0.030555555555555555
0 0.5010416666666667 0.5263888888888889 0.030208333333333334 0.04351851851851852
0 0.5348958333333333 0.5148148148148148 0.017708333333333333 0.03333333333333333
0 0.5533854166666666 0.5189814814814815 0.025520833333333333 0.03981481481481482
0 0.5760416666666667 0.5333333333333333 0.03958333333333333 0.05925925925925926
0 0.4088541666666667 0.5046296296296297 0.01875 0.03518518518518519
0 0.41796875 0.513425925925926 0.019270833333333334 0.025
0 0.6265625 0.5518518518518518 0.09791666666666667 0.1111111111111111
3 0.5299479166666666 0.39351851851851855 0.0109375 0.020370370370370372
