0 0.0265625 0.512962962962963 0.053125 0.08333333333333333
0 0.26588541666666665 0.5555555555555556 0.2015625 0.24074074074074073
0 0.43671875 0.5185185185185185 0.018229166666666668 0.040740740740740744
1 0.40338541666666666 0.512962962962963 0.015104166666666667 0.05555555555555555
0 0.4036458333333333 0.5268518518518519 0.019791666666666666 0.05925925925925926
0 0.47161458333333334 0.5481481481481482 0.0828125 0.11666666666666667
0 0.50703125 0.5277777777777778 0.018229166666666668 0.06481481481481481
0 0.5151041666666667 0.513425925925926 0.013541666666666667 0.023148148148148147
2 0.4713541666666667 0.38564814814814813 0.013541666666666667 0.010185185185185186
2 0.5104166666666666 0.38425925925925924 0.014583333333333334 0.009259259259259259
2 0.484375 0.4388888888888889 0.008333333333333333 0.005555555555555556
2 0.5065104166666666 0.4375 0.008854166666666666 0.006481481481481481
