0 0.0859375 0.5222222222222223 0.023958333333333335 0.027777777777777776
0 0.0953125 0.5768518518518518 0.190625 0.24074074074074073
0 0.17578125 0.5310185185185186 0.1109375 0.08796296296296297
0 0.31484375 0.5282407407407408 0.030729166666666665 0.03796296296296296
0 0.38046875 0.5467592592592593 0.0984375 0.10833333333333334
0 0.44088541666666664 0.5236111111111111 0.03697916666666667 0.05277777777777778
0 0.46067708333333335 0.5189814814814815 0.015104166666666667 0.032407407407407406
0 0.5471354166666667 0.5226851851851851 0.022395833333333334 0.03425925925925926
0 0.5768229166666666 0.5300925925925926 0.0484375 0.058333333333333334
0 0.50078125 0.55 0.0828125 0.11666666666666667
0 0.8622395833333333 0.5828703703703704 0.27447916666666666 0.25092592592592594
