0 0.10520833333333333 0.5166666666666667 0.10729166666666666 0.046296296296296294
0 0.3203125 0.5412037037037037 0.016666666666666666 0.08055555555555556
0 0.3255208333333333 0.524537037037037 0.03333333333333333 0.09537037037037037
0 0.36822916666666666 0.5412037037037037 0.041666666666666664 0.06018518518518518
3 0.3963541666666667 0.5157407407407407 0.01875 0.03333333333333333
0 0.40078125 0.5481481481481482 0.0265625 0.03888888888888889
0 0.41953125 0.549074074074074 0.016145833333333335 0.03148148148148148
0 0.4747395833333333 0.5412037037037037 0.030729166666666665 0.05092592592592592
0 0.47630208333333335 0.5523148148148148 0.028645833333333332 0.058333333333333334
0 0.5380208333333333 0.6023148148148149 0.134375 0.1935185185185185
0 0.76328125 0.5361111111111111 0.044270833333333336 0.12222222222222222
0 0.17161458333333332 0.5712962962962963 0.3109375 0.37962962962962965
2 0.44921875 0.48148148148148145 0.009895833333333333 0.005555555555555556
2 0.4825520833333333 0.49907407407407406 0.0078125 0.005555555555555556
2 0.5083333333333333 0.4976851851851852 0.007291666666666667 0.004629629629629629
