1 0.16953125 0.4986111111111111 0.009895833333333333 0.028703703703703703
1 0.1875 0.5060185185185185 0.014583333333333334 0.030555555555555555
1 0.41901041666666666 0.5162037037037037 0.0067708333333333336 0.028703703703703703
1 0.6013020833333333 0.5347222222222222 0.0109375 0.03796296296296296
0 0.14140625 0.5736111111111111 0.1484375 0.12685185185185185
0 0.2674479166666667 0.5717592592592593 0.15052083333333333 0.1287037037037037
0 0.48984375 0.5430555555555555 0.059895833333333336 0.08611111111111111
0 0.51953125 0.5208333333333334 0.0140625 0.023148148148148147
0 0.575 0.5476851851851852 0.022916666666666665 0.05648148148148148
0 0.5489583333333333 0.538425925925926 0.020833333333333332 0.05277777777777778
3 0.53671875 0.24861111111111112 0.016145833333333335 0.026851851851851852
3 0.5643229166666667 0.24953703703703703 0.015104166666666667 0.028703703703703703
3 0.6083333333333333 0.31712962962962965 0.021875 0.03796296296296296
3 0.6114583333333333 0.3560185185185185 0.029166666666666667 0.04351851851851852
