0 0.15364583333333334 0.5430555555555555 0.06145833333333333 0.05462962962962963
0 0.24921875 0.5125 0.04739583333333333 0.04537037037037037
0 0.29348958333333336 0.5069444444444444 0.04114583333333333 0.032407407407407406
0 0.32864583333333336 0.525 0.04791666666666667 0.04259259259259259
0 0.41875 0.5166666666666667 0.025 0.022222222222222223
0 0.5729166666666666 0.513425925925926 0.03958333333333333 0.025
0 0.7880208333333333 0.5324074074074074 0.109375 0.10925925925925926
0 0.8927083333333333 0.525 0.11145833333333334 0.12037037037037036
0 0.97109375 0.5884259259259259 0.05677083333333333 0.12314814814814815
0 0.91484375 0.4824074074074074 0.03177083333333333 0.027777777777777776
0 0.9317708333333333 0.5041666666666667 0.03229166666666667 0.025
0 0.9723958333333333 0.48194444444444445 0.05416666666666667 0.03425925925925926
0 0.9625 0.5013888888888889 0.034375 0.03611111111111111
0 0.978125 0.5055555555555555 0.03958333333333333 0.027777777777777776
1 0.6515625 0.5092592592592593 0.0020833333333333333 0.022222222222222223
1 0.23645833333333333 0.5263888888888889 0.00625 0.026851851851851852
2 0.59140625 0.4412037037037037 0.011979166666666667 0.006481481481481481
2 0.6328125 0.37037037037037035 0.025 0.011111111111111112
2 0.7075520833333333 0.3736111111111111 0.024479166666666666 0.012037037037037037
3 0.65390625 0.3486111111111111 0.015104166666666667 0.025
3 0.671875 0.36435185185185187 0.014583333333333334 0.026851851851851852
3 0.7341145833333333 0.3675925925925926 0.013020833333333334 0.027777777777777776
0 0.26901041666666664 0.5337962962962963 0.049479166666666664 0.03796296296296296
