0 0.04088541666666667 0.49074074074074076 0.08177083333333333 0.05740740740740741
0 0.11640625 0.5157407407407407 0.11614583333333334 0.05555555555555555
0 0.15625 0.49537037037037035 0.04375 0.022222222222222223
0 0.165625 0.5453703703703704 0.33125 0.3148148148148148
0 0.37916666666666665 0.4648148148148148 0.14270833333333333 0.2518518518518518
0 0.44609375 0.524537037037037 0.0109375 0.05092592592592592
0 0.52109375 0.5194444444444445 0.030729166666666665 0.05
0 0.5484375 0.5078703703703704 0.017708333333333333 0.025
1 0.8973958333333333 0.5055555555555555 0.029166666666666667 0.15555555555555556
2 0.3015625 0.3976851851851852 0.014583333333333334 0.010185185185185186
2 0.46875 0.4486111111111111 0.008333333333333333 0.004629629629629629
