0 0.6109375 0.5162037037037037 0.019791666666666666 0.030555555555555555
0 0.6239583333333333 0.5175925925925926 0.016666666666666666 0.03888888888888889
0 0.6484375 0.5333333333333333 0.053125 0.07777777777777778
0 0.7505208333333333 0.5717592592592593 0.18854166666666666 0.25833333333333336
0 0.6018229166666667 0.49675925925925923 0.016145833333333335 0.04722222222222222
0 0.56484375 0.487962962962963 0.0640625 0.13703703703703704
0 0.5203125 0.5120370370370371 0.03125 0.053703703703703705
0 0.4981770833333333 0.5208333333333334 0.033854166666666664 0.05277777777777778
0 0.46510416666666665 0.5287037037037037 0.05416666666666667 0.06481481481481481
0 0.4205729166666667 0.5259259259259259 0.0390625 0.05555555555555555
0 0.39609375 0.5282407407407408 0.0296875 0.06388888888888888
0 0.33046875 0.5398148148148149 0.14010416666666667 0.1685185185185185
0 0.0578125 0.5791666666666667 0.115625 0.1935185185185185
0 0.029947916666666668 0.45925925925925926 0.059895833333333336 0.09259259259259259
