0 0.5268229166666667 0.5138888888888888 0.03177083333333333 0.06111111111111111
0 0.6322916666666667 0.49953703703703706 0.041666666666666664 0.08425925925925926
0 0.6471354166666666 0.5268518518518519 0.0515625 0.07222222222222222
0 0.6880208333333333 0.4930555555555556 0.019791666666666666 0.05277777777777778
0 0.675 0.4981481481481482 0.008333333333333333 0.037037037037037035
0 0.7078125 0.4925925925925926 0.042708333333333334 0.05555555555555555
0 0.7169270833333333 0.5125 0.034895833333333334 0.030555555555555555
0 0.7380208333333333 0.5046296296296297 0.017708333333333333 0.024074074074074074
0 0.7872395833333333 0.5013888888888889 0.08177083333333333 0.1175925925925926
3 0.84453125 0.4134259259259259 0.034895833333333334 0.05462962962962963
