0 0.16927083333333334 0.625 0.278125 0.29074074074074074
0 0.325 0.5324074074074074 0.06666666666666667 0.09444444444444444
0 0.35989583333333336 0.5273148148148148 0.03125 0.05277777777777778
0 0.39010416666666664 0.5314814814814814 0.0375 0.044444444444444446
0 0.4109375 0.5268518518518519 0.014583333333333334 0.027777777777777776
0 0.43697916666666664 0.5217592592592593 0.021875 0.028703703703703703
0 0.45546875 0.5074074074074074 0.024479166666666666 0.05
0 0.4744791666666667 0.5282407407407408 0.03125 0.04722222222222222
0 0.5088541666666667 0.5046296296296297 0.01875 0.03518518518518519
0 0.9747395833333333 0.5347222222222222 0.049479166666666664 0.19166666666666668
0 0.96171875 0.4703703703703704 0.07552083333333333 0.06481481481481481
0 0.875 0.5152777777777777 0.16041666666666668 0.1787037037037037
