0 0.01171875 0.4875 0.0234375 0.05277777777777778
0 0.06796875 0.42777777777777776 0.09427083333333333 0.07777777777777778
0 0.1453125 0.44212962962962965 0.06458333333333334 0.06759259259259259
0 0.06770833333333333 0.4962962962962963 0.08854166666666667 0.03333333333333333
0 0.14010416666666667 0.4976851851851852 0.0625 0.026851851851851852
0 0.20182291666666666 0.48842592592592593 0.06197916666666667 0.04537037037037037
0 0.4317708333333333 0.5259259259259259 0.042708333333333334 0.05185185185185185
0 0.50390625 0.524074074074074 0.0390625 0.05185185185185185
0 0.5723958333333333 0.5115740740740741 0.020833333333333332 0.026851851851851852
0 0.6591145833333333 0.5064814814814815 0.06197916666666667 0.09814814814814815
0 0.08854166666666667 0.449537037037037 0.17708333333333334 0.125
0 0.47630208333333335 0.5115740740740741 0.016145833333333335 0.021296296296296296
