3 0.35494791666666664 0.31203703703703706 0.0171875 0.03148148148148148
0 0.14244791666666667 0.6550925925925926 0.28489583333333335 0.33796296296296297
0 0.32526041666666666 0.5837962962962963 0.13489583333333333 0.20092592592592592
0 0.3026041666666667 0.46805555555555556 0.121875 0.10833333333333334
0 0.38671875 0.5277777777777778 0.09635416666666667 0.2074074074074074
0 0.44583333333333336 0.5606481481481481 0.03229166666666667 0.08796296296296297
0 0.4510416666666667 0.5083333333333333 0.0375 0.04259259259259259
0 0.48411458333333335 0.487962962962963 0.043229166666666666 0.04259259259259259
0 0.52890625 0.6152777777777778 0.1765625 0.2490740740740741
0 0.6450520833333333 0.5328703703703703 0.0359375 0.062037037037037036
0 0.7005208333333334 0.5291666666666667 0.025 0.11018518518518519
0 0.7786458333333334 0.5254629629629629 0.14895833333333333 0.20833333333333334
1 0.8565104166666667 0.5120370370370371 0.016145833333333335 0.15
