0 0.703125 0.5310185185185186 0.03333333333333333 0.030555555555555555
0 0.69375 0.5157407407407407 0.058333333333333334 0.03518518518518519
0 0.5729166666666666 0.5166666666666667 0.022916666666666665 0.04259259259259259
0 0.5744791666666667 0.5231481481481481 0.017708333333333333 0.037037037037037035
0 0.5989583333333334 0.5268518518518519 0.04791666666666667 0.06481481481481481
0 0.5143229166666666 0.5564814814814815 0.09010416666666667 0.13148148148148148
0 0.44296875 0.5407407407407407 0.07447916666666667 0.08518518518518518
0 0.37395833333333334 0.5013888888888889 0.035416666666666666 0.023148148148148147
0 0.10703125 0.47685185185185186 0.2140625 0.22407407407407406
0 0.25833333333333336 0.4703703703703704 0.052083333333333336 0.04814814814814815
0 0.29270833333333335 0.4722222222222222 0.01875 0.040740740740740744
0 0.2453125 0.4847222222222222 0.026041666666666668 0.028703703703703703
