0 0.5166666666666667 0.5236111111111111 0.0375 0.08425925925925926
3 0.5653645833333333 0.4532407407407407 0.015104166666666667 0.023148148148148147
0 0.4466145833333333 0.5402777777777777 0.027604166666666666 0.041666666666666664
0 0.33307291666666666 0.5504629629629629 0.04114583333333333 0.03796296296296296
1 0.9486979166666667 0.49398148148148147 0.0578125 0.27314814814814814
1 0.8466145833333333 0.5930555555555556 0.0859375 0.16203703703703703
1 0.75859375 0.5842592592592593 0.07135416666666666 0.15555555555555556
1 0.6981770833333333 0.5611111111111111 0.0484375 0.12222222222222222
1 0.6502604166666667 0.5328703703703703 0.022395833333333334 0.03611111111111111
1 0.5997395833333333 0.5296296296296297 0.021354166666666667 0.022222222222222223
