0 0.1046875 0.4666666666666667 0.20833333333333334 0.9296296296296296
1 0.26796875 0.5981481481481481 0.06302083333333333 0.07407407407407407
0 0.42864583333333334 0.5990740740740741 0.184375 0.18333333333333332
1 0.20677083333333332 0.575 0.007291666666666667 0.09074074074074075
1 0.2390625 0.5875 0.022916666666666665 0.10092592592592593
1 0.32708333333333334 0.5564814814814815 0.011458333333333333 0.06481481481481481
1 0.34661458333333334 0.5537037037037037 0.009895833333333333 0.046296296296296294
1 0.50546875 0.537962962962963 0.0067708333333333336 0.02962962962962963
1 0.56640625 0.5314814814814814 0.005729166666666666 0.024074074074074074
1 0.5838541666666667 0.5328703703703703 0.007291666666666667 0.03796296296296296
1 0.6546875 0.5560185185185185 0.021875 0.11018518518518519
