0 0.9661458333333334 0.48935185185185187 0.06666666666666667 0.049074074074074076
0 0.6377604166666667 0.47129629629629627 0.034895833333333334 0.044444444444444446
0 0.48802083333333335 0.4689814814814815 0.05625 0.05277777777777778
0 0.42161458333333335 0.6013888888888889 0.1890625 0.2657407407407407
0 0.022135416666666668 0.487962962962963 0.044270833333333336 0.09444444444444444
0 0.040625 0.5097222222222222 0.058333333333333334 0.11018518518518519
0 0.08723958333333333 0.5356481481481481 0.10260416666666666 0.12129629629629629
0 0.13932291666666666 0.5166666666666667 0.05364583333333333 0.09259259259259259
0 0.16510416666666666 0.5106481481481482 0.015625 0.062037037037037036
0 0.15182291666666667 0.4791666666666667 0.03802083333333333 0.032407407407407406
0 0.33229166666666665 0.5023148148148148 0.036458333333333336 0.04351851851851852
3 0.7606770833333333 0.324537037037037 0.016145833333333335 0.03425925925925926
