0 0.4036458333333333 0.5296296296296297 0.029166666666666667 0.04259259259259259
0 0.4234375 0.5337962962962963 0.026041666666666668 0.041666666666666664
0 0.44869791666666664 0.5305555555555556 0.058854166666666666 0.05
0 0.4734375 0.5291666666666667 0.08020833333333334 0.058333333333333334
0 0.6268229166666667 0.5148148148148148 0.06614583333333333 0.07962962962962963
0 0.7135416666666666 0.5111111111111111 0.04583333333333333 0.05185185185185185
0 0.80625 0.49675925925925923 0.016666666666666666 0.032407407407407406
0 0.8299479166666667 0.49722222222222223 0.03802083333333333 0.03148148148148148
0 0.82890625 0.5120370370370371 0.03177083333333333 0.037037037037037035
0 0.8783854166666667 0.5032407407407408 0.0265625 0.03981481481481482
0 0.9911458333333333 0.4828703703703704 0.015625 0.06388888888888888
0 0.36822916666666666 0.5027777777777778 0.027083333333333334 0.027777777777777776
0 0.36744791666666665 0.5236111111111111 0.024479166666666666 0.023148148148148147
0 0.34921875 0.5291666666666667 0.013020833333333334 0.023148148148148147
