1 0.75546875 0.49722222222222223 0.009895833333333333 0.053703703703703705
1 0.6466145833333333 0.5050925925925925 0.005729166666666666 0.03981481481481482
1 0.6231770833333333 0.5087962962962963 0.0067708333333333336 0.04722222222222222
0 0.5479166666666667 0.5 0.035416666666666666 0.07037037037037037
0 0.50703125 0.5282407407407408 0.0515625 0.08055555555555556
0 0.4705729166666667 0.5171296296296296 0.0203125 0.03425925925925926
0 0.4348958333333333 0.5199074074074074 0.05625 0.075
0 0.38723958333333336 0.5115740740740741 0.016145833333333335 0.021296296296296296
0 0.36666666666666664 0.5138888888888888 0.027083333333333334 0.02962962962962963
0 0.23125 0.5912037037037037 0.3104166666666667 0.24351851851851852
0 0.03463541666666667 0.5407407407407407 0.06927083333333334 0.10185185185185185
2 0.5122395833333333 0.4597222222222222 0.005729166666666666 0.004629629629629629
2 0.5268229166666667 0.4597222222222222 0.0067708333333333336 0.004629629629629629
