0 0.059895833333333336 0.49444444444444446 0.084375 0.044444444444444446
0 0.20286458333333332 0.4930555555555556 0.06197916666666667 0.04351851851851852
0 0.29010416666666666 0.49583333333333335 0.041666666666666664 0.03611111111111111
0 0.34713541666666664 0.4962962962962963 0.0296875 0.02962962962962963
0 0.37864583333333335 0.4981481481481482 0.014583333333333334 0.024074074074074074
0 0.39401041666666664 0.5407407407407407 0.058854166666666666 0.07592592592592592
0 0.42161458333333335 0.5203703703703704 0.019270833333333334 0.02962962962962963
0 0.46822916666666664 0.49907407407407406 0.034375 0.07222222222222222
0 0.4895833333333333 0.4962962962962963 0.013541666666666667 0.03333333333333333
0 0.54375 0.49212962962962964 0.015625 0.032407407407407406
0 0.5984375 0.5203703703703704 0.026041666666666668 0.03333333333333333
