1 0.4471354166666667 0.5856481481481481 0.07760416666666667 0.2675925925925926
1 0.47890625 0.5388888888888889 0.021354166666666667 0.1037037037037037
1 0.6268229166666667 0.5208333333333334 0.0203125 0.0787037037037037
1 0.6674479166666667 0.5212962962962963 0.0109375 0.06296296296296296
0 0.64375 0.5203703703703704 0.09166666666666666 0.05185185185185185
0 0.7205729166666667 0.5046296296296297 0.049479166666666664 0.046296296296296294
0 0.34088541666666666 0.5194444444444445 0.0265625 0.027777777777777776
0 0.12630208333333334 0.5435185185185185 0.05260416666666667 0.07222222222222222
0 0.0984375 0.5398148148148149 0.028125 0.05740740740740741
0 0.15338541666666666 0.5342592592592592 0.018229166666666668 0.04259259259259259
3 0.4388020833333333 0.3939814814814815 0.011979166666666667 0.019444444444444445
2 0.41484375 0.4013888888888889 0.018229166666666668 0.008333333333333333
0 0.03723958333333333 0.5375 0.022395833333333334 0.03611111111111111
