0 0.03359375 0.5527777777777778 0.049479166666666664 0.06851851851851852
0 0.06953125 0.5555555555555556 0.09635416666666667 0.08148148148148149
0 0.353125 0.5351851851851852 0.030208333333333334 0.02962962962962963
0 0.37864583333333335 0.5305555555555556 0.020833333333333332 0.024074074074074074
0 0.52421875 0.5398148148148149 0.049479166666666664 0.07592592592592592
1 0.14036458333333332 0.5370370370370371 0.005729166666666666 0.03148148148148148
1 0.140625 0.5449074074074074 0.013541666666666667 0.021296296296296296
2 0.14453125 0.09675925925925925 0.0578125 0.05277777777777778
2 0.26666666666666666 0.04537037037037037 0.07604166666666666 0.053703703703703705
2 0.4625 0.42824074074074076 0.016666666666666666 0.008333333333333333
2 0.4979166666666667 0.42685185185185187 0.016666666666666666 0.007407407407407408
3 0.34088541666666666 0.021296296296296296 0.04739583333333333 0.04259259259259259
