0 0.16901041666666666 0.475 0.028645833333333332 0.03518518518518519
0 0.1484375 0.5041666666666667 0.028125 0.032407407407407406
0 0.24270833333333333 0.5930555555555556 0.11354166666666667 0.1824074074074074
1 0.24557291666666667 0.5541666666666667 0.050520833333333334 0.24722222222222223
0 0.32578125 0.549074074074074 0.1171875 0.15
0 0.2747395833333333 0.4583333333333333 0.03697916666666667 0.025925925925925925
0 0.40520833333333334 0.45046296296296295 0.04895833333333333 0.032407407407407406
0 0.48515625 0.4115740740740741 0.021354166666666667 0.023148148148148147
0 0.496875 0.41203703703703703 0.016666666666666666 0.022222222222222223
0 0.5419270833333333 0.4583333333333333 0.0703125 0.05925925925925926
0 0.5919270833333333 0.43842592592592594 0.04739583333333333 0.03981481481481482
0 0.6130208333333333 0.41574074074074074 0.10729166666666666 0.07037037037037037
0 0.6651041666666667 0.38842592592592595 0.020833333333333332 0.021296296296296296
0 0.6606770833333333 0.44166666666666665 0.06822916666666666 0.046296296296296294
0 0.765625 0.4300925925925926 0.06145833333333333 0.023148148148148147
0 0.9041666666666667 0.4263888888888889 0.028125 0.028703703703703703
0 0.9247395833333333 0.42407407407407405 0.0296875 0.03518518518518519
1 0.76796875 0.5402777777777777 0.0171875 0.08981481481481482
0 0.8830729166666667 0.43287037037037035 0.05572916666666667 0.023148148148148147
