0 0.9684895833333333 0.5263888888888889 0.06197916666666667 0.06018518518518518
0 0.8802083333333334 0.5231481481481481 0.08333333333333333 0.05
0 0.8109375 0.4837962962962963 0.103125 0.11203703703703703
0 0.71796875 0.47453703703703703 0.07135416666666666 0.07314814814814814
0 0.6291666666666667 0.5166666666666667 0.020833333333333332 0.025925925925925925
0 0.60703125 0.5194444444444445 0.0234375 0.027777777777777776
0 0.6953125 0.5657407407407408 0.13020833333333334 0.15
0 0.54921875 0.5217592592592593 0.022395833333333334 0.030555555555555555
0 0.51875 0.5189814814814815 0.0375 0.06944444444444445
0 0.48802083333333335 0.512962962962963 0.013541666666666667 0.025925925925925925
0 0.46979166666666666 0.5166666666666667 0.027083333333333334 0.05185185185185185
0 0.45234375 0.5300925925925926 0.027604166666666666 0.05092592592592592
0 0.42552083333333335 0.5365740740740741 0.053125 0.06759259259259259
0 0.34791666666666665 0.5537037037037037 0.109375 0.14074074074074075
0 0.24583333333333332 0.5523148148148148 0.1 0.10277777777777777
0 0.08776041666666666 0.6861111111111111 0.17552083333333332 0.4388888888888889
3 0.6359375 0.4652777777777778 0.015625 0.028703703703703703
3 0.7057291666666666 0.44166666666666665 0.019791666666666666 0.03333333333333333
