0 0.043229166666666666 0.525 0.025 0.027777777777777776
0 0.07734375 0.5296296296296297 0.021354166666666667 0.044444444444444446
0 0.08854166666666667 0.5347222222222222 0.025 0.04537037037037037
0 0.1171875 0.537962962962963 0.04479166666666667 0.06111111111111111
0 0.10078125 0.5009259259259259 0.0296875 0.024074074074074074
0 0.12083333333333333 0.49398148148148147 0.052083333333333336 0.04537037037037037
0 0.15729166666666666 0.5333333333333333 0.041666666666666664 0.053703703703703705
0 0.20260416666666667 0.5157407407407407 0.05520833333333333 0.07592592592592592
0 0.29375 0.5212962962962963 0.051041666666666666 0.040740740740740744
0 0.32447916666666665 0.5106481481481482 0.03229166666666667 0.028703703703703703
0 0.41171875 0.48935185185185187 0.12447916666666667 0.05092592592592592
0 0.38177083333333334 0.5217592592592593 0.046875 0.05462962962962963
0 0.43854166666666666 0.5486111111111112 0.09270833333333334 0.12314814814814815
1 0.5513020833333333 0.5013888888888889 0.0067708333333333336 0.03425925925925926
0 0.5674479166666667 0.48842592592592593 0.11510416666666666 0.06759259259259259
0 0.6080729166666666 0.5064814814814815 0.013020833333333334 0.03148148148148148
1 0.60625 0.5013888888888889 0.011458333333333333 0.04351851851851852
0 0.65234375 0.5032407407407408 0.03802083333333333 0.03981481481481482
0 0.69140625 0.4930555555555556 0.0359375 0.05648148148148148
0 0.7174479166666666 0.4976851851851852 0.0203125 0.026851851851851852
0 0.7317708333333334 0.49398148148148147 0.015625 0.023148148148148147
0 0.8872395833333333 0.5324074074074074 0.1046875 0.1037037037037037
0 0.9497395833333333 0.49953703703703706 0.050520833333333334 0.03981481481481482
2 0.70546875 0.2828703703703704 0.033854166666666664 0.017592592592592594
2 0.7671875 0.275 0.03333333333333333 0.016666666666666666
3 0.7953125 0.2611111111111111 0.021875 0.040740740740740744
2 0.39166666666666666 0.3162037037037037 0.027083333333333334 0.019444444444444445
