3 0.5236979166666667 0.25324074074074077 0.0265625 0.04722222222222222
3 0.5510416666666667 0.25046296296296294 0.025 0.04537037037037037
3 0.634375 0.41388888888888886 0.016666666666666666 0.02962962962962963
1 0.615625 0.49583333333333335 0.004166666666666667 0.030555555555555555
1 0.6221354166666667 0.49537037037037035 0.0046875 0.03148148148148148
0 0.50390625 0.5009259259259259 0.027604166666666666 0.03148148148148148
0 0.4278645833333333 0.5236111111111111 0.07864583333333333 0.0787037037037037
0 0.38125 0.5120370370370371 0.046875 0.05925925925925926
0 0.03177083333333333 0.5467592592592593 0.06354166666666666 0.12685185185185185
0 0.07838541666666667 0.5310185185185186 0.058854166666666666 0.07314814814814814
0 0.15208333333333332 0.5337962962962963 0.12083333333333333 0.09351851851851851
0 0.2 0.5166666666666667 0.05520833333333333 0.07037037037037037
0 0.2713541666666667 0.5185185185185185 0.06770833333333333 0.06851851851851852
0 0.31328125 0.5111111111111111 0.022395833333333334 0.037037037037037035
0 0.3377604166666667 0.5120370370370371 0.05364583333333333 0.05185185185185185
1 0.84765625 0.4273148148148148 0.0140625 0.023148148148148147
