0 0.05364583333333333 0.5958333333333333 0.10729166666666666 0.16574074074074074
0 0.18229166666666666 0.5708333333333333 0.10104166666666667 0.11018518518518519
0 0.2609375 0.5675925925925925 0.14166666666666666 0.12777777777777777
0 0.3640625 0.5365740740740741 0.06875 0.08611111111111111
0 0.41119791666666666 0.5296296296296297 0.03697916666666667 0.053703703703703705
0 0.43723958333333335 0.5212962962962963 0.025520833333333333 0.03888888888888889
0 0.4544270833333333 0.5194444444444445 0.018229166666666668 0.03333333333333333
0 0.465625 0.5152777777777777 0.016666666666666666 0.026851851851851852
0 0.47291666666666665 0.5023148148148148 0.017708333333333333 0.030555555555555555
0 0.29609375 0.47962962962962963 0.15572916666666667 0.09814814814814815
0 0.5151041666666667 0.5314814814814814 0.05520833333333333 0.1037037037037037
1 0.8166666666666667 0.5236111111111111 0.01875 0.13055555555555556
1 0.83203125 0.5162037037037037 0.022395833333333334 0.14166666666666666
1 0.903125 0.5189814814814815 0.034375 0.15462962962962962
1 0.7276041666666667 0.5398148148148149 0.04479166666666667 0.08518518518518518
0 0.65859375 0.5300925925925926 0.044270833333333336 0.058333333333333334
0 0.7346354166666667 0.500462962962963 0.05677083333333333 0.06018518518518518
0 0.9057291666666667 0.4759259259259259 0.06770833333333333 0.037037037037037035
0 0.93046875 0.47175925925925927 0.03177083333333333 0.023148148148148147
0 0.8002604166666667 0.5074074074074074 0.018229166666666668 0.037037037037037035
3 0.6143229166666667 0.4462962962962963 0.015104166666666667 0.02962962962962963
1 0.603125 0.5032407407407408 0.00625 0.03981481481481482
