3 0.578125 0.4388888888888889 0.013541666666666667 0.024074074074074074
3 0.32760416666666664 0.27546296296296297 0.020833333333333332 0.03796296296296296
2 0.46432291666666664 0.2902777777777778 0.027604166666666666 0.017592592592592594
0 0.032552083333333336 0.5606481481481481 0.06510416666666667 0.1398148148148148
0 0.42552083333333335 0.5305555555555556 0.05 0.06481481481481481
0 0.47291666666666665 0.5106481481481482 0.01875 0.03425925925925926
0 0.9924479166666667 0.5337962962962963 0.0140625 0.11018518518518519
1 0.31328125 0.5222222222222223 0.0109375 0.04814814814814815
1 0.3234375 0.5236111111111111 0.011458333333333333 0.05277777777777778
1 0.34010416666666665 0.5263888888888889 0.011458333333333333 0.049074074074074076
1 0.3921875 0.524074074074074 0.009375 0.03888888888888889
1 0.4856770833333333 0.5143518518518518 0.009895833333333333 0.04351851851851852
1 0.5036458333333333 0.5106481481481482 0.00625 0.025
1 0.5419270833333333 0.5157407407407407 0.005729166666666666 0.03518518518518519
1 0.5484375 0.5143518518518518 0.005208333333333333 0.025
1 0.5536458333333333 0.5138888888888888 0.008333333333333333 0.037037037037037035
1 0.7442708333333333 0.5023148148148148 0.009375 0.04722222222222222
1 0.74921875 0.5291666666666667 0.018229166666666668 0.05092592592592592
1 0.8770833333333333 0.5356481481481481 0.028125 0.14907407407407408
