0 0.04739583333333333 0.5472222222222223 0.09479166666666666 0.10555555555555556
0 0.09661458333333334 0.5347222222222222 0.043229166666666666 0.06944444444444445
0 0.29661458333333335 0.5069444444444444 0.043229166666666666 0.06388888888888888
0 0.36770833333333336 0.5296296296296297 0.06666666666666667 0.07222222222222222
0 0.4044270833333333 0.5013888888888889 0.019270833333333334 0.03981481481481482
0 0.4075520833333333 0.512962962962963 0.015104166666666667 0.020370370370370372
0 0.44921875 0.5111111111111111 0.016145833333333335 0.022222222222222223
0 0.49453125 0.49907407407407406 0.0265625 0.07592592592592592
0 0.5294270833333333 0.5310185185185186 0.043229166666666666 0.06388888888888888
1 0.8716145833333333 0.48148148148148145 0.0078125 0.03148148148148148
