0 0.14609375 0.549074074074074 0.0921875 0.08518518518518518
0 0.25703125 0.4976851851851852 0.14947916666666666 0.14907407407407408
0 0.4739583333333333 0.5194444444444445 0.022916666666666665 0.025925925925925925
0 0.5359375 0.48935185185185187 0.046875 0.11944444444444445
0 0.5653645833333333 0.5388888888888889 0.0796875 0.11481481481481481
0 0.6252604166666667 0.5259259259259259 0.0453125 0.05555555555555555
2 0.5453125 0.4263888888888889 0.0125 0.004629629629629629
2 0.5734375 0.42592592592592593 0.013541666666666667 0.005555555555555556
3 0.65234375 0.1726851851851852 0.030729166666666665 0.05277777777777778
3 0.6822916666666666 0.17407407407407408 0.030208333333333334 0.053703703703703705
3 0.9580729166666667 0.30185185185185187 0.033854166666666664 0.07592592592592592
