0 0.15 0.586574074074074 0.16770833333333332 0.2601851851851852
0 0.39453125 0.6180555555555556 0.19010416666666666 0.24537037037037038
0 0.58046875 0.549074074074074 0.1015625 0.06851851851851852
0 0.0640625 0.5444444444444444 0.026041666666666668 0.044444444444444446
0 0.3125 0.5328703703703703 0.021875 0.030555555555555555
0 0.25703125 0.5175925925925926 0.016145833333333335 0.03888888888888889
0 0.3690104166666667 0.48703703703703705 0.09322916666666667 0.1111111111111111
0 0.5171875 0.500462962962963 0.20625 0.1287037037037037
2 0.2609375 0.4185185185185185 0.01875 0.009259259259259259
2 0.7466145833333333 0.25324074074074077 0.043229166666666666 0.2101851851851852
