1 0.3484375 0.525 0.011458333333333333 0.05
1 0.3484375 0.5402777777777777 0.026041666666666668 0.03981481481481482
1 0.6276041666666666 0.5037037037037037 0.007291666666666667 0.03333333333333333
1 0.64296875 0.5064814814814815 0.011979166666666667 0.046296296296296294
1 0.6799479166666667 0.49722222222222223 0.008854166666666666 0.046296296296296294
1 0.6880208333333333 0.5 0.008333333333333333 0.040740740740740744
3 0.5950520833333334 0.412962962962963 0.015104166666666667 0.027777777777777776
2 0.4609375 0.4009259259259259 0.014583333333333334 0.007407407407407408
2 0.5010416666666667 0.39814814814814814 0.015625 0.007407407407407408
0 0.403125 0.5287037037037037 0.07604166666666666 0.12037037037037036
0 0.51484375 0.5398148148148149 0.05572916666666667 0.07777777777777778
0 0.04114583333333333 0.6013888888888889 0.08229166666666667 0.1361111111111111
