0 0.8822916666666667 0.5083333333333333 0.109375 0.11851851851851852
2 0.9802083333333333 0.31157407407407406 0.017708333333333333 0.013888888888888888
0 0.6484375 0.4740740740740741 0.075 0.04814814814814815
0 0.5346354166666667 0.4532407407407407 0.1171875 0.08611111111111111
0 0.3880208333333333 0.5148148148148148 0.121875 0.09074074074074075
2 0.48151041666666666 0.3680555555555556 0.0140625 0.008333333333333333
2 0.3268229166666667 0.3814814814814815 0.0140625 0.009259259259259259
0 0.3065104166666667 0.4689814814814815 0.1171875 0.09351851851851851
0 0.23411458333333332 0.48518518518518516 0.028645833333333332 0.03333333333333333
0 0.17526041666666667 0.4861111111111111 0.0296875 0.03518518518518519
1 0.13125 0.5032407407407408 0.00625 0.032407407407407406
0 0.11145833333333334 0.5023148148148148 0.020833333333333332 0.026851851851851852
0 0.059895833333333336 0.5592592592592592 0.11979166666666667 0.14444444444444443
0 0.7924479166666667 0.46111111111111114 0.0390625 0.02962962962962963
0 0.7596354166666667 0.4634259259259259 0.0421875 0.028703703703703703
0 0.83203125 0.4597222222222222 0.04114583333333333 0.030555555555555555
0 0.8174479166666667 0.4587962962962963 0.0171875 0.023148148148148147
0 0.9143229166666667 0.4532407407407407 0.025520833333333333 0.028703703703703703
0 0.94140625 0.4550925925925926 0.022395833333333334 0.023148148148148147
1 0.3763020833333333 0.46620370370370373 0.0046875 0.025
0 0.3770833333333333 0.47175925925925927 0.01875 0.023148148148148147
0 0.43671875 0.475462962962963 0.034895833333333334 0.028703703703703703
