0 0.01171875 0.5277777777777778 0.0140625 0.024074074074074074
0 0.06692708333333333 0.5398148148148149 0.059895833333333336 0.06111111111111111
0 0.12578125 0.5351851851851852 0.08072916666666667 0.07592592592592592
0 0.20598958333333334 0.5120370370370371 0.022395833333333334 0.03518518518518519
0 0.2513020833333333 0.5078703703703704 0.07447916666666667 0.07685185185185185
0 0.29921875 0.524074074074074 0.0484375 0.046296296296296294
0 0.3265625 0.5199074074074074 0.016666666666666666 0.023148148148148147
0 0.3546875 0.5162037037037037 0.028125 0.030555555555555555
0 0.39895833333333336 0.5046296296296297 0.026041666666666668 0.03518518518518519
0 0.428125 0.5296296296296297 0.052083333333333336 0.06296296296296296
0 0.48333333333333334 0.5083333333333333 0.013541666666666667 0.024074074074074074
2 0.4947916666666667 0.44351851851851853 0.0125 0.007407407407407408
2 0.5182291666666666 0.44166666666666665 0.0125 0.007407407407407408
2 0.5411458333333333 0.4412037037037037 0.0125 0.008333333333333333
2 0.5161458333333333 0.4652777777777778 0.008333333333333333 0.004629629629629629
