0 0.19114583333333332 0.5509259259259259 0.153125 0.14074074074074075
0 0.3 0.5337962962962963 0.05 0.05462962962962963
0 0.41848958333333336 0.5254629629629629 0.034895833333333334 0.03796296296296296
0 0.47213541666666664 0.5328703703703703 0.044270833333333336 0.058333333333333334
0 0.4864583333333333 0.5166666666666667 0.020833333333333332 0.03333333333333333
0 0.51484375 0.5148148148148148 0.021354166666666667 0.03518518518518519
0 0.54609375 0.5171296296296296 0.0171875 0.028703703703703703
1 0.6013020833333333 0.5166666666666667 0.0046875 0.022222222222222223
1 0.6255208333333333 0.5194444444444445 0.005208333333333333 0.027777777777777776
0 0.6315104166666666 0.5194444444444445 0.021354166666666667 0.027777777777777776
0 0.6393229166666666 0.5236111111111111 0.021354166666666667 0.026851851851851852
0 0.66640625 0.5222222222222223 0.03697916666666667 0.044444444444444446
0 0.7276041666666667 0.5356481481481481 0.046875 0.049074074074074076
0 0.7890625 0.5342592592592592 0.08020833333333334 0.09074074074074075
0 0.9611979166666667 0.5435185185185185 0.0765625 0.1388888888888889
