2 0.5572916666666666 0.2810185185185185 0.035416666666666666 0.01574074074074074
2 0.484375 0.27870370370370373 0.036458333333333336 0.014814814814814815
2 0.5122395833333333 0.4097222222222222 0.0140625 0.008333333333333333
0 0.48671875 0.5143518518518518 0.03177083333333333 0.04722222222222222
0 0.51796875 0.5064814814814815 0.024479166666666666 0.02962962962962963
0 0.475 0.5060185185185185 0.020833333333333332 0.03611111111111111
0 0.6739583333333333 0.4842592592592593 0.05416666666666667 0.03518518518518519
0 0.6231770833333333 0.4962962962962963 0.06822916666666666 0.05
0 0.5802083333333333 0.4912037037037037 0.027083333333333334 0.04537037037037037
0 0.5572916666666666 0.4912037037037037 0.025 0.03981481481481482
0 0.26901041666666664 0.5018518518518519 0.027604166666666666 0.024074074074074074
0 0.240625 0.5018518518518519 0.028125 0.024074074074074074
0 0.196875 0.49907407407407406 0.027083333333333334 0.022222222222222223
0 0.008854166666666666 0.5 0.017708333333333333 0.037037037037037035
