0 0.16458333333333333 0.5351851851851852 0.0375 0.04814814814814815
0 0.20651041666666667 0.5310185185185186 0.07447916666666667 0.062037037037037036
0 0.27395833333333336 0.5300925925925926 0.06041666666666667 0.05648148148148148
0 0.34140625 0.5263888888888889 0.04635416666666667 0.04537037037037037
0 0.3729166666666667 0.5212962962962963 0.020833333333333332 0.040740740740740744
0 0.4 0.5180555555555556 0.04375 0.049074074074074076
0 0.41770833333333335 0.5203703703703704 0.020833333333333332 0.025925925925925925
0 0.43828125 0.5226851851851851 0.0296875 0.032407407407407406
0 0.46171875 0.5217592592592593 0.019270833333333334 0.026851851851851852
0 0.4786458333333333 0.5231481481481481 0.015625 0.022222222222222223
0 0.5752604166666667 0.5263888888888889 0.0359375 0.04537037037037037
1 0.5947916666666667 0.5212962962962963 0.008333333333333333 0.05185185185185185
2 0.08177083333333333 0.031018518518518518 0.057291666666666664 0.062037037037037036
