0 0.15208333333333332 0.5472222222222223 0.1375 0.10925925925925926
0 0.13229166666666667 0.47129629629629627 0.04583333333333333 0.03888888888888889
0 0.1609375 0.45555555555555555 0.057291666666666664 0.07037037037037037
0 0.203125 0.4537037037037037 0.027083333333333334 0.04814814814814815
0 0.3463541666666667 0.49444444444444446 0.03854166666666667 0.025925925925925925
0 0.45208333333333334 0.48842592592592593 0.04375 0.05277777777777778
0 0.46328125 0.5435185185185185 0.033854166666666664 0.09814814814814815
0 0.5244791666666667 0.5875 0.13333333333333333 0.21944444444444444
0 0.5833333333333334 0.5032407407407408 0.03333333333333333 0.028703703703703703
0 0.5903645833333333 0.5296296296296297 0.030729166666666665 0.05555555555555555
0 0.6369791666666667 0.5398148148148149 0.08958333333333333 0.11296296296296296
0 0.7153645833333333 0.4615740740740741 0.1140625 0.10833333333333334
0 0.7453125 0.5967592592592592 0.19895833333333332 0.19537037037037036
0 0.9026041666666667 0.5671296296296297 0.165625 0.15833333333333333
0 0.9315104166666667 0.649537037037037 0.1359375 0.08425925925925926
