0 0.8174479166666667 0.47314814814814815 0.3046875 0.18518518518518517
0 0.9489583333333333 0.5226851851851851 0.10104166666666667 0.20277777777777778
0 0.2640625 0.5101851851851852 0.03125 0.11481481481481481
0 0.30078125 0.5074074074074074 0.0609375 0.12037037037037036
0 0.062239583333333334 0.5226851851851851 0.06927083333333334 0.06944444444444445
0 0.11328125 0.5189814814814815 0.04010416666666667 0.058333333333333334
0 0.38619791666666664 0.49537037037037035 0.04635416666666667 0.040740740740740744
0 0.44114583333333335 0.5 0.022916666666666665 0.037037037037037035
0 0.46067708333333335 0.5087962962962963 0.025520833333333333 0.04722222222222222
0 0.22109375 0.5486111111111112 0.0609375 0.058333333333333334
0 0.34661458333333334 0.5370370370370371 0.0390625 0.044444444444444446
0 0.37734375 0.5300925925925926 0.030729166666666665 0.04537037037037037
0 0.39947916666666666 0.5314814814814814 0.017708333333333333 0.03148148148148148
0 0.4109375 0.5273148148148148 0.022916666666666665 0.032407407407407406
0 0.4315104166666667 0.5263888888888889 0.021354166666666667 0.026851851851851852
0 0.44817708333333334 0.525 0.018229166666666668 0.024074074074074074
0 0.6572916666666667 0.6087962962962963 0.203125 0.25277777777777777
0 0.8716145833333333 0.5467592592592593 0.058854166666666666 0.09351851851851851
2 0.4700520833333333 0.38796296296296295 0.022395833333333334 0.009259259259259259
3 0.5471354166666667 0.37037037037037035 0.013020833333333334 0.024074074074074074
3 0.97890625 0.15787037037037038 0.033854166666666664 0.09351851851851851
3 0.5080729166666667 0.38287037037037036 0.011979166666666667 0.025
3 0.4903645833333333 0.3731481481481482 0.013020833333333334 0.024074074074074074
3 0.015885416666666666 0.3421296296296296 0.0140625 0.04722222222222222
0 0.5317708333333333 0.5189814814814815 0.017708333333333333 0.023148148148148147
