1 0.9411458333333333 0.5375 0.014583333333333334 0.09907407407407408
1 0.18854166666666666 0.5324074074074074 0.008333333333333333 0.08703703703703704
1 0.18776041666666668 0.5430555555555555 0.024479166666666666 0.07685185185185185
2 0.5020833333333333 0.43796296296296294 0.0125 0.005555555555555556
2 0.5359375 0.43703703703703706 0.0125 0.005555555555555556
0 0.8880208333333334 0.5222222222222223 0.01875 0.025925925925925925
0 0.54140625 0.5958333333333333 0.2046875 0.2638888888888889
0 0.33151041666666664 0.5300925925925926 0.07864583333333333 0.07685185185185185
0 0.22473958333333333 0.524537037037037 0.0640625 0.05277777777777778
0 0.13958333333333334 0.5097222222222222 0.04375 0.03611111111111111
0 0.09479166666666666 0.5087962962962963 0.020833333333333332 0.023148148148148147
