2 0.48880208333333336 0.39675925925925926 0.015104166666666667 0.010185185185185186
0 0.19947916666666668 0.6050925925925926 0.042708333333333334 0.1287037037037037
0 0.34765625 0.5412037037037037 0.021354166666666667 0.049074074074074076
0 0.48463541666666665 0.524537037037037 0.019270833333333334 0.028703703703703703
1 0.0109375 0.5972222222222222 0.021875 0.1685185185185185
1 0.08046875 0.5921296296296297 0.0296875 0.15648148148148147
1 0.14895833333333333 0.5703703703703704 0.022916666666666665 0.17222222222222222
1 0.15989583333333332 0.5513888888888889 0.017708333333333333 0.1287037037037037
1 0.18697916666666667 0.5194444444444445 0.01875 0.05185185185185185
1 0.25416666666666665 0.5907407407407408 0.035416666666666666 0.14814814814814814
1 0.39296875 0.5300925925925926 0.0078125 0.041666666666666664
1 0.39947916666666666 0.5287037037037037 0.005208333333333333 0.03518518518518519
1 0.403125 0.5296296296296297 0.004166666666666667 0.03333333333333333
1 0.44088541666666664 0.5277777777777778 0.0046875 0.02962962962962963
1 0.5153645833333333 0.5185185185185185 0.005729166666666666 0.025925925925925925
1 0.534375 0.5203703703703704 0.004166666666666667 0.025925925925925925
1 0.5466145833333333 0.5152777777777777 0.0046875 0.025
1 0.6078125 0.512962962962963 0.005208333333333333 0.03333333333333333
1 0.64296875 0.5027777777777778 0.005729166666666666 0.025925925925925925
1 0.6434895833333333 0.5175925925925926 0.0067708333333333336 0.025925925925925925
1 0.6559895833333333 0.513425925925926 0.011979166666666667 0.06018518518518518
1 0.2765625 0.6134259259259259 0.036458333333333336 0.0712962962962963
