2 0.23515625 0.44166666666666665 0.011979166666666667 0.005555555555555556
2 0.20911458333333333 0.4375 0.011979166666666667 0.006481481481481481
0 0.08958333333333333 0.5462962962962963 0.05416666666666667 0.07407407407407407
0 0.08046875 0.5407407407407407 0.09635416666666667 0.05185185185185185
0 0.09479166666666666 0.5319444444444444 0.09375 0.075
0 0.14661458333333333 0.5310185185185186 0.018229166666666668 0.05277777777777778
0 0.2296875 0.5125 0.046875 0.06388888888888888
0 0.24973958333333332 0.5259259259259259 0.0234375 0.040740740740740744
0 0.2682291666666667 0.5282407407407408 0.036458333333333336 0.04351851851851852
0 0.30026041666666664 0.5268518518518519 0.0234375 0.02962962962962963
0 0.3268229166666667 0.5402777777777777 0.05364583333333333 0.06018518518518518
0 0.3802083333333333 0.5439814814814815 0.025 0.07685185185185185
0 0.390625 0.5564814814814815 0.03333333333333333 0.0962962962962963
0 0.45598958333333334 0.6041666666666666 0.1578125 0.2101851851851852
1 0.6098958333333333 0.5337962962962963 0.015625 0.075
