0 0.02734375 0.5138888888888888 0.0546875 0.05555555555555555
0 0.10989583333333333 0.5101851851851852 0.05416666666666667 0.05185185185185185
0 0.20625 0.5143518518518518 0.051041666666666666 0.032407407407407406
0 0.35885416666666664 0.513425925925926 0.035416666666666666 0.025
0 0.3919270833333333 0.5152777777777777 0.033854166666666664 0.032407407407407406
0 0.446875 0.5212962962962963 0.034375 0.05
0 0.5026041666666666 0.5268518518518519 0.041666666666666664 0.05740740740740741
3 0.7841145833333333 0.43657407407407406 0.0171875 0.03981481481481482
3 0.86875 0.42314814814814816 0.021875 0.05185185185185185
0 0.9361979166666666 0.5217592592592593 0.04739583333333333 0.10648148148148148
1 0.11901041666666666 0.5050925925925925 0.0078125 0.03796296296296296
1 0.18697916666666667 0.5101851851851852 0.00625 0.037037037037037035
1 0.19348958333333333 0.5106481481481482 0.0067708333333333336 0.03796296296296296
