3 0.971875 0.32546296296296295 0.028125 0.07685185185185185
1 0.8981770833333333 0.5106481481481482 0.025520833333333333 0.16574074074074074
1 0.8786458333333333 0.5092592592592593 0.020833333333333332 0.12222222222222222
1 0.70078125 0.5037037037037037 0.009895833333333333 0.06481481481481481
1 0.6932291666666667 0.5018518518518519 0.011458333333333333 0.06481481481481481
0 0.1984375 0.5351851851851852 0.023958333333333335 0.02962962962962963
0 0.21067708333333332 0.5361111111111111 0.024479166666666666 0.024074074074074074
0 0.6166666666666667 0.5203703703703704 0.06145833333333333 0.07592592592592592
0 0.5325520833333334 0.5532407407407407 0.10052083333333334 0.14351851851851852
0 0.44427083333333334 0.512962962962963 0.04791666666666667 0.06666666666666667
0 0.41432291666666665 0.5083333333333333 0.0171875 0.03148148148148148
0 0.3390625 0.5148148148148148 0.03333333333333333 0.03888888888888889
0 0.32083333333333336 0.5148148148148148 0.014583333333333334 0.025925925925925925
0 0.27682291666666664 0.5199074074074074 0.033854166666666664 0.032407407407407406
0 0.24088541666666666 0.5180555555555556 0.04010416666666667 0.049074074074074076
0 0.08411458333333334 0.5518518518518518 0.16822916666666668 0.21481481481481482
0 0.9638020833333333 0.6337962962962963 0.07135416666666666 0.07314814814814814
