1 0.7690104166666667 0.5166666666666667 0.0171875 0.1
0 0.5640625 0.5217592592592593 0.030208333333333334 0.041666666666666664
0 0.5416666666666666 0.5189814814814815 0.014583333333333334 0.026851851851851852
0 0.51640625 0.5333333333333333 0.04114583333333333 0.05555555555555555
0 0.45703125 0.5268518518518519 0.030729166666666665 0.03888888888888889
0 0.34036458333333336 0.5555555555555556 0.1328125 0.15555555555555556
0 0.28854166666666664 0.549074074074074 0.041666666666666664 0.10185185185185185
2 0.48828125 0.21064814814814814 0.0390625 0.025
2 0.5890625 0.20694444444444443 0.03854166666666667 0.025
3 0.9442708333333333 0.30648148148148147 0.03125 0.08333333333333333
