0 0.13229166666666667 0.47175925925925927 0.04583333333333333 0.03981481481481482
0 0.16067708333333333 0.4564814814814815 0.0578125 0.07222222222222222
0 0.20390625 0.4537037037037037 0.0296875 0.04814814814814815
0 0.34375 0.4935185185185185 0.03958333333333333 0.024074074074074074
0 0.4044270833333333 0.487962962962963 0.050520833333333334 0.07592592592592592
0 0.45416666666666666 0.5092592592592593 0.021875 0.025925925925925925
0 0.46328125 0.5444444444444444 0.033854166666666664 0.1
0 0.5239583333333333 0.587037037037037 0.13333333333333333 0.21851851851851853
0 0.5833333333333334 0.5032407407407408 0.03333333333333333 0.030555555555555555
0 0.5908854166666667 0.5291666666666667 0.030729166666666665 0.05462962962962963
0 0.6372395833333333 0.5398148148148149 0.09010416666666667 0.11296296296296296
0 0.7447916666666666 0.5972222222222222 0.19791666666666666 0.1962962962962963
0 0.7151041666666667 0.4615740740740741 0.115625 0.10833333333333334
0 0.9018229166666667 0.5671296296296297 0.1640625 0.15833333333333333
0 0.9315104166666667 0.6467592592592593 0.1359375 0.0824074074074074
