0 0.4640625 0.5717592592592593 0.10416666666666667 0.2101851851851852
0 0.95859375 0.5462962962962963 0.08177083333333333 0.18703703703703703
0 0.8986979166666667 0.5203703703703704 0.1484375 0.17962962962962964
0 0.8065104166666667 0.5328703703703703 0.05260416666666667 0.14351851851851852
0 0.7583333333333333 0.5370370370370371 0.058333333333333334 0.10185185185185185
0 0.72109375 0.5305555555555556 0.05572916666666667 0.07777777777777778
0 0.7315104166666667 0.5305555555555556 0.043229166666666666 0.07592592592592592
0 0.7169270833333333 0.5023148148148148 0.0796875 0.03981481481481482
0 0.6661458333333333 0.5333333333333333 0.026041666666666668 0.05740740740740741
0 0.671875 0.5013888888888889 0.03229166666666667 0.032407407407407406
0 0.6390625 0.5087962962962963 0.03854166666666667 0.028703703703703703
0 0.54296875 0.5310185185185186 0.0265625 0.03611111111111111
3 0.5434895833333333 0.48842592592592593 0.013020833333333334 0.028703703703703703
2 0.47630208333333335 0.4199074074074074 0.013020833333333334 0.008333333333333333
0 0.008072916666666667 0.5527777777777778 0.016145833333333335 0.05555555555555555
0 0.640625 0.5106481481481482 0.07708333333333334 0.05277777777777778
0 0.13932291666666666 0.5157407407407407 0.05364583333333333 0.03148148148148148
