0 0.4 0.5263888888888889 0.06666666666666667 0.08425925925925926
0 0.45546875 0.5138888888888888 0.027604166666666666 0.03518518518518519
0 0.4984375 0.5148148148148148 0.026041666666666668 0.03333333333333333
0 0.5182291666666666 0.5111111111111111 0.015625 0.025925925925925925
0 0.5192708333333333 0.5 0.019791666666666666 0.025925925925925925
0 0.5442708333333334 0.5143518518518518 0.025 0.03425925925925926
0 0.5604166666666667 0.5101851851851852 0.016666666666666666 0.027777777777777776
0 0.5770833333333333 0.5111111111111111 0.016666666666666666 0.024074074074074074
0 0.565625 0.48703703703703705 0.04583333333333333 0.03333333333333333
0 0.6484375 0.5046296296296297 0.071875 0.11296296296296296
0 0.9640625 0.47314814814814815 0.05520833333333333 0.037037037037037035
0 0.8598958333333333 0.5805555555555556 0.16875 0.19074074074074074
0 0.5981770833333333 0.4962962962962963 0.015104166666666667 0.03888888888888889
