2 0.4747395833333333 0.45694444444444443 0.009895833333333333 0.004629629629629629
2 0.5041666666666667 0.45601851851851855 0.010416666666666666 0.004629629629629629
1 0.7322916666666667 0.5009259259259259 0.004166666666666667 0.024074074074074074
0 0.2171875 0.5777777777777777 0.26979166666666665 0.26481481481481484
0 0.39869791666666665 0.5569444444444445 0.10052083333333334 0.125
0 0.4515625 0.5314814814814814 0.05 0.07777777777777778
0 0.47604166666666664 0.5305555555555556 0.015625 0.05
0 0.48411458333333335 0.5263888888888889 0.018229166666666668 0.03981481481481482
0 0.49713541666666666 0.5217592592592593 0.019270833333333334 0.032407407407407406
1 0.5111979166666667 0.5236111111111111 0.0078125 0.041666666666666664
0 0.5270833333333333 0.5305555555555556 0.036458333333333336 0.04814814814814815
0 0.50234375 0.5064814814814815 0.05364583333333333 0.025925925925925925
0 0.8088541666666667 0.4875 0.06666666666666667 0.030555555555555555
0 0.96171875 0.6365740740740741 0.07552083333333333 0.06759259259259259
1 0.7861979166666667 0.4925925925925926 0.0046875 0.025925925925925925
