0 0.5669270833333333 0.5120370370370371 0.015104166666666667 0.024074074074074074
0 0.584375 0.5175925925925926 0.027083333333333334 0.03888888888888889
0 0.6192708333333333 0.5189814814814815 0.04791666666666667 0.06759259259259259
0 0.675 0.5398148148148149 0.08541666666666667 0.09814814814814815
0 0.9216145833333333 0.6189814814814815 0.15572916666666667 0.29907407407407405
0 0.49557291666666664 0.49212962962962964 0.0359375 0.0712962962962963
0 0.5153645833333333 0.5226851851851851 0.049479166666666664 0.075
0 0.4583333333333333 0.5097222222222222 0.022916666666666665 0.032407407407407406
0 0.41354166666666664 0.5199074074074074 0.035416666666666666 0.041666666666666664
0 0.37421875 0.5180555555555556 0.034895833333333334 0.03796296296296296
0 0.31979166666666664 0.5337962962962963 0.07083333333333333 0.07685185185185185
0 0.26510416666666664 0.47824074074074074 0.078125 0.05277777777777778
0 0.15052083333333333 0.5356481481481481 0.10729166666666666 0.10648148148148148
0 0.03802083333333333 0.5148148148148148 0.07604166666666666 0.3074074074074074
