3 0.5239583333333333 0.43194444444444446 0.014583333333333334 0.026851851851851852
0 0.4752604166666667 0.5560185185185185 0.09739583333333333 0.13240740740740742
0 0.31328125 0.4740740740740741 0.07760416666666667 0.053703703703703705
0 0.07135416666666666 0.6240740740740741 0.14270833333333333 0.12777777777777777
0 0.10546875 0.5634259259259259 0.1796875 0.1361111111111111
0 0.015625 0.5601851851851852 0.03125 0.05185185185185185
0 0.0453125 0.5458333333333333 0.0375 0.03611111111111111
0 0.1953125 0.5407407407407407 0.052083333333333336 0.06666666666666667
0 0.28229166666666666 0.5717592592592593 0.15729166666666666 0.1675925925925926
0 0.3614583333333333 0.5439814814814815 0.059375 0.09351851851851851
0 0.3651041666666667 0.5032407407407408 0.040625 0.03425925925925926
0 0.7119791666666667 0.45555555555555555 0.03229166666666667 0.025925925925925925
0 0.67890625 0.4564814814814815 0.033854166666666664 0.024074074074074074
0 0.7122395833333334 0.4337962962962963 0.0484375 0.03611111111111111
2 0.5151041666666667 0.4162037037037037 0.008333333333333333 0.04722222222222222
0 0.39557291666666666 0.4810185185185185 0.0328125 0.023148148148148147
2 0.4283854166666667 0.4046296296296296 0.0078125 0.005555555555555556
2 0.32578125 0.4185185185185185 0.011979166666666667 0.007407407407407408
