1 0.8479166666666667 0.5263888888888889 0.022916666666666665 0.06759259259259259
1 0.7369791666666666 0.5101851851851852 0.017708333333333333 0.027777777777777776
1 0.9145833333333333 0.5027777777777778 0.00625 0.06666666666666667
0 0.09609375 0.5546296296296296 0.1921875 0.27037037037037037
0 0.23489583333333333 0.5523148148148148 0.09583333333333334 0.11018518518518519
0 0.34296875 0.5287037037037037 0.04635416666666667 0.05555555555555555
0 0.36302083333333335 0.5060185185185185 0.03125 0.049074074074074076
0 0.38645833333333335 0.5143518518518518 0.019791666666666666 0.03796296296296296
0 0.396875 0.5222222222222223 0.0375 0.053703703703703705
0 0.4265625 0.5046296296296297 0.023958333333333335 0.024074074074074074
0 0.46770833333333334 0.5046296296296297 0.015625 0.024074074074074074
0 0.4895833333333333 0.5055555555555555 0.015625 0.025925925925925925
0 0.4953125 0.5097222222222222 0.017708333333333333 0.028703703703703703
0 0.5072916666666667 0.5138888888888888 0.027083333333333334 0.03518518518518519
