1 0.8216145833333334 0.5365740740740741 0.024479166666666666 0.06759259259259259
0 0.6734375 0.5106481481481482 0.036458333333333336 0.03981481481481482
0 0.5736979166666667 0.5046296296296297 0.018229166666666668 0.027777777777777776
0 0.5059895833333333 0.5143518518518518 0.0171875 0.03425925925925926
0 0.48203125 0.5291666666666667 0.0546875 0.06574074074074074
0 0.4544270833333333 0.5032407407407408 0.0234375 0.026851851851851852
0 0.43854166666666666 0.524074074074074 0.041666666666666664 0.053703703703703705
0 0.415625 0.5180555555555556 0.01875 0.03796296296296296
0 0.38333333333333336 0.5259259259259259 0.04791666666666667 0.05555555555555555
0 0.35859375 0.5162037037037037 0.018229166666666668 0.028703703703703703
0 0.25234375 0.5990740740740741 0.2484375 0.24074074074074073
