3 0.7046875 0.0837962962962963 0.040625 0.07685185185185185
0 0.008072916666666667 0.44166666666666665 0.016145833333333335 0.17777777777777778
0 0.23255208333333333 0.5337962962962963 0.0796875 0.08425925925925926
0 0.33151041666666664 0.5319444444444444 0.0796875 0.08796296296296297
0 0.41692708333333334 0.5398148148148149 0.06510416666666667 0.08333333333333333
0 0.5268229166666667 0.537962962962963 0.0671875 0.10185185185185185
0 0.4739583333333333 0.5199074074074074 0.01875 0.026851851851851852
0 0.5872395833333334 0.5208333333333334 0.0546875 0.08055555555555556
0 0.6828125 0.5064814814814815 0.057291666666666664 0.046296296296296294
0 0.3875 0.5203703703703704 0.017708333333333333 0.03333333333333333
