1 0.05520833333333333 0.5625 0.014583333333333334 0.09166666666666666
0 0.050520833333333334 0.5861111111111111 0.04895833333333333 0.08703703703703704
0 0.12395833333333334 0.538425925925926 0.06458333333333334 0.05462962962962963
0 0.2630208333333333 0.5800925925925926 0.21979166666666666 0.25462962962962965
0 0.43515625 0.5111111111111111 0.021354166666666667 0.025925925925925925
0 0.47682291666666665 0.5138888888888888 0.0265625 0.03518518518518519
0 0.5177083333333333 0.4962962962962963 0.04375 0.09259259259259259
0 0.5708333333333333 0.513425925925926 0.029166666666666667 0.04722222222222222
1 0.7841145833333333 0.5092592592592593 0.021354166666666667 0.12962962962962962
1 0.8197916666666667 0.5351851851851852 0.03125 0.1111111111111111
1 0.83984375 0.5347222222222222 0.0265625 0.1287037037037037
1 0.8783854166666667 0.5398148148148149 0.0265625 0.12407407407407407
1 0.9270833333333334 0.5189814814814815 0.029166666666666667 0.15092592592592594
1 0.9723958333333333 0.5055555555555555 0.023958333333333335 0.13703703703703704
2 0.50703125 0.4217592592592593 0.009895833333333333 0.004629629629629629
2 0.5442708333333334 0.4199074074074074 0.009375 0.006481481481481481
