0 0.30416666666666664 0.5300925925925926 0.057291666666666664 0.075
0 0.3736979166666667 0.5574074074074075 0.09114583333333333 0.11296296296296296
0 0.41380208333333335 0.5268518518518519 0.033854166666666664 0.07592592592592592
0 0.44427083333333334 0.5268518518518519 0.026041666666666668 0.03518518518518519
0 0.50703125 0.5972222222222222 0.1359375 0.22037037037037038
0 0.5856770833333333 0.537962962962963 0.049479166666666664 0.05740740740740741
0 0.6122395833333333 0.5435185185185185 0.034895833333333334 0.053703703703703705
0 0.6361979166666667 0.5444444444444444 0.0328125 0.05740740740740741
0 0.7125 0.5486111111111112 0.12916666666666668 0.10648148148148148
0 0.7979166666666667 0.5120370370370371 0.07916666666666666 0.05740740740740741
1 0.7859375 0.5569444444444445 0.034375 0.1712962962962963
1 0.8497395833333333 0.5597222222222222 0.034895833333333334 0.1787037037037037
2 0.3875 0.44027777777777777 0.009375 0.006481481481481481
2 0.409375 0.44166666666666665 0.008333333333333333 0.005555555555555556
0 0.8348958333333333 0.586574074074074 0.07604166666666666 0.09722222222222222
