3 0.7348958333333333 0.4060185185185185 0.019791666666666666 0.03981481481481482
0 0.10520833333333333 0.575925925925926 0.21041666666666667 0.1925925925925926
0 0.16692708333333334 0.5222222222222223 0.0296875 0.03148148148148148
0 0.2596354166666667 0.5574074074074075 0.06302083333333333 0.10740740740740741
0 0.3341145833333333 0.5837962962962963 0.1796875 0.1824074074074074
0 0.40572916666666664 0.5254629629629629 0.023958333333333335 0.03611111111111111
0 0.421875 0.5208333333333334 0.014583333333333334 0.025
0 0.4348958333333333 0.5199074074074074 0.013541666666666667 0.019444444444444445
0 0.5169270833333334 0.5458333333333333 0.08802083333333334 0.14351851851851852
0 0.6174479166666667 0.5444444444444444 0.08072916666666667 0.09259259259259259
0 0.7388020833333333 0.5115740740740741 0.07447916666666667 0.04351851851851852
0 0.7614583333333333 0.4962962962962963 0.042708333333333334 0.03333333333333333
0 0.85078125 0.49722222222222223 0.058854166666666666 0.03518518518518519
0 0.9463541666666667 0.48333333333333334 0.06770833333333333 0.046296296296296294
1 0.7856770833333333 0.5175925925925926 0.013020833333333334 0.07962962962962963
1 0.6950520833333333 0.5115740740740741 0.0046875 0.03796296296296296
1 0.7109375 0.5074074074074074 0.00625 0.05185185185185185
2 0.4244791666666667 0.25787037037037036 0.04375 0.021296296296296296
2 0.5135416666666667 0.25277777777777777 0.04479166666666667 0.020370370370370372
2 0.5239583333333333 0.43287037037037035 0.013541666666666667 0.006481481481481481
1 0.859375 0.48935185185185187 0.00625 0.04722222222222222
2 0.2950520833333333 0.4476851851851852 0.0109375 0.006481481481481481
0 0.24036458333333333 0.5208333333333334 0.019270833333333334 0.023148148148148147
