0 0.01953125 0.5435185185185185 0.0390625 0.09074074074074075
0 0.0546875 0.5476851851851852 0.034375 0.04537037037037037
0 0.12109375 0.5680555555555555 0.13489583333333333 0.1398148148148148
0 0.19322916666666667 0.5337962962962963 0.017708333333333333 0.03611111111111111
0 0.19921875 0.5305555555555556 0.0203125 0.02962962962962963
0 0.209375 0.5162037037037037 0.020833333333333332 0.025
0 0.22578125 0.537962962962963 0.03697916666666667 0.04259259259259259
0 0.2786458333333333 0.5226851851851851 0.035416666666666666 0.030555555555555555
0 0.3263020833333333 0.5125 0.06197916666666667 0.08611111111111111
0 0.3502604166666667 0.5282407407407408 0.0390625 0.04351851851851852
0 0.38515625 0.5337962962962963 0.10572916666666667 0.1398148148148148
0 0.45390625 0.525 0.0390625 0.053703703703703705
0 0.4864583333333333 0.5018518518518519 0.022916666666666665 0.04814814814814815
0 0.5106770833333333 0.5291666666666667 0.05677083333333333 0.09351851851851851
0 0.5497395833333333 0.5189814814814815 0.0234375 0.03796296296296296
0 0.5825520833333333 0.5138888888888888 0.0359375 0.02962962962962963
2 0.5078125 0.4537037037037037 0.009375 0.003703703703703704
2 0.48984375 0.4546296296296296 0.008854166666666666 0.003703703703703704
2 0.48828125 0.37824074074074077 0.024479166666666666 0.010185185185185186
2 0.5380208333333333 0.3773148148148148 0.025 0.010185185185185186
1 0.97265625 0.5148148148148148 0.0421875 0.08148148148148149
1 0.9020833333333333 0.5537037037037037 0.03229166666666667 0.20925925925925926
1 0.76171875 0.5041666666666667 0.0109375 0.06388888888888888
1 0.7669270833333334 0.49444444444444446 0.013020833333333334 0.07407407407407407
1 0.66484375 0.500462962962963 0.005729166666666666 0.05092592592592592
1 0.8518229166666667 0.5074074074074074 0.0171875 0.08333333333333333
