0 0.17369791666666667 0.5180555555555556 0.03177083333333333 0.03796296296296296
0 0.39791666666666664 0.5064814814814815 0.015625 0.03148148148148148
0 0.42682291666666666 0.49907407407407406 0.019270833333333334 0.03518518518518519
0 0.46927083333333336 0.5231481481481481 0.04479166666666667 0.06851851851851852
0 0.5177083333333333 0.4976851851851852 0.023958333333333335 0.05092592592592592
0 0.55 0.5064814814814815 0.014583333333333334 0.024074074074074074
0 0.6138020833333333 0.5166666666666667 0.03697916666666667 0.040740740740740744
0 0.6083333333333333 0.4925925925925926 0.03125 0.04814814814814815
0 0.6419270833333334 0.4976851851851852 0.034895833333333334 0.06574074074074074
1 0.6734375 0.5041666666666667 0.004166666666666667 0.03611111111111111
1 0.6692708333333334 0.5046296296296297 0.003125 0.03518518518518519
0 0.7166666666666667 0.5402777777777777 0.08645833333333333 0.10833333333333334
1 0.8302083333333333 0.5078703703703704 0.0125 0.06759259259259259
1 0.96484375 0.4828703703703704 0.0046875 0.03611111111111111
3 0.89453125 0.4162037037037037 0.015104166666666667 0.032407407407407406
2 0.6510416666666666 0.13240740740740742 0.04791666666666667 0.02962962962962963
0 0.34036458333333336 0.5143518518518518 0.0390625 0.023148148148148147
