1 0.9463541666666667 0.5898148148148148 0.10625 0.49074074074074076
0 0.63359375 0.49212962962962964 0.0484375 0.049074074074074076
0 0.5984375 0.49444444444444446 0.025 0.037037037037037035
0 0.5776041666666667 0.49675925925925923 0.017708333333333333 0.030555555555555555
0 0.559375 0.500462962962963 0.013541666666666667 0.023148148148148147
0 0.5453125 0.5 0.016666666666666666 0.022222222222222223
0 0.5203125 0.4981481481481482 0.0125 0.025925925925925925
0 0.4822916666666667 0.4986111111111111 0.016666666666666666 0.025
0 0.4236979166666667 0.49953703703703706 0.0171875 0.023148148148148147
0 0.23333333333333334 0.4888888888888889 0.0125 0.05555555555555555
0 0.00859375 0.5046296296296297 0.0171875 0.044444444444444446
0 0.02578125 0.5143518518518518 0.0203125 0.026851851851851852
0 0.853125 0.49583333333333335 0.03854166666666667 0.09722222222222222
