0 0.15625 0.5555555555555556 0.065625 0.09074074074074075
0 0.43359375 0.5157407407407407 0.016145833333333335 0.024074074074074074
0 0.4901041666666667 0.5361111111111111 0.065625 0.10555555555555556
0 0.5380208333333333 0.4935185185185185 0.021875 0.024074074074074074
0 0.5356770833333333 0.5171296296296296 0.0296875 0.049074074074074076
0 0.5739583333333333 0.5203703703703704 0.027083333333333334 0.037037037037037035
0 0.6010416666666667 0.5231481481481481 0.0375 0.044444444444444446
0 0.6895833333333333 0.575925925925926 0.15625 0.1814814814814815
0 0.7276041666666667 0.4810185185185185 0.14479166666666668 0.20462962962962963
0 0.9419270833333333 0.5615740740740741 0.11510416666666666 0.23981481481481481
