0 0.07291666666666667 0.5717592592592593 0.14583333333333334 0.15092592592592594
0 0.2078125 0.549074074074074 0.115625 0.1
0 0.29765625 0.5273148148148148 0.08072916666666667 0.09166666666666666
0 0.35442708333333334 0.5319444444444444 0.0359375 0.05092592592592592
0 0.37916666666666665 0.5226851851851851 0.034375 0.05092592592592592
0 0.40703125 0.5171296296296296 0.0234375 0.03611111111111111
0 0.4283854166666667 0.5101851851851852 0.016145833333333335 0.02962962962962963
0 0.44427083333333334 0.5078703703703704 0.013541666666666667 0.023148148148148147
0 0.45677083333333335 0.4976851851851852 0.016666666666666666 0.028703703703703703
0 0.5104166666666666 0.5092592592592593 0.013541666666666667 0.027777777777777776
1 0.5192708333333333 0.5162037037037037 0.011458333333333333 0.041666666666666664
0 0.5192708333333333 0.5287037037037037 0.014583333333333334 0.040740740740740744
0 0.54453125 0.5203703703703704 0.0265625 0.03333333333333333
0 0.57109375 0.5277777777777778 0.030729166666666665 0.05185185185185185
0 0.6026041666666667 0.5300925925925926 0.05416666666666667 0.06944444444444445
0 0.8372395833333334 0.5416666666666666 0.04114583333333333 0.1037037037037037
0 0.9346354166666667 0.525 0.0703125 0.10925925925925926
0 0.9794270833333333 0.4212962962962963 0.04010416666666667 0.08518518518518518
