0 0.25390625 0.49537037037037035 0.04635416666666667 0.027777777777777776
0 0.3216145833333333 0.5402777777777777 0.06822916666666666 0.075
0 0.3885416666666667 0.49907407407407406 0.013541666666666667 0.022222222222222223
0 0.42213541666666665 0.5236111111111111 0.0171875 0.030555555555555555
0 0.44583333333333336 0.5333333333333333 0.042708333333333334 0.05740740740740741
0 0.47265625 0.5222222222222223 0.021354166666666667 0.027777777777777776
0 0.5072916666666667 0.5138888888888888 0.027083333333333334 0.06666666666666667
0 0.5393229166666667 0.5078703703703704 0.0234375 0.04722222222222222
0 0.5578125 0.5254629629629629 0.020833333333333332 0.03611111111111111
0 0.5643229166666667 0.49398148148148147 0.025520833333333333 0.028703703703703703
0 0.58046875 0.5324074074074074 0.04114583333333333 0.05185185185185185
