1 0.9372395833333333 0.5388888888888889 0.0140625 0.10555555555555556
3 0.825 0.4638888888888889 0.020833333333333332 0.040740740740740744
0 0.5393229166666667 0.5407407407407407 0.059895833333333336 0.06666666666666667
0 0.5059895833333333 0.5217592592592593 0.0296875 0.03611111111111111
0 0.4479166666666667 0.5199074074074074 0.020833333333333332 0.04537037037037037
0 0.42916666666666664 0.5287037037037037 0.030208333333333334 0.06111111111111111
0 0.3885416666666667 0.5416666666666666 0.06979166666666667 0.09814814814814815
0 0.34765625 0.5175925925925926 0.0296875 0.02962962962962963
0 0.21640625 0.5574074074074075 0.1015625 0.11481481481481481
0 0.2796875 0.5791666666666667 0.1625 0.1638888888888889
0 0.14036458333333332 0.5555555555555556 0.1265625 0.11666666666666667
0 0.06848958333333334 0.5486111111111112 0.1109375 0.11944444444444445
