1 0.52578125 0.5180555555555556 0.0140625 0.05092592592592592
0 0.5260416666666666 0.5328703703703703 0.016666666666666666 0.049074074074074076
3 0.59453125 0.41388888888888886 0.015104166666666667 0.024074074074074074
3 0.59375 0.43842592592592594 0.014583333333333334 0.025
0 0.48776041666666664 0.41203703703703703 0.049479166666666664 0.03148148148148148
0 0.7604166666666666 0.549537037037037 0.215625 0.27314814814814814
0 0.62734375 0.5467592592592593 0.07552083333333333 0.10277777777777777
0 0.5877604166666667 0.5356481481481481 0.044270833333333336 0.06944444444444445
0 0.5598958333333334 0.5277777777777778 0.036458333333333336 0.05185185185185185
0 0.46484375 0.5231481481481481 0.028645833333333332 0.037037037037037035
0 0.44427083333333334 0.5101851851851852 0.015625 0.05185185185185185
0 0.41901041666666666 0.5083333333333333 0.03697916666666667 0.07407407407407407
0 0.39427083333333335 0.5277777777777778 0.0375 0.04814814814814815
0 0.30494791666666665 0.5361111111111111 0.09947916666666666 0.10555555555555556
