1 0.1359375 0.6402777777777777 0.12083333333333333 0.11018518518518519
1 0.05364583333333333 0.5981481481481481 0.030208333333333334 0.16296296296296298
1 0.09661458333333334 0.6138888888888889 0.030729166666666665 0.1685185185185185
1 0.30104166666666665 0.5550925925925926 0.0125 0.08055555555555556
1 0.3125 0.5578703703703703 0.010416666666666666 0.0712962962962963
1 0.36484375 0.5652777777777778 0.015104166666666667 0.07685185185185185
0 0.34817708333333336 0.5689814814814815 0.0203125 0.062037037037037036
0 0.3888020833333333 0.5453703703703704 0.013020833333333334 0.03518518518518519
0 0.4140625 0.5694444444444444 0.027083333333333334 0.07222222222222222
1 0.41458333333333336 0.549074074074074 0.022916666666666665 0.07962962962962963
1 0.5197916666666667 0.5314814814814814 0.00625 0.027777777777777776
1 0.5395833333333333 0.5277777777777778 0.004166666666666667 0.022222222222222223
1 0.5919270833333333 0.524537037037037 0.0046875 0.028703703703703703
1 0.615625 0.5287037037037037 0.009375 0.046296296296296294
1 0.6221354166666667 0.5333333333333333 0.0067708333333333336 0.03333333333333333
1 0.71953125 0.5592592592592592 0.021354166666666667 0.07962962962962963
1 0.765625 0.5675925925925925 0.035416666666666666 0.1648148148148148
1 0.37864583333333335 0.5837962962962963 0.020833333333333332 0.032407407407407406
