0 0.09557291666666666 0.5 0.19114583333333332 0.8092592592592592
0 0.25052083333333336 0.6125 0.19375 0.22314814814814815
0 0.35442708333333334 0.5634259259259259 0.1046875 0.1527777777777778
0 0.47552083333333334 0.5856481481481481 0.13125 0.18425925925925926
0 0.5375 0.5268518518518519 0.05 0.06111111111111111
2 0.303125 0.30092592592592593 0.04895833333333333 0.027777777777777776
2 0.4010416666666667 0.2847222222222222 0.051041666666666666 0.028703703703703703
2 0.3984375 0.42407407407407405 0.017708333333333333 0.009259259259259259
2 0.4395833333333333 0.41898148148148145 0.019791666666666666 0.010185185185185186
1 0.6546875 0.5023148148148148 0.005208333333333333 0.03425925925925926
3 0.4231770833333333 0.40555555555555556 0.011979166666666667 0.022222222222222223
