0 0.03307291666666667 0.5282407407407408 0.06614583333333333 0.041666666666666664
0 0.05911458333333333 0.5212962962962963 0.024479166666666666 0.02962962962962963
0 0.090625 0.5199074074074074 0.029166666666666667 0.028703703703703703
0 0.13151041666666666 0.5166666666666667 0.03177083333333333 0.02962962962962963
0 0.15234375 0.5175925925925926 0.05572916666666667 0.027777777777777776
0 0.19270833333333334 0.5125 0.07291666666666667 0.03796296296296296
0 0.2565104166666667 0.5444444444444444 0.1140625 0.1
0 0.36666666666666664 0.549537037037037 0.10104166666666667 0.11018518518518519
0 0.425 0.513425925925926 0.017708333333333333 0.032407407407407406
0 0.44088541666666664 0.5259259259259259 0.04114583333333333 0.05
0 0.4591145833333333 0.5106481481481482 0.025520833333333333 0.03981481481481482
0 0.49947916666666664 0.5476851851851852 0.07395833333333333 0.10462962962962963
0 0.5046875 0.4777777777777778 0.034375 0.044444444444444446
0 0.5364583333333334 0.5138888888888888 0.01875 0.027777777777777776
0 0.5588541666666667 0.5125 0.030208333333333334 0.062037037037037036
0 0.6184895833333334 0.5143518518518518 0.0578125 0.07685185185185185
0 0.953125 0.5907407407407408 0.09166666666666666 0.17962962962962964
