2 0.5421875 0.4393518518518518 0.011458333333333333 0.006481481481481481
2 0.5643229166666667 0.4398148148148148 0.013020833333333334 0.007407407407407408
1 0.7890625 0.5166666666666667 0.009375 0.06851851851851852
1 0.6986979166666667 0.5120370370370371 0.005729166666666666 0.04259259259259259
1 0.6161458333333333 0.5087962962962963 0.007291666666666667 0.028703703703703703
1 0.63203125 0.5111111111111111 0.0046875 0.025925925925925925
1 0.63984375 0.5125 0.0036458333333333334 0.025
0 0.7651041666666667 0.5106481481481482 0.01875 0.032407407407407406
0 0.5044270833333333 0.46805555555555556 0.050520833333333334 0.021296296296296296
0 0.5143229166666666 0.600925925925926 0.17760416666666667 0.2537037037037037
0 0.36432291666666666 0.5189814814814815 0.03697916666666667 0.030555555555555555
0 0.27395833333333336 0.5467592592592593 0.09270833333333334 0.08981481481481482
