1 0.009375 0.5236111111111111 0.01875 0.1675925925925926
1 0.06354166666666666 0.5259259259259259 0.03854166666666667 0.23703703703703705
0 0.03125 0.5083333333333333 0.042708333333333334 0.09814814814814815
0 0.0921875 0.5375 0.08958333333333333 0.11388888888888889
0 0.21979166666666666 0.5578703703703703 0.171875 0.15462962962962962
0 0.5893229166666667 0.5148148148148148 0.08072916666666667 0.11851851851851852
0 0.9127604166666666 0.5652777777777778 0.16197916666666667 0.09351851851851851
0 0.9739583333333334 0.5388888888888889 0.03958333333333333 0.05
0 0.8229166666666666 0.5393518518518519 0.06041666666666667 0.05462962962962963
0 0.8208333333333333 0.5138888888888888 0.04375 0.027777777777777776
1 0.19713541666666667 0.4060185185185185 0.005729166666666666 0.026851851851851852
