2 0.4471354166666667 0.26481481481481484 0.043229166666666666 0.020370370370370372
2 0.5419270833333333 0.25972222222222224 0.043229166666666666 0.021296296296296296
2 0.6307291666666667 0.2550925925925926 0.04375 0.021296296296296296
3 0.48203125 0.2388888888888889 0.0265625 0.046296296296296294
0 0.031510416666666666 0.5541666666666667 0.06302083333333333 0.08425925925925926
0 0.47109375 0.512962962962963 0.0109375 0.027777777777777776
0 0.4505208333333333 0.5148148148148148 0.03229166666666667 0.053703703703703705
0 0.4239583333333333 0.5287037037037037 0.04375 0.07222222222222222
0 0.3731770833333333 0.5504629629629629 0.10260416666666666 0.125
0 0.26588541666666665 0.5388888888888889 0.09947916666666666 0.12037037037037036
0 0.5140625 0.5268518518518519 0.06875 0.11666666666666667
0 0.6671875 0.549537037037037 0.10729166666666666 0.13796296296296295
0 0.8942708333333333 0.5166666666666667 0.07083333333333333 0.06481481481481481
0 0.46588541666666666 0.5171296296296296 0.013020833333333334 0.03611111111111111
0 0.5484375 0.5111111111111111 0.013541666666666667 0.03888888888888889
