0 0.28958333333333336 0.5532407407407407 0.08125 0.08611111111111111
0 0.38723958333333336 0.5615740740740741 0.09322916666666667 0.11574074074074074
0 0.47942708333333334 0.5314814814814814 0.016145833333333335 0.025925925925925925
0 0.48828125 0.5212962962962963 0.018229166666666668 0.040740740740740744
0 0.5104166666666666 0.5328703703703703 0.017708333333333333 0.025
0 0.5302083333333333 0.5273148148148148 0.013541666666666667 0.028703703703703703
0 0.5411458333333333 0.5324074074074074 0.01875 0.024074074074074074
0 0.71875 0.5606481481481481 0.134375 0.16944444444444445
0 0.96328125 0.5662037037037037 0.07239583333333334 0.2175925925925926
0 0.871875 0.40185185185185185 0.13333333333333333 0.12407407407407407
0 0.9786458333333333 0.3912037037037037 0.041666666666666664 0.09907407407407408
