0 0.11041666666666666 0.5916666666666667 0.22083333333333333 0.22407407407407406
0 0.21979166666666666 0.5305555555555556 0.03333333333333333 0.046296296296296294
0 0.30520833333333336 0.5259259259259259 0.05520833333333333 0.04259259259259259
0 0.31692708333333336 0.5060185185185185 0.04635416666666667 0.06574074074074074
0 0.36015625 0.5069444444444444 0.0484375 0.06018518518518518
0 0.42421875 0.5282407407407408 0.050520833333333334 0.075
0 0.45729166666666665 0.5277777777777778 0.022916666666666665 0.03333333333333333
0 0.46979166666666666 0.5231481481481481 0.017708333333333333 0.02962962962962963
0 0.4981770833333333 0.5314814814814814 0.030729166666666665 0.04259259259259259
0 0.5630208333333333 0.5120370370370371 0.057291666666666664 0.09444444444444444
2 0.49765625 0.48703703703703705 0.0067708333333333336 0.005555555555555556
2 0.509375 0.4861111111111111 0.007291666666666667 0.005555555555555556
2 0.5208333333333334 0.48564814814814816 0.00625 0.004629629629629629
0 0.5036458333333333 0.5050925925925925 0.013541666666666667 0.025
