0 0.09270833333333334 0.5953703703703703 0.18541666666666667 0.2037037037037037
0 0.15546875 0.5462962962962963 0.07239583333333334 0.07037037037037037
0 0.20598958333333334 0.5226851851851851 0.0734375 0.0824074074074074
0 0.26171875 0.5439814814814815 0.07760416666666667 0.0712962962962963
0 0.31744791666666666 0.5277777777777778 0.03802083333333333 0.044444444444444446
0 0.37395833333333334 0.5175925925925926 0.027083333333333334 0.044444444444444446
0 0.39036458333333335 0.5296296296296297 0.04635416666666667 0.05185185185185185
0 0.4158854166666667 0.5263888888888889 0.024479166666666666 0.03981481481481482
0 0.44947916666666665 0.5296296296296297 0.0375 0.04814814814814815
0 0.5158854166666667 0.5449074074074074 0.0703125 0.11018518518518519
2 0.47760416666666666 0.45787037037037037 0.009375 0.004629629629629629
0 0.66015625 0.537962962962963 0.12135416666666667 0.1537037037037037
0 0.7135416666666666 0.4976851851851852 0.052083333333333336 0.03981481481481482
0 0.74375 0.5111111111111111 0.07291666666666667 0.05555555555555555
0 0.8401041666666667 0.5018518518518519 0.025 0.07407407407407407
1 0.9643229166666667 0.5180555555555556 0.0171875 0.12685185185185185
3 0.6513020833333333 0.3314814814814815 0.0203125 0.037037037037037035
0 0.5901041666666667 0.5125 0.015625 0.026851851851851852
0 0.7044270833333334 0.5060185185185185 0.013020833333333334 0.030555555555555555
0 0.4171875 0.5041666666666667 0.019791666666666666 0.030555555555555555
