2 0.5497395833333333 0.44583333333333336 0.0078125 0.004629629629629629
2 0.5653645833333333 0.4449074074074074 0.0078125 0.004629629629629629
0 0.9135416666666667 0.5509259259259259 0.14270833333333333 0.14444444444444443
0 0.85859375 0.5120370370370371 0.06614583333333333 0.05925925925925926
0 0.79140625 0.5203703703703704 0.049479166666666664 0.05
0 0.73203125 0.5231481481481481 0.07760416666666667 0.08333333333333333
0 0.6783854166666666 0.5148148148148148 0.04114583333333333 0.05185185185185185
0 0.63671875 0.5060185185185185 0.030729166666666665 0.03611111111111111
0 0.6544270833333333 0.4842592592592593 0.0140625 0.024074074074074074
0 0.6143229166666667 0.4912037037037037 0.033854166666666664 0.05092592592592592
0 0.5533854166666666 0.5046296296296297 0.018229166666666668 0.025925925925925925
0 0.52109375 0.5138888888888888 0.0296875 0.04259259259259259
0 0.49609375 0.5041666666666667 0.019270833333333334 0.025
0 0.4591145833333333 0.5064814814814815 0.021354166666666667 0.027777777777777776
0 0.44192708333333336 0.5106481481481482 0.022395833333333334 0.041666666666666664
0 0.41041666666666665 0.5310185185185186 0.06770833333333333 0.08425925925925926
0 0.3419270833333333 0.5222222222222223 0.0796875 0.08703703703703704
0 0.26458333333333334 0.5277777777777778 0.07708333333333334 0.07037037037037037
0 0.04479166666666667 0.549537037037037 0.08958333333333333 0.13796296296296295
2 0.5333333333333333 0.44583333333333336 0.009375 0.004629629629629629
