0 0.6671875 0.5083333333333333 0.04375 0.04259259259259259
0 0.6794270833333333 0.47453703703703703 0.0328125 0.028703703703703703
0 0.6489583333333333 0.5023148148148148 0.015625 0.03425925925925926
0 0.6270833333333333 0.5060185185185185 0.013541666666666667 0.030555555555555555
0 0.5825520833333333 0.5587962962962963 0.1078125 0.13796296296296295
0 0.54140625 0.5175925925925926 0.019270833333333334 0.046296296296296294
0 0.4953125 0.5199074074074074 0.029166666666666667 0.03796296296296296
0 0.4505208333333333 0.5222222222222223 0.04791666666666667 0.06481481481481481
0 0.403125 0.5268518518518519 0.03854166666666667 0.05
0 0.38046875 0.5166666666666667 0.0390625 0.03518518518518519
0 0.2609375 0.5162037037037037 0.023958333333333335 0.028703703703703703
0 0.19348958333333333 0.5476851851851852 0.12135416666666667 0.10092592592592593
0 0.03671875 0.5555555555555556 0.0734375 0.07037037037037037
0 0.41770833333333335 0.5162037037037037 0.021875 0.03796296296296296
