0 0.10703125 0.5421296296296296 0.20260416666666667 0.23981481481481481
0 0.2328125 0.5199074074074074 0.04791666666666667 0.06759259259259259
0 0.284375 0.5236111111111111 0.051041666666666666 0.05092592592592592
0 0.3385416666666667 0.5407407407407407 0.06354166666666666 0.06481481481481481
0 0.37161458333333336 0.5305555555555556 0.034895833333333334 0.053703703703703705
0 0.39479166666666665 0.5305555555555556 0.021875 0.040740740740740744
0 0.41901041666666666 0.5236111111111111 0.019270833333333334 0.026851851851851852
0 0.45338541666666665 0.5268518518518519 0.030729166666666665 0.04259259259259259
0 0.5119791666666667 0.5287037037037037 0.036458333333333336 0.05185185185185185
0 0.5533854166666666 0.5212962962962963 0.022395833333333334 0.03518518518518519
0 0.6229166666666667 0.537962962962963 0.057291666666666664 0.08333333333333333
0 0.690625 0.5532407407407407 0.12083333333333333 0.14351851851851852
