0 0.07708333333333334 0.5634259259259259 0.14895833333333333 0.12129629629629629
0 0.15078125 0.537962962962963 0.049479166666666664 0.053703703703703705
0 0.24895833333333334 0.5370370370370371 0.04791666666666667 0.044444444444444446
0 0.33880208333333334 0.5416666666666666 0.1359375 0.16666666666666666
0 0.4270833333333333 0.5203703703703704 0.016666666666666666 0.024074074074074074
0 0.44921875 0.5296296296296297 0.03697916666666667 0.046296296296296294
0 0.4713541666666667 0.5208333333333334 0.021875 0.03611111111111111
0 0.5065104166666666 0.5305555555555556 0.034895833333333334 0.04814814814814815
0 0.5119791666666667 0.5018518518518519 0.015625 0.03518518518518519
0 0.5802083333333333 0.5087962962962963 0.06354166666666666 0.09907407407407408
2 0.5002604166666667 0.46296296296296297 0.009895833333333333 0.005555555555555556
2 0.5197916666666667 0.4615740740740741 0.009375 0.006481481481481481
2 0.53828125 0.4615740740740741 0.009895833333333333 0.004629629629629629
