0 0.009635416666666667 0.5694444444444444 0.019270833333333334 0.05
0 0.08255208333333333 0.5819444444444445 0.13802083333333334 0.12685185185185185
0 0.20755208333333333 0.55 0.0671875 0.06111111111111111
0 0.26640625 0.5583333333333333 0.0921875 0.10185185185185185
0 0.3463541666666667 0.5300925925925926 0.028125 0.03425925925925926
0 0.3684895833333333 0.5273148148148148 0.03177083333333333 0.030555555555555555
0 0.5815104166666667 0.5175925925925926 0.015104166666666667 0.022222222222222223
0 0.59453125 0.5180555555555556 0.022395833333333334 0.025
0 0.6364583333333333 0.5199074074074074 0.03333333333333333 0.041666666666666664
0 0.5255208333333333 0.5476851851851852 0.08125 0.12129629629629629
0 0.7255208333333333 0.5287037037037037 0.065625 0.05
0 0.7908854166666667 0.5337962962962963 0.06614583333333333 0.075
0 0.8611979166666667 0.586574074074074 0.27447916666666666 0.26944444444444443
3 0.09505208333333333 0.2763888888888889 0.050520833333333334 0.125
