0 0.1203125 0.5342592592592592 0.084375 0.07962962962962963
0 0.16614583333333333 0.5365740740740741 0.011458333333333333 0.03611111111111111
0 0.18125 0.5125 0.065625 0.049074074074074076
0 0.2604166666666667 0.525 0.03229166666666667 0.03333333333333333
0 0.28020833333333334 0.5194444444444445 0.017708333333333333 0.025925925925925925
0 0.30911458333333336 0.5217592592592593 0.027604166666666666 0.03611111111111111
0 0.33229166666666665 0.5203703703703704 0.03854166666666667 0.040740740740740744
0 0.3458333333333333 0.5074074074074074 0.046875 0.04814814814814815
0 0.38359375 0.5148148148148148 0.0171875 0.024074074074074074
0 0.39765625 0.5157407407407407 0.0171875 0.022222222222222223
0 0.4354166666666667 0.5305555555555556 0.046875 0.05740740740740741
0 0.4552083333333333 0.5027777777777778 0.013541666666666667 0.027777777777777776
0 0.48359375 0.5106481481481482 0.011979166666666667 0.021296296296296296
0 0.50625 0.5060185185185185 0.0125 0.023148148148148147
2 0.51953125 0.4546296296296296 0.0109375 0.007407407407407408
2 0.48776041666666664 0.4101851851851852 0.018229166666666668 0.009259259259259259
2 0.525 0.4083333333333333 0.01875 0.009259259259259259
2 0.5609375 0.40694444444444444 0.017708333333333333 0.008333333333333333
