0 0.3067708333333333 0.4787037037037037 0.078125 0.06111111111111111
0 0.3658854166666667 0.4875 0.015104166666666667 0.03425925925925926
0 0.3854166666666667 0.4837962962962963 0.027083333333333334 0.04351851851851852
0 0.42604166666666665 0.5138888888888888 0.04375 0.07222222222222222
0 0.48723958333333334 0.5259259259259259 0.04635416666666667 0.05925925925925926
0 0.53046875 0.49074074074074076 0.027604166666666666 0.06111111111111111
0 0.5416666666666666 0.5157407407407407 0.03125 0.04259259259259259
0 0.5981770833333333 0.5361111111111111 0.0578125 0.07962962962962963
0 0.7299479166666667 0.5606481481481481 0.2296875 0.2916666666666667
0 0.8447916666666667 0.49537037037037035 0.228125 0.2462962962962963
3 0.7567708333333333 0.3050925925925926 0.027083333333333334 0.049074074074074076
