3 0.60078125 0.2962962962962963 0.028645833333333332 0.05
2 0.39557291666666666 0.40925925925925927 0.015104166666666667 0.011111111111111112
1 0.48776041666666664 0.5375 0.011979166666666667 0.05462962962962963
2 0.4361979166666667 0.5078703703703704 0.0067708333333333336 0.004629629629629629
1 0.37083333333333335 0.5314814814814814 0.008333333333333333 0.03333333333333333
1 0.175 0.5416666666666666 0.008333333333333333 0.027777777777777776
0 0.013020833333333334 0.6101851851851852 0.026041666666666668 0.09444444444444444
0 0.13125 0.5810185185185185 0.040625 0.08055555555555556
0 0.16901041666666666 0.5814814814814815 0.027604166666666666 0.05555555555555555
0 0.062239583333333334 0.5888888888888889 0.1046875 0.1111111111111111
0 0.26510416666666664 0.5981481481481481 0.17604166666666668 0.24814814814814815
0 0.39895833333333336 0.538425925925926 0.04583333333333333 0.06944444444444445
0 0.42161458333333335 0.5324074074074074 0.013020833333333334 0.03518518518518519
0 0.33697916666666666 0.5310185185185186 0.015625 0.030555555555555555
