3 0.171875 0.47314814814814815 0.01875 0.03518518518518519
0 0.4546875 0.5365740740740741 0.15833333333333333 0.1287037037037037
1 0.3359375 0.5259259259259259 0.0125 0.06111111111111111
1 0.28854166666666664 0.5328703703703703 0.010416666666666666 0.07685185185185185
0 0.8877604166666667 0.5356481481481481 0.2234375 0.22870370370370371
0 0.17291666666666666 0.5472222222222223 0.05416666666666667 0.06851851851851852
0 0.21744791666666666 0.5375 0.08385416666666666 0.06018518518518518
0 0.25885416666666666 0.537962962962963 0.06666666666666667 0.05555555555555555
1 0.2765625 0.5546296296296296 0.022916666666666665 0.03888888888888889
1 0.39791666666666664 0.5046296296296297 0.008333333333333333 0.027777777777777776
1 0.37916666666666665 0.5097222222222222 0.005208333333333333 0.023148148148148147
