0 0.0609375 0.5236111111111111 0.09895833333333333 0.10833333333333334
0 0.16197916666666667 0.4925925925925926 0.09166666666666666 0.12037037037037036
0 0.34921875 0.5324074074074074 0.06197916666666667 0.06481481481481481
0 0.4388020833333333 0.5152777777777777 0.0203125 0.028703703703703703
0 0.4625 0.5106481481481482 0.014583333333333334 0.025
0 0.49635416666666665 0.5287037037037037 0.04791666666666667 0.06666666666666667
0 0.7192708333333333 0.5087962962962963 0.034375 0.03796296296296296
0 0.76875 0.5055555555555555 0.030208333333333334 0.03518518518518519
0 0.8671875 0.4925925925925926 0.06979166666666667 0.046296296296296294
1 0.9130208333333333 0.49444444444444446 0.013541666666666667 0.044444444444444446
1 0.7447916666666666 0.5361111111111111 0.0125 0.07962962962962963
3 0.7544270833333333 0.40370370370370373 0.016145833333333335 0.037037037037037035
3 0.8122395833333333 0.4634259259259259 0.016145833333333335 0.04537037037037037
