1 0.07786458333333333 0.5532407407407407 0.0109375 0.125
1 0.14791666666666667 0.5194444444444445 0.015625 0.05
0 0.21197916666666666 0.5879629629629629 0.21875 0.24074074074074073
0 0.3536458333333333 0.5564814814814815 0.07395833333333333 0.10925925925925926
0 0.38723958333333336 0.5328703703703703 0.0234375 0.06018518518518518
0 0.42916666666666664 0.5217592592592593 0.035416666666666666 0.05092592592592592
0 0.4471354166666667 0.5148148148148148 0.018229166666666668 0.040740740740740744
0 0.4817708333333333 0.5189814814814815 0.021875 0.03611111111111111
0 0.7721354166666666 0.5986111111111111 0.0890625 0.1935185185185185
0 0.878125 0.5939814814814814 0.09895833333333333 0.18796296296296297
3 0.6276041666666666 0.3800925925925926 0.01875 0.04722222222222222
3 0.5986979166666667 0.4236111111111111 0.011979166666666667 0.028703703703703703
0 0.35494791666666664 0.48842592592592593 0.033854166666666664 0.026851851851851852
1 0.16380208333333332 0.5101851851851852 0.009895833333333333 0.027777777777777776
