3 0.9565104166666667 0.36435185185185187 0.0203125 0.062037037037037036
2 0.5244791666666667 0.44351851851851853 0.011458333333333333 0.005555555555555556
2 0.49557291666666664 0.4439814814814815 0.0109375 0.006481481481481481
2 0.47421875 0.4449074074074074 0.0109375 0.006481481481481481
2 0.4908854166666667 0.45694444444444443 0.008854166666666666 0.004629629629629629
2 0.5080729166666667 0.45601851851851855 0.008854166666666666 0.004629629629629629
0 0.6013020833333333 0.5347222222222222 0.06614583333333333 0.07685185185185185
0 0.5088541666666667 0.5157407407407407 0.057291666666666664 0.11666666666666667
0 0.41770833333333335 0.5060185185185185 0.020833333333333332 0.026851851851851852
0 0.39895833333333336 0.5041666666666667 0.020833333333333332 0.03796296296296296
0 0.3776041666666667 0.5120370370370371 0.03229166666666667 0.03518518518518519
0 0.3375 0.513425925925926 0.03854166666666667 0.04351851851851852
0 0.13229166666666667 0.5180555555555556 0.084375 0.0824074074074074
0 0.040364583333333336 0.5273148148148148 0.04739583333333333 0.04351851851851852
0 0.159375 0.5074074074074074 0.041666666666666664 0.04814814814814815
