3 0.5934895833333333 0.3962962962962963 0.0234375 0.040740740740740744
3 0.81015625 0.4351851851851852 0.016145833333333335 0.02962962962962963
1 0.16145833333333334 0.537962962962963 0.019791666666666666 0.09814814814814815
1 0.2734375 0.537962962962963 0.011458333333333333 0.07222222222222222
1 0.3484375 0.524537037037037 0.010416666666666666 0.05092592592592592
1 0.5427083333333333 0.5078703703703704 0.00625 0.023148148148148147
1 0.6184895833333334 0.5212962962962963 0.0171875 0.09444444444444444
1 0.6385416666666667 0.525 0.013541666666666667 0.08333333333333333
1 0.65390625 0.5231481481481481 0.016145833333333335 0.08333333333333333
1 0.6723958333333333 0.4986111111111111 0.011458333333333333 0.03425925925925926
1 0.8005208333333333 0.5097222222222222 0.017708333333333333 0.11018518518518519
1 0.8885416666666667 0.5120370370370371 0.035416666666666666 0.20185185185185187
0 0.18541666666666667 0.5370370370370371 0.08541666666666667 0.08148148148148149
0 0.40208333333333335 0.5342592592592592 0.052083333333333336 0.06481481481481481
0 0.4393229166666667 0.5157407407407407 0.033854166666666664 0.05740740740740741
0 0.49713541666666666 0.4648148148148148 0.0578125 0.05925925925925926
0 0.503125 0.5583333333333333 0.1 0.1388888888888889
0 0.7028645833333333 0.5194444444444445 0.0828125 0.07592592592592592
