0 0.038802083333333334 0.549537037037037 0.07760416666666667 0.13055555555555556
0 0.22630208333333332 0.5273148148148148 0.0609375 0.06018518518518518
0 0.32890625 0.4976851851851852 0.0546875 0.03796296296296296
0 0.44166666666666665 0.5018518518518519 0.04583333333333333 0.07222222222222222
0 0.52734375 0.5694444444444444 0.10677083333333333 0.15
0 0.6130208333333333 0.5083333333333333 0.01875 0.024074074074074074
0 0.62734375 0.5023148148148148 0.034895833333333334 0.030555555555555555
1 0.7385416666666667 0.5273148148148148 0.00625 0.03796296296296296
1 0.753125 0.5268518518518519 0.00625 0.03518518518518519
0 0.7984375 0.5268518518518519 0.040625 0.02962962962962963
0 0.7950520833333333 0.512962962962963 0.09427083333333333 0.06296296296296296
0 0.871875 0.5277777777777778 0.04583333333333333 0.027777777777777776
0 0.9197916666666667 0.6083333333333333 0.159375 0.16111111111111112
2 0.5416666666666666 0.40925925925925927 0.016666666666666666 0.007407407407407408
2 0.5989583333333334 0.44675925925925924 0.008333333333333333 0.004629629629629629
2 0.6174479166666667 0.44537037037037036 0.0109375 0.005555555555555556
1 0.16901041666666666 0.5138888888888888 0.009895833333333333 0.06666666666666667
0 0.33567708333333335 0.5013888888888889 0.027604166666666666 0.023148148148148147
