0 0.60703125 0.47638888888888886 0.0640625 0.11388888888888889
0 0.6294270833333333 0.5467592592592593 0.0953125 0.11018518518518519
1 0.5674479166666667 0.5152777777777777 0.0109375 0.04537037037037037
0 0.5692708333333333 0.5282407407407408 0.015625 0.04722222222222222
0 0.5526041666666667 0.5222222222222223 0.026041666666666668 0.044444444444444446
0 0.5401041666666667 0.5148148148148148 0.013541666666666667 0.02962962962962963
0 0.509375 0.524537037037037 0.051041666666666666 0.07685185185185185
0 0.475 0.5097222222222222 0.023958333333333335 0.04351851851851852
0 0.45260416666666664 0.5217592592592593 0.03958333333333333 0.05277777777777778
0 0.47265625 0.5194444444444445 0.016145833333333335 0.040740740740740744
3 0.734375 0.35694444444444445 0.015625 0.030555555555555555
