0 0.1359375 0.5611111111111111 0.271875 0.25925925925925924
0 0.26588541666666665 0.5393518518518519 0.08177083333333333 0.09351851851851851
0 0.38567708333333334 0.5259259259259259 0.03177083333333333 0.03888888888888889
0 0.41822916666666665 0.5217592592592593 0.019791666666666666 0.026851851851851852
0 0.46510416666666665 0.5152777777777777 0.015625 0.03796296296296296
0 0.5419270833333333 0.5092592592592593 0.016145833333333335 0.024074074074074074
0 0.6390625 0.5064814814814815 0.04895833333333333 0.05
0 0.7658854166666667 0.49907407407407406 0.028645833333333332 0.024074074074074074
0 0.8192708333333333 0.5254629629629629 0.04479166666666667 0.04351851851851852
0 0.8229166666666666 0.5069444444444444 0.07916666666666666 0.06759259259259259
0 0.9143229166666667 0.5009259259259259 0.0953125 0.09259259259259259
