0 0.92890625 0.48194444444444445 0.07552083333333333 0.062037037037037036
2 0.5744791666666667 0.4199074074074074 0.01875 0.008333333333333333
2 0.5375 0.42083333333333334 0.01875 0.010185185185185186
3 0.2125 0.49907407407407406 0.014583333333333334 0.024074074074074074
1 0.37838541666666664 0.5273148148148148 0.0067708333333333336 0.030555555555555555
0 0.7130208333333333 0.5518518518518518 0.08958333333333333 0.1
0 0.59765625 0.5481481481481482 0.0609375 0.08518518518518518
0 0.56796875 0.5388888888888889 0.018229166666666668 0.044444444444444446
0 0.5619791666666667 0.5287037037037037 0.021875 0.037037037037037035
0 0.5005208333333333 0.5300925925925926 0.020833333333333332 0.028703703703703703
0 0.47213541666666664 0.5300925925925926 0.022395833333333334 0.025
0 0.43020833333333336 0.5393518518518519 0.0375 0.041666666666666664
3 0.6932291666666667 0.33240740740740743 0.009375 0.03518518518518519
