1 0.53046875 0.5574074074074075 0.05677083333333333 0.14814814814814814
1 0.015885416666666666 0.5421296296296296 0.0067708333333333336 0.04351851851851852
1 0.028125 0.5425925925925926 0.00625 0.04259259259259259
1 0.03619791666666667 0.5305555555555556 0.005729166666666666 0.02962962962962963
1 0.09140625 0.5356481481481481 0.0078125 0.04722222222222222
1 0.0953125 0.5337962962962963 0.004166666666666667 0.04537037037037037
1 0.11223958333333334 0.5296296296296297 0.005729166666666666 0.04259259259259259
1 0.1203125 0.5310185185185186 0.003125 0.04351851851851852
1 0.11770833333333333 0.5319444444444444 0.003125 0.04537037037037037
2 0.5533854166666666 0.41805555555555557 0.0171875 0.006481481481481481
2 0.7138020833333333 0.16203703703703703 0.06197916666666667 0.04259259259259259
3 0.7510416666666667 0.1287037037037037 0.03333333333333333 0.05
3 0.790625 0.17083333333333334 0.028125 0.06574074074074074
3 0.8919270833333334 0.21805555555555556 0.019270833333333334 0.058333333333333334
0 0.9723958333333333 0.5189814814814815 0.05416666666666667 0.062037037037037036
0 0.9916666666666667 0.49722222222222223 0.015625 0.025925925925925925
0 0.959375 0.4777777777777778 0.08020833333333334 0.04259259259259259
0 0.9278645833333333 0.513425925925926 0.0421875 0.04537037037037037
0 0.91875 0.5097222222222222 0.03333333333333333 0.03611111111111111
0 0.8942708333333333 0.512962962962963 0.042708333333333334 0.03333333333333333
0 0.7716145833333333 0.5268518518518519 0.08802083333333334 0.05555555555555555
0 0.6875 0.5310185185185186 0.12395833333333334 0.08055555555555556
1 0.409375 0.5175925925925926 0.00625 0.024074074074074074
0 0.3106770833333333 0.525 0.058854166666666666 0.03518518518518519
0 0.23619791666666667 0.5069444444444444 0.07447916666666667 0.06388888888888888
0 0.22890625 0.5296296296296297 0.043229166666666666 0.037037037037037035
0 0.18020833333333333 0.5296296296296297 0.03333333333333333 0.027777777777777776
0 0.19088541666666667 0.5189814814814815 0.0234375 0.03611111111111111
0 0.15052083333333333 0.5217592592592593 0.026041666666666668 0.026851851851851852
0 0.1046875 0.5282407407407408 0.015625 0.025
0 0.5307291666666667 0.5768518518518518 0.0625 0.1259259259259259
