0 0.015885416666666666 0.5462962962962963 0.03177083333333333 0.040740740740740744
1 0.0765625 0.5333333333333333 0.007291666666666667 0.03148148148148148
1 0.12213541666666666 0.5333333333333333 0.0078125 0.03148148148148148
1 0.18333333333333332 0.525 0.00625 0.03333333333333333
0 0.421875 0.5365740740740741 0.06354166666666666 0.09537037037037037
2 0.48463541666666665 0.35324074074074074 0.016145833333333335 0.012037037037037037
2 0.5265625 0.34953703703703703 0.016666666666666666 0.012037037037037037
3 0.5005208333333333 0.34629629629629627 0.013541666666666667 0.024074074074074074
3 0.5463541666666667 0.3435185185185185 0.013541666666666667 0.022222222222222223
0 0.52421875 0.4875 0.04739583333333333 0.028703703703703703
0 0.5533854166666666 0.4930555555555556 0.0140625 0.025
0 0.56875 0.49444444444444446 0.014583333333333334 0.022222222222222223
2 0.6119791666666666 0.41805555555555557 0.00625 0.028703703703703703
2 0.5770833333333333 0.4398148148148148 0.010416666666666666 0.007407407407407408
1 0.6536458333333334 0.48333333333333334 0.004166666666666667 0.025925925925925925
