0 0.7833333333333333 0.48842592592592593 0.065625 0.03981481481481482
3 0.5953125 0.2814814814814815 0.022916666666666665 0.040740740740740744
0 0.49270833333333336 0.4842592592592593 0.04895833333333333 0.06111111111111111
0 0.48411458333333335 0.5212962962962963 0.044270833333333336 0.07037037037037037
0 0.5302083333333333 0.5101851851851852 0.03333333333333333 0.04814814814814815
0 0.5484375 0.4888888888888889 0.021875 0.03518518518518519
0 0.565625 0.48148148148148145 0.022916666666666665 0.022222222222222223
0 0.59765625 0.48703703703703705 0.028645833333333332 0.05185185185185185
0 0.6255208333333333 0.47824074074074074 0.036458333333333336 0.07314814814814814
0 0.6736979166666667 0.47314814814814815 0.0734375 0.07962962962962963
0 0.5669270833333333 0.5046296296296297 0.027604166666666666 0.03148148148148148
3 0.5502604166666667 0.4310185185185185 0.0234375 0.025
0 0.15 0.537962962962963 0.08229166666666667 0.046296296296296294
0 0.21510416666666668 0.5263888888888889 0.03333333333333333 0.03981481481481482
