1 0.984375 0.5254629629629629 0.011458333333333333 0.08981481481481482
1 0.4903645833333333 0.5157407407407407 0.0078125 0.03148148148148148
1 0.49192708333333335 0.5101851851851852 0.0046875 0.025925925925925925
2 0.71328125 0.1625 0.06302083333333333 0.041666666666666664
3 0.7515625 0.12962962962962962 0.03229166666666667 0.05
3 0.7908854166666667 0.17222222222222222 0.027604166666666666 0.06481481481481481
3 0.8919270833333334 0.21712962962962962 0.019270833333333334 0.058333333333333334
2 0.8546875 0.2125 0.04479166666666667 0.03796296296296296
2 0.5533854166666666 0.41805555555555557 0.0171875 0.006481481481481481
0 0.9828125 0.5060185185185185 0.03333333333333333 0.05277777777777778
0 0.95625 0.5097222222222222 0.028125 0.03981481481481482
0 0.9434895833333333 0.4925925925925926 0.0859375 0.07407407407407407
0 0.8807291666666667 0.513425925925926 0.05625 0.03611111111111111
0 0.8260416666666667 0.5180555555555556 0.03958333333333333 0.041666666666666664
0 0.77109375 0.5162037037037037 0.07760416666666667 0.06018518518518518
0 0.70703125 0.5180555555555556 0.0734375 0.049074074074074076
0 0.6244791666666667 0.5171296296296296 0.08333333333333333 0.058333333333333334
0 0.5497395833333333 0.5310185185185186 0.10052083333333334 0.05462962962962963
0 0.7283854166666667 0.4986111111111111 0.1328125 0.07685185185185185
0 0.39869791666666665 0.5041666666666667 0.1046875 0.062037037037037036
0 0.34088541666666666 0.5226851851851851 0.03802083333333333 0.028703703703703703
0 0.26484375 0.5416666666666666 0.12239583333333333 0.07777777777777778
0 0.0953125 0.5486111111111112 0.09375 0.08055555555555556
0 0.16979166666666667 0.5101851851851852 0.04583333333333333 0.05555555555555555
0 0.16067708333333333 0.5273148148148148 0.028645833333333332 0.030555555555555555
0 0.10989583333333333 0.49953703703703706 0.04583333333333333 0.026851851851851852
