0 0.5338541666666666 0.5800925925925926 0.103125 0.16574074074074074
0 0.4940104166666667 0.5412037037037037 0.05364583333333333 0.10462962962962963
0 0.44635416666666666 0.5472222222222223 0.027083333333333334 0.040740740740740744
0 0.9255208333333333 0.6032407407407407 0.14791666666666667 0.23981481481481481
0 0.8205729166666667 0.5810185185185185 0.1109375 0.17314814814814813
1 0.7682291666666666 0.5777777777777777 0.03854166666666667 0.1685185185185185
1 0.7606770833333333 0.575462962962963 0.034895833333333334 0.1527777777777778
0 0.71796875 0.562962962962963 0.10677083333333333 0.15
1 0.6890625 0.6087962962962963 0.036458333333333336 0.062037037037037036
0 0.7 0.5351851851851852 0.12604166666666666 0.1037037037037037
0 0.6328125 0.5574074074074075 0.028125 0.07777777777777778
0 0.6268229166666667 0.5449074074074074 0.022395833333333334 0.06574074074074074
1 0.6104166666666667 0.5476851851851852 0.014583333333333334 0.09351851851851851
0 0.5932291666666667 0.5361111111111111 0.015625 0.04259259259259259
0 0.024479166666666666 0.6166666666666667 0.04895833333333333 0.040740740740740744
0 0.22109375 0.5907407407407408 0.06197916666666667 0.03333333333333333
0 0.2520833333333333 0.5851851851851851 0.036458333333333336 0.022222222222222223
0 0.2942708333333333 0.5791666666666667 0.04479166666666667 0.025
