0 0.10520833333333333 0.5699074074074074 0.13854166666666667 0.13796296296296295
0 0.17786458333333333 0.562037037037037 0.019270833333333334 0.06666666666666667
0 0.26536458333333335 0.5388888888888889 0.0546875 0.06111111111111111
0 0.2875 0.5430555555555555 0.071875 0.06388888888888888
0 0.3372395833333333 0.5296296296296297 0.03177083333333333 0.037037037037037035
0 0.3609375 0.5268518518518519 0.016666666666666666 0.03148148148148148
0 0.3765625 0.5273148148148148 0.03854166666666667 0.03611111111111111
0 0.40677083333333336 0.5203703703703704 0.025 0.03148148148148148
0 0.5138020833333333 0.5120370370370371 0.0171875 0.022222222222222223
0 0.5997395833333333 0.5023148148148148 0.07447916666666667 0.05462962962962963
0 0.6841145833333333 0.5032407407407408 0.05677083333333333 0.03796296296296296
0 0.43203125 0.5111111111111111 0.0234375 0.024074074074074074
