2 0.3658854166666667 0.33935185185185185 0.030729166666666665 0.013888888888888888
2 0.4356770833333333 0.33564814814814814 0.030729166666666665 0.013888888888888888
3 0.46380208333333334 0.32175925925925924 0.019270833333333334 0.03425925925925926
0 0.121875 0.5791666666666667 0.24375 0.25462962962962965
0 0.19973958333333333 0.5523148148148148 0.15260416666666668 0.11018518518518519
0 0.26588541666666665 0.5208333333333334 0.0453125 0.05648148148148148
0 0.3450520833333333 0.5305555555555556 0.03177083333333333 0.025925925925925925
0 0.3953125 0.5375 0.042708333333333334 0.05092592592592592
0 0.44036458333333334 0.5435185185185185 0.0578125 0.06666666666666667
0 0.51953125 0.5523148148148148 0.07864583333333333 0.12314814814814815
