0 0.14088541666666668 0.5541666666666667 0.1140625 0.10092592592592593
0 0.24166666666666667 0.5365740740740741 0.053125 0.05277777777777778
0 0.35520833333333335 0.5550925925925926 0.1 0.1287037037037037
0 0.4328125 0.5277777777777778 0.046875 0.05740740740740741
0 0.45807291666666666 0.5222222222222223 0.022395833333333334 0.04259259259259259
0 0.47578125 0.5185185185185185 0.0140625 0.025925925925925925
0 0.5065104166666666 0.5199074074074074 0.024479166666666666 0.03425925925925926
0 0.528125 0.5037037037037037 0.023958333333333335 0.044444444444444446
0 0.5432291666666667 0.5199074074074074 0.029166666666666667 0.041666666666666664
1 0.99609375 0.46296296296296297 0.0067708333333333336 0.046296296296296294
1 0.9557291666666666 0.4652777777777778 0.00625 0.03981481481481482
1 0.64765625 0.5125 0.0171875 0.0824074074074074
1 0.6098958333333333 0.5152777777777777 0.00625 0.05092592592592592
1 0.6895833333333333 0.5120370370370371 0.016666666666666666 0.022222222222222223
1 0.23411458333333332 0.2111111111111111 0.011979166666666667 0.05925925925925926
1 0.10026041666666667 0.5222222222222223 0.011979166666666667 0.03518518518518519
1 0.08854166666666667 0.5254629629629629 0.007291666666666667 0.041666666666666664
1 0.08151041666666667 0.5287037037037037 0.0067708333333333336 0.044444444444444446
3 0.5052083333333334 0.24722222222222223 0.019791666666666666 0.03333333333333333
