2 0.4231770833333333 0.33935185185185185 0.024479166666666666 0.012037037037037037
2 0.48359375 0.33611111111111114 0.025520833333333333 0.012962962962962963
2 0.484375 0.44074074074074077 0.008333333333333333 0.005555555555555556
3 0.4984375 0.4476851851851852 0.019791666666666666 0.03796296296296296
3 0.4627604166666667 0.33055555555555555 0.015104166666666667 0.027777777777777776
0 0.03619791666666667 0.5541666666666667 0.07239583333333334 0.125
0 0.17630208333333333 0.5884259259259259 0.32447916666666665 0.24166666666666667
0 0.29583333333333334 0.5185185185185185 0.040625 0.03888888888888889
0 0.31927083333333334 0.5189814814814815 0.04479166666666667 0.03425925925925926
0 0.38723958333333336 0.5361111111111111 0.0984375 0.13148148148148148
0 0.45677083333333335 0.5212962962962963 0.06041666666666667 0.04259259259259259
0 0.6791666666666667 0.5194444444444445 0.052083333333333336 0.05555555555555555
0 0.6643229166666667 0.49953703703703706 0.033854166666666664 0.03425925925925926
0 0.5606770833333333 0.5018518518518519 0.04010416666666667 0.024074074074074074
0 0.5848958333333333 0.5097222222222222 0.025 0.025
1 0.5856770833333333 0.5041666666666667 0.0078125 0.03796296296296296
0 0.621875 0.5009259259259259 0.052083333333333336 0.037037037037037035
0 0.44244791666666666 0.49722222222222223 0.04114583333333333 0.022222222222222223
