2 0.5979166666666667 0.42592592592592593 0.009375 0.046296296296296294
3 0.61171875 0.43287037037037035 0.016145833333333335 0.03425925925925926
0 0.453125 0.5120370370370371 0.027083333333333334 0.02962962962962963
0 0.42890625 0.47962962962962963 0.0453125 0.05
0 0.41848958333333336 0.513425925925926 0.043229166666666666 0.04351851851851852
0 0.3619791666666667 0.5166666666666667 0.046875 0.044444444444444446
0 0.39765625 0.5120370370370371 0.025520833333333333 0.03518518518518519
0 0.13151041666666666 0.524537037037037 0.030729166666666665 0.03796296296296296
0 0.05963541666666667 0.5333333333333333 0.0296875 0.04814814814814815
0 0.022395833333333334 0.500462962962963 0.04479166666666667 0.1787037037037037
2 0.09635416666666667 0.35 0.022916666666666665 0.011111111111111112
2 0.050520833333333334 0.35138888888888886 0.020833333333333332 0.012037037037037037
2 0.0125 0.35185185185185186 0.019791666666666666 0.012962962962962963
3 0.0734375 0.34305555555555556 0.013541666666666667 0.030555555555555555
3 0.02890625 0.34074074074074073 0.011979166666666667 0.02962962962962963
