3 0.6625 0.3055555555555556 0.051041666666666666 0.08518518518518518
0 0.225 0.5995370370370371 0.19375 0.21574074074074073
0 0.32708333333333334 0.5712962962962963 0.03229166666666667 0.1037037037037037
1 0.3294270833333333 0.5574074074074075 0.0265625 0.13333333333333333
0 0.49114583333333334 0.537962962962963 0.046875 0.07037037037037037
0 0.39010416666666664 0.5430555555555555 0.06875 0.09537037037037037
0 0.43255208333333334 0.5351851851851852 0.030729166666666665 0.05740740740740741
0 0.44036458333333334 0.5259259259259259 0.028645833333333332 0.04814814814814815
0 0.45989583333333334 0.5189814814814815 0.019791666666666666 0.03981481481481482
1 0.5315104166666667 0.5180555555555556 0.005729166666666666 0.03425925925925926
1 0.5416666666666666 0.5236111111111111 0.013541666666666667 0.049074074074074076
1 0.9645833333333333 0.5189814814814815 0.06979166666666667 0.30092592592592593
1 0.9 0.5291666666666667 0.06145833333333333 0.2824074074074074
