0 0.032552083333333336 0.5407407407407407 0.06510416666666667 0.05
0 0.3177083333333333 0.5074074074074074 0.026041666666666668 0.03148148148148148
0 0.36302083333333335 0.5472222222222223 0.08854166666666667 0.09814814814814815
0 0.49947916666666664 0.5287037037037037 0.03854166666666667 0.05185185185185185
0 0.5838541666666667 0.5222222222222223 0.06145833333333333 0.08703703703703704
0 0.60234375 0.48935185185185187 0.06197916666666667 0.10277777777777777
0 0.52734375 0.5064814814814815 0.0109375 0.027777777777777776
0 0.47578125 0.5138888888888888 0.018229166666666668 0.027777777777777776
3 0.62578125 0.19722222222222222 0.022395833333333334 0.03888888888888889
3 0.5708333333333333 0.324537037037037 0.020833333333333332 0.03981481481481482
