0 0.02890625 0.5365740740740741 0.0578125 0.08981481481481482
0 0.12265625 0.5541666666666667 0.09947916666666666 0.14351851851851852
0 0.2609375 0.5680555555555555 0.20729166666666668 0.2638888888888889
0 0.35625 0.5300925925925926 0.036458333333333336 0.0712962962962963
0 0.40677083333333336 0.5157407407407407 0.017708333333333333 0.024074074074074074
0 0.4278645833333333 0.5231481481481481 0.033854166666666664 0.044444444444444446
0 0.44765625 0.5027777777777778 0.027604166666666666 0.046296296296296294
0 0.45651041666666664 0.5148148148148148 0.021354166666666667 0.03333333333333333
0 0.4875 0.5231481481481481 0.041666666666666664 0.06111111111111111
1 0.56640625 0.5157407407407407 0.0036458333333333334 0.03148148148148148
2 0.47682291666666665 0.41435185185185186 0.0171875 0.008333333333333333
0 0.8986979166666667 0.5120370370370371 0.03697916666666667 0.044444444444444446
0 0.9268229166666667 0.5138888888888888 0.0484375 0.040740740740740744
0 0.9515625 0.5097222222222222 0.025 0.03796296296296296
0 0.9799479166666667 0.5092592592592593 0.0390625 0.046296296296296294
