0 0.5697916666666667 0.5115740740740741 0.01875 0.028703703703703703
0 0.6028645833333334 0.5189814814814815 0.04114583333333333 0.05092592592592592
0 0.66875 0.524537037037037 0.08333333333333333 0.10462962962962963
0 0.8846354166666667 0.5981481481481481 0.2296875 0.25925925925925924
0 0.48932291666666666 0.4888888888888889 0.0421875 0.08148148148148149
0 0.5151041666666667 0.524537037037037 0.06145833333333333 0.09351851851851851
0 0.46119791666666665 0.5101851851851852 0.016145833333333335 0.024074074074074074
0 0.43854166666666666 0.5092592592592593 0.029166666666666667 0.040740740740740744
0 0.41875 0.5111111111111111 0.014583333333333334 0.025925925925925925
0 0.3807291666666667 0.5212962962962963 0.04791666666666667 0.053703703703703705
0 0.3307291666666667 0.5194444444444445 0.046875 0.05
0 0.22291666666666668 0.5467592592592593 0.11875 0.11574074074074074
0 0.2864583333333333 0.487962962962963 0.03958333333333333 0.027777777777777776
