0 0.49296875 0.5425925925925926 0.10572916666666667 0.17592592592592593
0 0.4328125 0.5347222222222222 0.022916666666666665 0.030555555555555555
0 0.5497395833333333 0.5370370370370371 0.0140625 0.04814814814814815
0 0.5575520833333333 0.5328703703703703 0.022395833333333334 0.041666666666666664
0 0.5713541666666667 0.5296296296296297 0.01875 0.03518518518518519
0 0.6057291666666667 0.5060185185185185 0.05 0.10462962962962963
0 0.6359375 0.5092592592592593 0.017708333333333333 0.07407407407407407
0 0.7901041666666667 0.512962962962963 0.058333333333333334 0.07407407407407407
0 0.7921875 0.4837962962962963 0.065625 0.026851851851851852
1 0.8049479166666667 0.5370370370370371 0.028645833333333332 0.10555555555555556
1 0.80625 0.5699074074074074 0.030208333333333334 0.0787037037037037
1 0.753125 0.5203703703703704 0.016666666666666666 0.08703703703703704
1 0.69921875 0.524074074074074 0.013020833333333334 0.05185185185185185
2 0.6263020833333334 0.4513888888888889 0.013020833333333334 0.006481481481481481
2 0.6450520833333333 0.45925925925925926 0.009895833333333333 0.005555555555555556
2 0.5705729166666667 0.4425925925925926 0.0109375 0.007407407407407408
1 0.28203125 0.5333333333333333 0.0078125 0.03888888888888889
1 0.23828125 0.5328703703703703 0.0067708333333333336 0.03981481481481482
1 0.2265625 0.5319444444444444 0.007291666666666667 0.04537037037037037
1 0.2109375 0.5375 0.007291666666666667 0.03425925925925926
1 0.3890625 0.5291666666666667 0.007291666666666667 0.030555555555555555
1 0.39895833333333336 0.5259259259259259 0.005208333333333333 0.024074074074074074
1 0.3221354166666667 0.5342592592592592 0.0078125 0.027777777777777776
