0 0.055989583333333336 0.5717592592592593 0.11197916666666667 0.18611111111111112
0 0.2859375 0.5370370370370371 0.05520833333333333 0.05925925925925926
0 0.3375 0.5300925925925926 0.075 0.075
0 0.3611979166666667 0.49722222222222223 0.10677083333333333 0.10185185185185185
0 0.5674479166666667 0.49444444444444446 0.049479166666666664 0.12222222222222222
2 0.61171875 0.4439814814814815 0.011979166666666667 0.004629629629629629
0 0.6036458333333333 0.5435185185185185 0.06875 0.1037037037037037
0 0.6432291666666666 0.5282407407407408 0.025 0.03981481481481482
3 0.759375 0.4185185185185185 0.019791666666666666 0.037037037037037035
3 0.6419270833333334 0.30324074074074076 0.019270833333333334 0.03425925925925926
3 0.6622395833333333 0.30324074074074076 0.019270833333333334 0.03425925925925926
