1 0.28046875 0.5356481481481481 0.011979166666666667 0.028703703703703703
1 0.28125 0.5203703703703704 0.010416666666666666 0.03333333333333333
1 0.3815104166666667 0.5157407407407407 0.0067708333333333336 0.03148148148148148
2 0.5174479166666667 0.4046296296296296 0.0140625 0.009259259259259259
2 0.5395833333333333 0.40046296296296297 0.013541666666666667 0.010185185185185186
0 0.9369791666666667 0.4689814814814815 0.07395833333333333 0.03611111111111111
0 0.8901041666666667 0.4699074074074074 0.059375 0.032407407407407406
0 0.8247395833333333 0.47685185185185186 0.027604166666666666 0.027777777777777776
0 0.8002604166666667 0.48194444444444445 0.04114583333333333 0.03981481481481482
0 0.77890625 0.4837962962962963 0.049479166666666664 0.03981481481481482
0 0.7552083333333334 0.4810185185185185 0.04375 0.026851851851851852
0 0.7200520833333334 0.47962962962962963 0.04114583333333333 0.022222222222222223
0 0.5380208333333333 0.4949074074074074 0.03229166666666667 0.062037037037037036
0 0.40703125 0.5273148148148148 0.043229166666666666 0.05092592592592592
