2 0.5375 0.4212962962962963 0.01875 0.009259259259259259
2 0.5744791666666667 0.4199074074074074 0.01875 0.008333333333333333
3 0.2125 0.4986111111111111 0.013541666666666667 0.023148148148148147
0 0.27421875 0.5537037037037037 0.0734375 0.07407407407407407
0 0.40520833333333334 0.5365740740740741 0.03333333333333333 0.03611111111111111
0 0.475 0.5291666666666667 0.020833333333333332 0.025
0 0.56484375 0.5078703703703704 0.025520833333333333 0.03981481481481482
0 0.5606770833333333 0.5347222222222222 0.015104166666666667 0.03611111111111111
0 0.5604166666666667 0.5120370370370371 0.017708333333333333 0.05185185185185185
0 0.5815104166666667 0.5273148148148148 0.0359375 0.07314814814814814
0 0.625 0.5564814814814815 0.10208333333333333 0.12962962962962962
3 0.6932291666666667 0.33240740740740743 0.009375 0.03518518518518519
