0 0.021614583333333333 0.5740740740740741 0.027604166666666666 0.027777777777777776
0 0.10104166666666667 0.5634259259259259 0.03854166666666667 0.041666666666666664
0 0.4739583333333333 0.5180555555555556 0.029166666666666667 0.04537037037037037
0 0.5052083333333334 0.524074074074074 0.022916666666666665 0.025925925925925925
0 0.52734375 0.5222222222222223 0.022395833333333334 0.025925925925925925
0 0.5486979166666667 0.5083333333333333 0.028645833333333332 0.040740740740740744
0 0.71171875 0.5199074074074074 0.0296875 0.032407407407407406
0 0.7877604166666666 0.5236111111111111 0.0640625 0.06388888888888888
0 0.9302083333333333 0.4740740740740741 0.13854166666666667 0.1259259259259259
2 0.6640625 0.399537037037037 0.020833333333333332 0.008333333333333333
2 0.7091145833333333 0.40046296296296297 0.0203125 0.008333333333333333
