0 0.07239583333333334 0.6296296296296297 0.14479166666666668 0.1111111111111111
0 0.20859375 0.5421296296296296 0.1015625 0.10648148148148148
0 0.4114583333333333 0.5189814814814815 0.04895833333333333 0.028703703703703703
0 0.35052083333333334 0.5111111111111111 0.020833333333333332 0.024074074074074074
0 0.853125 0.5407407407407407 0.2 0.21481481481481482
0 0.6692708333333334 0.5351851851851852 0.06875 0.07222222222222222
0 0.47942708333333334 0.5171296296296296 0.0296875 0.025
0 0.71015625 0.5041666666666667 0.0296875 0.032407407407407406
2 0.509375 0.4166666666666667 0.01875 0.009259259259259259
3 0.5283854166666667 0.41898148148148145 0.011979166666666667 0.021296296296296296
3 0.5403645833333334 0.41898148148148145 0.011979166666666667 0.021296296296296296
2 0.56171875 0.41712962962962963 0.019270833333333334 0.010185185185185186
