2 0.4713541666666667 0.4439814814814815 0.009375 0.004629629629629629
0 0.4622395833333333 0.5125 0.025520833333333333 0.03796296296296296
0 0.29973958333333334 0.49537037037037035 0.04114583333333333 0.027777777777777776
0 0.35598958333333336 0.5111111111111111 0.016145833333333335 0.027777777777777776
0 0.3328125 0.5282407407407408 0.058333333333333334 0.06574074074074074
0 0.3890625 0.524074074074074 0.053125 0.07407407407407407
0 0.42109375 0.5157407407407407 0.0328125 0.05740740740740741
0 0.03046875 0.5638888888888889 0.0609375 0.10185185185185185
0 0.2109375 0.5939814814814814 0.24895833333333334 0.2175925925925926
2 0.45260416666666664 0.44305555555555554 0.009375 0.004629629629629629
