0 0.9541666666666667 0.6398148148148148 0.090625 0.07592592592592592
0 0.8932291666666666 0.4726851851851852 0.2125 0.3138888888888889
0 0.7088541666666667 0.475462962962963 0.09583333333333334 0.18796296296296297
0 0.6252604166666667 0.48703703703703705 0.14322916666666666 0.1962962962962963
0 0.5416666666666666 0.5185185185185185 0.022916666666666665 0.02962962962962963
0 0.50390625 0.5398148148148149 0.0609375 0.08333333333333333
0 0.44557291666666665 0.5282407407407408 0.043229166666666666 0.05277777777777778
0 0.42109375 0.5152777777777777 0.0171875 0.026851851851851852
0 0.09609375 0.5800925925925926 0.1921875 0.22314814814814815
0 0.07942708333333333 0.513425925925926 0.0453125 0.05462962962962963
0 0.14557291666666666 0.5217592592592593 0.06197916666666667 0.062037037037037036
0 0.22786458333333334 0.49907407407407406 0.08385416666666666 0.05555555555555555
0 0.34010416666666665 0.5 0.03229166666666667 0.02962962962962963
0 0.15598958333333332 0.5055555555555555 0.05260416666666667 0.02962962962962963
