0 0.84140625 0.5027777777777778 0.3151041666666667 0.29814814814814816
0 0.6270833333333333 0.46574074074074073 0.10729166666666666 0.17777777777777778
0 0.5674479166666667 0.4722222222222222 0.022395833333333334 0.025925925925925925
0 0.53046875 0.47314814814814815 0.03802083333333333 0.03888888888888889
0 0.528125 0.4842592592592593 0.05 0.07037037037037037
0 0.5666666666666667 0.5916666666666667 0.16666666666666666 0.21481481481481482
0 0.11953125 0.5097222222222222 0.03802083333333333 0.04351851851851852
0 0.31666666666666665 0.49166666666666664 0.01875 0.03518518518518519
0 0.20885416666666667 0.5046296296296297 0.04895833333333333 0.037037037037037035
2 0.5442708333333334 0.40370370370370373 0.016666666666666666 0.009259259259259259
2 0.5872395833333334 0.40185185185185185 0.016145833333333335 0.007407407407407408
2 0.54921875 0.44351851851851853 0.0078125 0.003703703703703704
