3 0.9479166666666666 0.07685185185185185 0.07916666666666666 0.14814814814814814
3 0.7510416666666667 0.30648148148148147 0.0375 0.06851851851851852
0 0.4890625 0.5212962962962963 0.020833333333333332 0.03518518518518519
0 0.42916666666666664 0.5199074074074074 0.035416666666666666 0.06018518518518518
0 0.38229166666666664 0.5365740740740741 0.07291666666666667 0.09537037037037037
0 0.2791666666666667 0.5254629629629629 0.103125 0.14166666666666666
0 0.13125 0.5837962962962963 0.1125 0.16574074074074074
0 0.07994791666666666 0.5879629629629629 0.15989583333333332 0.20555555555555555
1 0.18984375 0.5351851851851852 0.011979166666666667 0.08888888888888889
1 0.19609375 0.5277777777777778 0.009895833333333333 0.08518518518518518
