1 0.5302083333333333 0.5592592592592592 0.05625 0.14814814814814814
1 0.7630208333333334 0.5092592592592593 0.009375 0.02962962962962963
1 0.016666666666666666 0.5324074074074074 0.00625 0.03518518518518519
1 0.10989583333333333 0.5300925925925926 0.007291666666666667 0.04351851851851852
1 0.11484375 0.5305555555555556 0.0067708333333333336 0.04259259259259259
1 0.121875 0.5333333333333333 0.004166666666666667 0.040740740740740744
1 0.1296875 0.5282407407407408 0.003125 0.03981481481481482
2 0.5536458333333333 0.41759259259259257 0.017708333333333333 0.007407407407407408
2 0.7140625 0.16203703703703703 0.06145833333333333 0.040740740740740744
2 0.8552083333333333 0.21203703703703702 0.042708333333333334 0.03888888888888889
3 0.7515625 0.12962962962962962 0.03229166666666667 0.05185185185185185
3 0.7911458333333333 0.17222222222222222 0.028125 0.06481481481481481
3 0.8919270833333334 0.2175925925925926 0.019270833333333334 0.05740740740740741
0 0.87578125 0.4949074074074074 0.1171875 0.075
0 0.8947916666666667 0.513425925925926 0.04583333333333333 0.03611111111111111
0 0.91875 0.5115740740740741 0.034375 0.03611111111111111
0 0.9434895833333333 0.512962962962963 0.07239583333333334 0.046296296296296294
0 0.9885416666666667 0.5083333333333333 0.021875 0.046296296296296294
0 0.9768229166666667 0.48194444444444445 0.0453125 0.049074074074074076
0 0.6893229166666667 0.5291666666666667 0.08385416666666666 0.05092592592592592
0 0.46432291666666664 0.5263888888888889 0.08385416666666666 0.062037037037037036
0 0.38515625 0.525 0.0703125 0.040740740740740744
0 0.41354166666666664 0.5194444444444445 0.020833333333333332 0.024074074074074074
0 0.4940104166666667 0.5138888888888888 0.0234375 0.025925925925925925
0 0.51015625 0.5097222222222222 0.011979166666666667 0.026851851851851852
0 0.5453125 0.5 0.0125 0.02962962962962963
0 0.29635416666666664 0.5212962962962963 0.052083333333333336 0.03518518518518519
0 0.2518229166666667 0.5337962962962963 0.0578125 0.04351851851851852
0 0.22317708333333333 0.5287037037037037 0.0265625 0.02962962962962963
0 0.21953125 0.5212962962962963 0.03802083333333333 0.03888888888888889
0 0.16953125 0.5342592592592592 0.03802083333333333 0.037037037037037035
0 0.1625 0.5226851851851851 0.025 0.026851851851851852
0 0.534375 0.5782407407407407 0.053125 0.13055555555555556
