0 0.1359375 0.6240740740740741 0.2708333333333333 0.3814814814814815
0 0.31640625 0.5731481481481482 0.11822916666666666 0.17222222222222222
0 0.3924479166666667 0.525 0.07239583333333334 0.10925925925925926
0 0.4309895833333333 0.5055555555555555 0.0140625 0.027777777777777776
0 0.41484375 0.4638888888888889 0.049479166666666664 0.04259259259259259
0 0.45651041666666664 0.4689814814814815 0.04114583333333333 0.032407407407407406
0 0.50703125 0.6162037037037037 0.20989583333333334 0.2916666666666667
0 0.6026041666666667 0.5060185185185185 0.015625 0.03981481481481482
0 0.6283854166666667 0.5013888888888889 0.044270833333333336 0.08796296296296297
0 0.6684895833333333 0.5472222222222223 0.10572916666666667 0.13148148148148148
1 0.5924479166666666 0.5041666666666667 0.005729166666666666 0.028703703703703703
