0 0.013020833333333334 0.5879629629629629 0.026041666666666668 0.08518518518518518
0 0.2109375 0.5935185185185186 0.28020833333333334 0.24814814814814815
0 0.36770833333333336 0.575462962962963 0.034375 0.05277777777777778
0 0.46119791666666665 0.5662037037037037 0.015104166666666667 0.025
0 0.484375 0.5652777777777778 0.016666666666666666 0.026851851851851852
0 0.5671875 0.5606481481481481 0.028125 0.041666666666666664
0 0.86875 0.5449074074074074 0.06041666666666667 0.10648148148148148
0 0.90390625 0.5532407407407407 0.027604166666666666 0.058333333333333334
0 0.909375 0.5458333333333333 0.022916666666666665 0.05092592592592592
0 0.9252604166666667 0.5472222222222223 0.013020833333333334 0.03518518518518519
0 0.9807291666666667 0.6157407407407407 0.0375 0.1037037037037037
0 0.54375 0.5634259259259259 0.017708333333333333 0.023148148148148147
