0 0.06640625 0.3592592592592593 0.1328125 0.5296296296296297
0 0.18619791666666666 0.3560185185185185 0.3723958333333333 0.712037037037037
0 0.20364583333333333 0.5467592592592593 0.065625 0.04537037037037037
0 0.25885416666666666 0.5296296296296297 0.053125 0.05185185185185185
0 0.53203125 0.5231481481481481 0.018229166666666668 0.024074074074074074
0 0.5609375 0.5287037037037037 0.040625 0.05
0 0.58671875 0.5212962962962963 0.015104166666666667 0.03518518518518519
0 0.6036458333333333 0.5212962962962963 0.030208333333333334 0.03888888888888889
0 0.6619791666666667 0.5125 0.03229166666666667 0.03796296296296296
0 0.9346354166666667 0.575 0.1296875 0.17962962962962964
0 0.76875 0.5791666666666667 0.25 0.25833333333333336
2 0.6380208333333334 0.2962962962962963 0.027083333333333334 0.014814814814814815
2 0.5778645833333333 0.2949074074074074 0.0265625 0.01574074074074074
