2 0.43854166666666666 0.3143518518518518 0.03229166666666667 0.01574074074074074
2 0.50859375 0.31203703703703706 0.0328125 0.012962962962962963
2 0.5778645833333333 0.31296296296296294 0.0328125 0.014814814814814815
3 0.47369791666666666 0.2986111111111111 0.0203125 0.03611111111111111
0 0.1453125 0.5893518518518519 0.290625 0.25092592592592594
0 0.84140625 0.5879629629629629 0.31614583333333335 0.24814814814814815
0 0.49453125 0.5990740740740741 0.05677083333333333 0.2037037037037037
1 0.49583333333333335 0.5671296296296297 0.06458333333333334 0.21203703703703702
0 0.234375 0.5199074074074074 0.05625 0.04351851851851852
0 0.34348958333333335 0.49675925925925923 0.1078125 0.07685185185185185
0 0.36614583333333334 0.5361111111111111 0.096875 0.06851851851851852
0 0.44869791666666664 0.5180555555555556 0.058854166666666666 0.05648148148148148
0 0.5546875 0.5148148148148148 0.08020833333333334 0.06111111111111111
0 0.7205729166666667 0.5078703703703704 0.05677083333333333 0.03611111111111111
0 0.41953125 0.513425925925926 0.022395833333333334 0.028703703703703703
