3 0.9153645833333334 0.48194444444444445 0.0171875 0.03425925925925926
3 0.81328125 0.15092592592592594 0.030729166666666665 0.05555555555555555
0 0.6994791666666667 0.5337962962962963 0.036458333333333336 0.04351851851851852
0 0.7096354166666666 0.5259259259259259 0.019270833333333334 0.03148148148148148
0 0.7708333333333334 0.5592592592592592 0.08645833333333333 0.07962962962962963
0 0.6325520833333333 0.5226851851851851 0.0203125 0.03796296296296296
0 0.6200520833333333 0.5291666666666667 0.0234375 0.049074074074074076
0 0.5947916666666667 0.537962962962963 0.04375 0.07222222222222222
0 0.5361979166666667 0.5564814814814815 0.09114583333333333 0.09814814814814815
0 0.4825520833333333 0.5462962962962963 0.07552083333333333 0.07962962962962963
0 0.48333333333333334 0.513425925925926 0.05520833333333333 0.030555555555555555
0 0.41432291666666665 0.5430555555555555 0.09427083333333333 0.07685185185185185
0 0.3455729166666667 0.5370370370370371 0.0890625 0.08148148148148149
0 0.25234375 0.5375 0.10677083333333333 0.06388888888888888
1 0.11302083333333333 0.5314814814814814 0.021875 0.09259259259259259
1 0.11484375 0.5611111111111111 0.013020833333333334 0.044444444444444446
0 0.06848958333333334 0.5277777777777778 0.0734375 0.06666666666666667
0 0.01484375 0.5189814814814815 0.0296875 0.05462962962962963
0 0.034895833333333334 0.5046296296296297 0.0125 0.03518518518518519
0 0.014322916666666666 0.4638888888888889 0.022395833333333334 0.03148148148148148
0 0.0203125 0.49212962962962964 0.017708333333333333 0.026851851851851852
0 0.05911458333333333 0.48148148148148145 0.018229166666666668 0.037037037037037035
3 0.04921875 0.38564814814814813 0.016145833333333335 0.041666666666666664
