0 0.45598958333333334 0.5069444444444444 0.015104166666666667 0.025
0 0.37421875 0.513425925925926 0.015104166666666667 0.028703703703703703
0 0.2669270833333333 0.5296296296296297 0.0390625 0.037037037037037035
0 0.22786458333333334 0.5148148148148148 0.03697916666666667 0.037037037037037035
0 0.31328125 0.5402777777777777 0.07239583333333334 0.06944444444444445
0 0.5950520833333334 0.5162037037037037 0.0203125 0.03796296296296296
0 0.615625 0.5175925925925926 0.035416666666666666 0.046296296296296294
0 0.79375 0.5518518518518518 0.14270833333333333 0.1259259259259259
0 0.84453125 0.49398148148148147 0.0609375 0.062037037037037036
0 0.9401041666666666 0.5157407407407407 0.11875 0.12222222222222222
