0 0.036458333333333336 0.5458333333333333 0.03229166666666667 0.03425925925925926
0 0.12942708333333333 0.5393518518518519 0.043229166666666666 0.05648148148148148
0 0.3536458333333333 0.5046296296296297 0.06354166666666666 0.07407407407407407
0 0.39609375 0.5231481481481481 0.033854166666666664 0.03148148148148148
0 0.42161458333333335 0.4912037037037037 0.0453125 0.04351851851851852
0 0.45625 0.4981481481481482 0.022916666666666665 0.022222222222222223
0 0.42864583333333334 0.5231481481481481 0.027083333333333334 0.03333333333333333
0 0.4518229166666667 0.5208333333333334 0.022395833333333334 0.026851851851851852
0 0.46848958333333335 0.5175925925925926 0.0171875 0.027777777777777776
0 0.4830729166666667 0.5166666666666667 0.013020833333333334 0.022222222222222223
3 0.7026041666666667 0.4726851851851852 0.011458333333333333 0.023148148148148147
0 0.49140625 0.5143518518518518 0.013020833333333334 0.021296296296296296
0 0.5403645833333334 0.5041666666666667 0.0140625 0.021296296296296296
2 0.5135416666666667 0.4 0.019791666666666666 0.011111111111111112
2 0.5510416666666667 0.40185185185185185 0.01875 0.009259259259259259
2 0.5854166666666667 0.40185185185185185 0.01875 0.009259259259259259
