0 0.12890625 0.6662037037037037 0.2578125 0.275
0 0.5143229166666666 0.5430555555555555 0.0703125 0.04351851851851852
0 0.47578125 0.5342592592592592 0.024479166666666666 0.027777777777777776
1 0.6213541666666667 0.5328703703703703 0.015625 0.0824074074074074
1 0.8338541666666667 0.5152777777777777 0.023958333333333335 0.15462962962962962
1 0.9677083333333333 0.5166666666666667 0.029166666666666667 0.1925925925925926
1 0.5716145833333334 0.5277777777777778 0.005729166666666666 0.037037037037037035
0 0.6359375 0.5361111111111111 0.03229166666666667 0.046296296296296294
1 0.5606770833333333 0.5407407407407407 0.0067708333333333336 0.037037037037037035
1 0.5557291666666667 0.5277777777777778 0.004166666666666667 0.02962962962962963
