2 0.6783854166666666 0.1736111111111111 0.058854166666666666 0.028703703703703703
2 0.7856770833333333 0.1884259259259259 0.049479166666666664 0.03425925925925926
3 0.81796875 0.17824074074074073 0.0265625 0.05462962962962963
3 0.020052083333333335 0.3236111111111111 0.022395833333333334 0.06388888888888888
1 0.675 0.5078703703703704 0.005208333333333333 0.025
1 0.6833333333333333 0.5069444444444444 0.005208333333333333 0.025
1 0.6885416666666667 0.5046296296296297 0.004166666666666667 0.025925925925925925
1 0.8674479166666667 0.49398148148148147 0.008854166666666666 0.049074074074074076
1 0.928125 0.4986111111111111 0.010416666666666666 0.05462962962962963
0 0.13854166666666667 0.5342592592592592 0.05416666666666667 0.040740740740740744
0 0.3421875 0.5208333333333334 0.07395833333333333 0.0824074074074074
0 0.5010416666666667 0.5148148148148148 0.017708333333333333 0.02962962962962963
0 0.5270833333333333 0.5157407407407407 0.015625 0.022222222222222223
0 0.52265625 0.5069444444444444 0.013020833333333334 0.03425925925925926
0 0.5713541666666667 0.5087962962962963 0.028125 0.041666666666666664
0 0.7625 0.5796296296296296 0.19375 0.2111111111111111
0 0.8424479166666666 0.513425925925926 0.0390625 0.06388888888888888
0 0.85 0.49166666666666664 0.023958333333333335 0.02962962962962963
