0 0.015625 0.5907407407407408 0.03125 0.09259259259259259
0 0.03854166666666667 0.5856481481481481 0.020833333333333332 0.062037037037037036
0 0.14375 0.524537037037037 0.19270833333333334 0.23981481481481481
0 0.28515625 0.5416666666666666 0.11197916666666667 0.10555555555555556
0 0.4713541666666667 0.4949074074074074 0.12291666666666666 0.08796296296296297
1 0.61953125 0.4898148148148148 0.0109375 0.05555555555555555
0 0.6854166666666667 0.4777777777777778 0.029166666666666667 0.040740740740740744
0 0.7544270833333333 0.4740740740740741 0.0328125 0.03888888888888889
0 0.7541666666666667 0.48564814814814816 0.027083333333333334 0.04722222222222222
0 0.8015625 0.5273148148148148 0.09791666666666667 0.1398148148148148
3 0.06927083333333334 0.4842592592592593 0.016666666666666666 0.03518518518518519
