2 0.42578125 0.4199074074074074 0.015104166666666667 0.008333333333333333
2 0.39348958333333334 0.4203703703703704 0.015104166666666667 0.007407407407407408
1 0.42916666666666664 0.5333333333333333 0.021875 0.07777777777777778
1 0.41875 0.5439814814814815 0.016666666666666666 0.075
1 0.41119791666666666 0.5300925925925926 0.025520833333333333 0.08796296296296297
0 0.1171875 0.5782407407407407 0.234375 0.24166666666666667
0 0.20442708333333334 0.5365740740740741 0.04635416666666667 0.03796296296296296
0 0.33828125 0.5259259259259259 0.024479166666666666 0.025925925925925925
0 0.37109375 0.524074074074074 0.0234375 0.025925925925925925
0 0.3971354166666667 0.5115740740740741 0.025520833333333333 0.04537037037037037
0 0.42265625 0.5143518518518518 0.08489583333333334 0.058333333333333334
3 0.6067708333333334 0.21064814814814814 0.016666666666666666 0.04351851851851852
