0 0.5697916666666667 0.5194444444444445 0.027083333333333334 0.037037037037037035
0 0.19973958333333333 0.48518518518518516 0.0359375 0.040740740740740744
0 0.1640625 0.4898148148148148 0.017708333333333333 0.03148148148148148
0 0.09348958333333333 0.5305555555555556 0.0609375 0.046296296296296294
0 0.039322916666666666 0.5291666666666667 0.0515625 0.049074074074074076
0 0.8919270833333334 0.5365740740740741 0.07135416666666666 0.06018518518518518
0 0.85625 0.5263888888888889 0.04375 0.04722222222222222
0 0.84375 0.4935185185185185 0.07291666666666667 0.06481481481481481
3 0.9505208333333334 0.3282407407407407 0.013541666666666667 0.041666666666666664
2 0.7234375 0.4337962962962963 0.0125 0.006481481481481481
2 0.7479166666666667 0.43425925925925923 0.010416666666666666 0.005555555555555556
