3 0.5861979166666667 0.3921296296296296 0.016145833333333335 0.025
0 0.6994791666666667 0.5745370370370371 0.15729166666666666 0.16944444444444445
0 0.5765625 0.5185185185185185 0.04479166666666667 0.06296296296296296
0 0.5515625 0.513425925925926 0.017708333333333333 0.032407407407407406
0 0.5075520833333333 0.5101851851851852 0.0265625 0.04259259259259259
0 0.18880208333333334 0.5310185185185186 0.0703125 0.06944444444444445
0 0.23645833333333333 0.5416666666666666 0.04375 0.07592592592592592
0 0.31197916666666664 0.4981481481481482 0.11458333333333333 0.14814814814814814
0 0.34791666666666665 0.5319444444444444 0.08958333333333333 0.11018518518518519
0 0.421875 0.5157407407407407 0.023958333333333335 0.027777777777777776
0 0.46848958333333335 0.49907407407407406 0.015104166666666667 0.025925925925925925
