2 0.5744791666666667 0.4199074074074074 0.01875 0.008333333333333333
2 0.5375 0.42083333333333334 0.01875 0.010185185185185186
3 0.2125 0.4986111111111111 0.014583333333333334 0.023148148148148147
1 0.36640625 0.5231481481481481 0.0067708333333333336 0.024074074074074074
0 0.37890625 0.55 0.05364583333333333 0.05740740740740741
0 0.4278645833333333 0.5537037037037037 0.059895833333333336 0.07962962962962963
0 0.4830729166666667 0.5351851851851852 0.030729166666666665 0.037037037037037035
0 0.56796875 0.5342592592592592 0.028645833333333332 0.044444444444444446
0 0.6041666666666666 0.5305555555555556 0.023958333333333335 0.03518518518518519
0 0.6497395833333334 0.5699074074074074 0.1109375 0.12129629629629629
3 0.6932291666666667 0.33240740740740743 0.010416666666666666 0.03518518518518519
