0 0.25416666666666665 0.4981481481481482 0.059375 0.03148148148148148
0 0.3765625 0.5314814814814814 0.046875 0.05555555555555555
0 0.4122395833333333 0.4759259259259259 0.015104166666666667 0.027777777777777776
0 0.45598958333333334 0.5087962962962963 0.0171875 0.023148148148148147
0 0.4752604166666667 0.5162037037037037 0.024479166666666666 0.032407407407407406
0 0.496875 0.4847222222222222 0.013541666666666667 0.032407407407407406
0 0.515625 0.5143518518518518 0.022916666666666665 0.030555555555555555
0 0.53671875 0.48703703703703705 0.0171875 0.037037037037037035
0 0.546875 0.5013888888888889 0.014583333333333334 0.023148148148148147
0 0.5640625 0.48842592592592593 0.020833333333333332 0.03796296296296296
0 0.61640625 0.5351851851851852 0.05572916666666667 0.07037037037037037
