2 0.5536458333333333 0.41805555555555557 0.017708333333333333 0.008333333333333333
2 0.7119791666666667 0.16018518518518518 0.06770833333333333 0.04814814814814815
3 0.7515625 0.12916666666666668 0.03229166666666667 0.05092592592592592
3 0.7911458333333333 0.1726851851851852 0.028125 0.06574074074074074
3 0.8916666666666667 0.21851851851851853 0.019791666666666666 0.05740740740740741
1 0.9825520833333333 0.5236111111111111 0.009895833333333333 0.09351851851851851
0 0.024739583333333332 0.5648148148148148 0.049479166666666664 0.09444444444444444
0 0.10963541666666667 0.5162037037037037 0.04635416666666667 0.06018518518518518
0 0.17005208333333333 0.5037037037037037 0.04739583333333333 0.04259259259259259
0 0.18723958333333332 0.5449074074074074 0.10885416666666667 0.06944444444444445
0 0.26588541666666665 0.525 0.025520833333333333 0.024074074074074074
0 0.3328125 0.5282407407407408 0.13125 0.09537037037037037
0 0.43020833333333336 0.5268518518518519 0.06875 0.05
0 0.5184895833333333 0.5203703703703704 0.06197916666666667 0.037037037037037035
0 0.54296875 0.5171296296296296 0.0234375 0.028703703703703703
0 0.6020833333333333 0.5175925925925926 0.09791666666666667 0.06851851851851852
0 0.62265625 0.5055555555555555 0.024479166666666666 0.022222222222222223
0 0.6388020833333333 0.5046296296296297 0.022395833333333334 0.024074074074074074
0 0.77109375 0.5185185185185185 0.06510416666666667 0.03888888888888889
0 0.87890625 0.4930555555555556 0.1171875 0.07314814814814814
0 0.8684895833333334 0.5152777777777777 0.0671875 0.05462962962962963
0 0.9658854166666667 0.513425925925926 0.028645833333333332 0.03425925925925926
0 0.9916666666666667 0.5101851851851852 0.015625 0.044444444444444446
