0 0.0703125 0.49953703703703706 0.04479166666666667 0.025
0 0.19895833333333332 0.5504629629629629 0.0875 0.10277777777777777
1 0.89375 0.4861111111111111 0.014583333333333334 0.1111111111111111
1 0.975 0.5212962962962963 0.03125 0.17962962962962964
1 0.9919270833333333 0.5208333333333334 0.015104166666666667 0.1638888888888889
0 0.9666666666666667 0.5199074074074074 0.06354166666666666 0.10092592592592593
0 0.7877604166666666 0.5092592592592593 0.0734375 0.10555555555555556
0 0.7611979166666667 0.5060185185185185 0.12552083333333333 0.11018518518518519
0 0.6513020833333333 0.5212962962962963 0.12239583333333333 0.07777777777777778
1 0.5807291666666666 0.5236111111111111 0.022916666666666665 0.10277777777777777
1 0.6453125 0.5162037037037037 0.01875 0.10277777777777777
0 0.63046875 0.5148148148148148 0.0890625 0.07777777777777778
0 0.6049479166666667 0.5050925925925925 0.03697916666666667 0.04537037037037037
2 0.42421875 0.43333333333333335 0.013020833333333334 0.007407407407407408
2 0.44869791666666664 0.4324074074074074 0.0109375 0.005555555555555556
0 0.3333333333333333 0.5166666666666667 0.11041666666666666 0.16111111111111112
0 0.39088541666666665 0.5314814814814814 0.021354166666666667 0.08148148148148149
0 0.3971354166666667 0.49212962962962964 0.050520833333333334 0.10833333333333334
0 0.4348958333333333 0.5101851851851852 0.016666666666666666 0.03333333333333333
0 0.4640625 0.5111111111111111 0.022916666666666665 0.03148148148148148
0 0.49661458333333336 0.5087962962962963 0.016145833333333335 0.023148148148148147
