0 0.05651041666666667 0.5407407407407407 0.06822916666666666 0.15185185185185185
0 0.20625 0.49444444444444446 0.23854166666666668 0.26851851851851855
0 0.32890625 0.5597222222222222 0.13802083333333334 0.13796296296296295
0 0.3809895833333333 0.513425925925926 0.024479166666666666 0.03981481481481482
0 0.42682291666666666 0.5263888888888889 0.0453125 0.062037037037037036
0 0.49583333333333335 0.5370370370370371 0.057291666666666664 0.08148148148148149
0 0.39947916666666666 0.5148148148148148 0.013541666666666667 0.025925925925925925
0 0.43697916666666664 0.49907407407407406 0.026041666666666668 0.037037037037037035
0 0.46979166666666666 0.5111111111111111 0.013541666666666667 0.024074074074074074
3 0.7252604166666666 0.2833333333333333 0.0453125 0.07592592592592592
3 0.6161458333333333 0.42685185185185187 0.021875 0.046296296296296294
