0 0.3763020833333333 0.4925925925925926 0.2609375 0.1962962962962963
0 0.04895833333333333 0.5180555555555556 0.029166666666666667 0.041666666666666664
0 0.01875 0.5087962962962963 0.019791666666666666 0.03425925925925926
0 0.03411458333333333 0.5069444444444444 0.0140625 0.028703703703703703
2 0.029947916666666668 0.3277777777777778 0.022395833333333334 0.011111111111111112
0 0.73125 0.5180555555555556 0.06354166666666666 0.07314814814814814
0 0.6895833333333333 0.5083333333333333 0.04583333333333333 0.07592592592592592
0 0.7752604166666667 0.5171296296296296 0.030729166666666665 0.04722222222222222
0 0.7997395833333333 0.513425925925926 0.0265625 0.03796296296296296
0 0.81875 0.5101851851851852 0.019791666666666666 0.03333333333333333
0 0.8276041666666667 0.5060185185185185 0.017708333333333333 0.032407407407407406
0 0.840625 0.5050925925925925 0.0125 0.025
3 0.925 0.45046296296296295 0.015625 0.03425925925925926
2 0.7713541666666667 0.05648148148148148 0.07604166666666666 0.05740740740740741
2 0.6411458333333333 0.11064814814814815 0.06666666666666667 0.058333333333333334
