0 0.11588541666666667 0.524074074074074 0.12135416666666667 0.06481481481481481
0 0.2669270833333333 0.5194444444444445 0.04739583333333333 0.02962962962962963
0 0.40598958333333335 0.5060185185185185 0.021354166666666667 0.025
0 0.45078125 0.5208333333333334 0.033854166666666664 0.04351851851851852
0 0.47604166666666664 0.5078703703703704 0.016666666666666666 0.023148148148148147
0 0.5046875 0.513425925925926 0.021875 0.041666666666666664
0 0.5674479166666667 0.5087962962962963 0.018229166666666668 0.023148148148148147
0 0.7088541666666667 0.5222222222222223 0.04895833333333333 0.044444444444444446
0 0.95234375 0.5486111111111112 0.09427083333333333 0.09722222222222222
0 0.6263020833333334 0.5018518518518519 0.015104166666666667 0.025925925925925925
0 0.3497395833333333 0.5115740740740741 0.034895833333333334 0.023148148148148147
