0 0.10572916666666667 0.5365740740740741 0.08229166666666667 0.0787037037037037
0 0.21276041666666667 0.5189814814814815 0.0359375 0.032407407407407406
0 0.23515625 0.5314814814814814 0.050520833333333334 0.04259259259259259
0 0.29921875 0.5166666666666667 0.030729166666666665 0.03333333333333333
0 0.3346354166666667 0.5310185185185186 0.0484375 0.06388888888888888
0 0.37265625 0.5282407407407408 0.0296875 0.04722222222222222
0 0.3953125 0.5310185185185186 0.016666666666666666 0.030555555555555555
0 0.4109375 0.5217592592592593 0.030208333333333334 0.03981481481481482
0 0.6513020833333333 0.5291666666666667 0.0328125 0.026851851851851852
0 0.7033854166666667 0.5226851851851851 0.03697916666666667 0.030555555555555555
0 0.74296875 0.5074074074074074 0.03177083333333333 0.03888888888888889
2 0.5072916666666667 0.13333333333333333 0.06979166666666667 0.03148148148148148
2 0.6661458333333333 0.14212962962962963 0.0625 0.03425925925925926
