0 0.0796875 0.512962962962963 0.159375 0.25
0 0.14375 0.5060185185185185 0.04895833333333333 0.041666666666666664
0 0.2359375 0.5101851851851852 0.084375 0.06481481481481481
1 0.35104166666666664 0.5018518518518519 0.00625 0.03148148148148148
2 0.30833333333333335 0.38101851851851853 0.0125 0.013888888888888888
2 0.32447916666666665 0.38842592592592595 0.011458333333333333 0.013888888888888888
0 0.38177083333333334 0.5055555555555555 0.052083333333333336 0.04814814814814815
2 0.46588541666666666 0.41203703703703703 0.016145833333333335 0.005555555555555556
2 0.4864583333333333 0.41203703703703703 0.015625 0.005555555555555556
0 0.4466145833333333 0.5712962962962963 0.16614583333333333 0.19074074074074074
0 0.59375 0.4935185185185185 0.041666666666666664 0.03148148148148148
0 0.5778645833333333 0.5148148148148148 0.08385416666666666 0.06296296296296296
0 0.6557291666666667 0.5069444444444444 0.04479166666666667 0.03796296296296296
0 0.70078125 0.5111111111111111 0.0890625 0.05185185185185185
1 0.76484375 0.5111111111111111 0.016145833333333335 0.05925925925925926
0 0.7651041666666667 0.5268518518518519 0.041666666666666664 0.05
0 0.80390625 0.5041666666666667 0.0640625 0.049074074074074076
0 0.88203125 0.5060185185185185 0.034895833333333334 0.03425925925925926
0 0.91328125 0.5037037037037037 0.04739583333333333 0.04259259259259259
0 0.9895833333333334 0.5046296296296297 0.019791666666666666 0.025925925925925925
2 0.8442708333333333 0.33611111111111114 0.019791666666666666 0.016666666666666666
2 0.8109375 0.35 0.017708333333333333 0.016666666666666666
3 0.8854166666666666 0.3 0.014583333333333334 0.04259259259259259
