0 0.8338541666666667 0.537962962962963 0.303125 0.30185185185185187
0 0.53515625 0.5449074074074074 0.06614583333333333 0.10833333333333334
0 0.3924479166666667 0.5578703703703703 0.09739583333333333 0.11388888888888889
0 0.03567708333333333 0.5726851851851852 0.07135416666666666 0.14537037037037037
0 0.06744791666666666 0.5287037037037037 0.09322916666666667 0.12962962962962962
0 0.3341145833333333 0.5333333333333333 0.04635416666666667 0.05555555555555555
0 0.48828125 0.5180555555555556 0.0140625 0.023148148148148147
0 0.5911458333333334 0.525 0.022916666666666665 0.03333333333333333
0 0.60703125 0.5273148148148148 0.025520833333333333 0.041666666666666664
0 0.6338541666666667 0.5282407407407408 0.04895833333333333 0.05092592592592592
3 0.5114583333333333 0.3365740740740741 0.015625 0.026851851851851852
0 0.6885416666666667 0.5046296296296297 0.021875 0.037037037037037035
