0 0.07213541666666666 0.4046296296296296 0.14427083333333332 0.3333333333333333
0 0.31302083333333336 0.512962962962963 0.04375 0.046296296296296294
0 0.4622395833333333 0.5166666666666667 0.0203125 0.03888888888888889
0 0.43828125 0.5157407407407407 0.0359375 0.07037037037037037
0 0.4049479166666667 0.538425925925926 0.06927083333333334 0.0824074074074074
0 0.509375 0.48703703703703705 0.07395833333333333 0.2037037037037037
0 0.56875 0.5236111111111111 0.036458333333333336 0.04722222222222222
0 0.615625 0.5310185185185186 0.06666666666666667 0.07314814814814814
3 0.6427083333333333 0.4425925925925926 0.014583333333333334 0.02962962962962963
0 0.86953125 0.5449074074074074 0.2598958333333333 0.2675925925925926
