0 0.007552083333333333 0.5430555555555555 0.015104166666666667 0.023148148148148147
3 0.09375 0.4532407407407407 0.020833333333333332 0.06759259259259259
0 0.25416666666666665 0.5282407407407408 0.03333333333333333 0.025
0 0.5515625 0.5194444444444445 0.014583333333333334 0.02962962962962963
0 0.5630208333333333 0.5231481481481481 0.03125 0.025925925925925925
0 0.7171875 0.5157407407407407 0.026041666666666668 0.03333333333333333
1 0.7622395833333333 0.5143518518518518 0.008854166666666666 0.062037037037037036
1 0.7565104166666666 0.5231481481481481 0.0067708333333333336 0.03518518518518519
1 0.8260416666666667 0.5087962962962963 0.014583333333333334 0.058333333333333334
1 0.828125 0.5217592592592593 0.019791666666666666 0.041666666666666664
1 0.9408854166666667 0.5148148148148148 0.0140625 0.10185185185185185
