0 0.7932291666666667 0.5648148148148148 0.22708333333333333 0.26851851851851855
0 0.24401041666666667 0.5546296296296296 0.10885416666666667 0.11296296296296296
0 0.32421875 0.5430555555555555 0.0578125 0.06944444444444445
0 0.36171875 0.5300925925925926 0.04739583333333333 0.06388888888888888
0 0.4153645833333333 0.5217592592592593 0.0265625 0.032407407407407406
0 0.43255208333333334 0.5171296296296296 0.018229166666666668 0.026851851851851852
0 0.44427083333333334 0.5138888888888888 0.013541666666666667 0.024074074074074074
0 0.49765625 0.5462962962962963 0.0859375 0.14444444444444443
0 0.49947916666666664 0.4564814814814815 0.03958333333333333 0.037037037037037035
0 0.5541666666666667 0.5152777777777777 0.027083333333333334 0.03425925925925926
0 0.5432291666666667 0.512962962962963 0.013541666666666667 0.02962962962962963
2 0.5216145833333333 0.4513888888888889 0.0067708333333333336 0.002777777777777778
2 0.52890625 0.44305555555555554 0.005729166666666666 0.004629629629629629
