3 0.7184895833333333 0.4546296296296296 0.0359375 0.05740740740740741
0 0.5747395833333333 0.5203703703703704 0.024479166666666666 0.037037037037037035
0 0.5171875 0.46805555555555556 0.08541666666666667 0.2212962962962963
0 0.46484375 0.5217592592592593 0.0203125 0.049074074074074076
0 0.4390625 0.5328703703703703 0.046875 0.06759259259259259
0 0.3953125 0.5259259259259259 0.040625 0.05555555555555555
0 0.34817708333333336 0.4986111111111111 0.018229166666666668 0.025
0 0.30885416666666665 0.4898148148148148 0.059375 0.04259259259259259
0 0.2578125 0.5800925925925926 0.17604166666666668 0.18055555555555555
0 0.08671875 0.5731481481481482 0.1734375 0.16296296296296298
