0 0.2171875 0.5351851851851852 0.08333333333333333 0.07037037037037037
0 0.13177083333333334 0.47453703703703703 0.03854166666666667 0.032407407407407406
0 0.16640625 0.47685185185185186 0.030729166666666665 0.027777777777777776
0 0.19479166666666667 0.4777777777777778 0.027083333333333334 0.025925925925925925
0 0.33567708333333335 0.4777777777777778 0.08802083333333334 0.1685185185185185
0 0.42864583333333334 0.4648148148148148 0.09895833333333333 0.1962962962962963
0 0.50390625 0.5152777777777777 0.022395833333333334 0.030555555555555555
0 0.9049479166666666 0.4013888888888889 0.0265625 0.025
0 0.93828125 0.399537037037037 0.024479166666666666 0.028703703703703703
0 0.16041666666666668 0.48333333333333334 0.09583333333333334 0.05
