2 0.5536458333333333 0.41712962962962963 0.017708333333333333 0.008333333333333333
2 0.7138020833333333 0.16203703703703703 0.06197916666666667 0.04259259259259259
2 0.8557291666666667 0.2111111111111111 0.042708333333333334 0.04259259259259259
0 0.5325520833333334 0.5768518518518518 0.0578125 0.12777777777777777
1 0.5315104166666667 0.5583333333333333 0.05677083333333333 0.14629629629629629
0 0.7130208333333333 0.5287037037037037 0.09479166666666666 0.06481481481481481
0 0.9190104166666667 0.5097222222222222 0.0328125 0.03425925925925926
0 0.9388020833333334 0.5115740740740741 0.06302083333333333 0.04722222222222222
0 0.9890625 0.5060185185185185 0.020833333333333332 0.04537037037037037
3 0.7518229166666667 0.1300925925925926 0.033854166666666664 0.05277777777777778
3 0.790625 0.17222222222222222 0.029166666666666667 0.06666666666666667
3 0.8919270833333334 0.21805555555555556 0.0203125 0.06018518518518518
0 0.3046875 0.500462962962963 0.15520833333333334 0.11018518518518519
0 0.16927083333333334 0.5106481481481482 0.04791666666666667 0.05462962962962963
0 0.13541666666666666 0.5310185185185186 0.025 0.026851851851851852
0 0.11041666666666666 0.5328703703703703 0.026041666666666668 0.025
1 0.03619791666666667 0.5421296296296296 0.005729166666666666 0.04351851851851852
1 0.03984375 0.5458333333333333 0.0046875 0.041666666666666664
1 0.047135416666666666 0.5453703703703704 0.0067708333333333336 0.044444444444444446
1 0.07526041666666666 0.5393518518518519 0.0046875 0.04537037037037037
1 0.08125 0.5421296296296296 0.007291666666666667 0.06759259259259259
1 0.09140625 0.5435185185185185 0.0109375 0.06481481481481481
1 0.09557291666666666 0.5342592592592592 0.0046875 0.044444444444444446
0 0.15911458333333334 0.5277777777777778 0.028645833333333332 0.025925925925925925
1 0.7950520833333333 0.5060185185185185 0.0036458333333333334 0.032407407407407406
