0 0.8708333333333333 0.5925925925925926 0.25729166666666664 0.2518518518518518
0 0.8403645833333333 0.5023148148148148 0.03697916666666667 0.03425925925925926
0 0.8169270833333333 0.5106481481481482 0.0515625 0.03425925925925926
0 0.7692708333333333 0.5106481481481482 0.05520833333333333 0.03981481481481482
0 0.6645833333333333 0.5125 0.04583333333333333 0.032407407407407406
0 0.5901041666666667 0.5370370370370371 0.06666666666666667 0.07962962962962963
0 0.51328125 0.5162037037037037 0.0203125 0.026851851851851852
1 0.49921875 0.5060185185185185 0.0109375 0.026851851851851852
0 0.1484375 0.5939814814814814 0.296875 0.2324074074074074
2 0.4166666666666667 0.2601851851851852 0.042708333333333334 0.020370370370370372
3 0.4627604166666667 0.23981481481481481 0.0265625 0.046296296296296294
2 0.50859375 0.2574074074074074 0.043229166666666666 0.018518518518518517
2 0.5989583333333334 0.26064814814814813 0.04375 0.021296296296296296
0 0.44192708333333336 0.5074074074074074 0.0171875 0.02962962962962963
0 0.41822916666666665 0.5078703703703704 0.019791666666666666 0.030555555555555555
0 0.39296875 0.5115740740740741 0.019270833333333334 0.023148148148148147
0 0.3645833333333333 0.5115740740740741 0.021875 0.026851851851851852
