0 0.81640625 0.5833333333333334 0.05364583333333333 0.03148148148148148
2 0.2708333333333333 0.27824074074074073 0.05 0.025
2 0.38828125 0.27685185185185185 0.050520833333333334 0.027777777777777776
0 0.41510416666666666 0.5907407407407408 0.04791666666666667 0.04814814814814815
0 0.509375 0.6611111111111111 0.18020833333333333 0.2537037037037037
0 0.011979166666666667 0.5773148148148148 0.023958333333333335 0.04351851851851852
0 0.021614583333333333 0.5472222222222223 0.024479166666666666 0.06851851851851852
0 0.0234375 0.575925925925926 0.015625 0.040740740740740744
0 0.04609375 0.549537037037037 0.0296875 0.062037037037037036
0 0.061197916666666664 0.5481481481481482 0.028645833333333332 0.05185185185185185
0 0.058333333333333334 0.5787037037037037 0.034375 0.046296296296296294
0 0.08098958333333334 0.5680555555555555 0.016145833333333335 0.030555555555555555
0 0.10963541666666667 0.5796296296296296 0.033854166666666664 0.05
0 0.14791666666666667 0.5981481481481481 0.025 0.05740740740740741
1 0.1484375 0.5861111111111111 0.026041666666666668 0.08518518518518518
0 0.12734375 0.5694444444444444 0.0234375 0.040740740740740744
0 0.16536458333333334 0.5745370370370371 0.030729166666666665 0.06388888888888888
0 0.18828125 0.5694444444444444 0.0265625 0.044444444444444446
0 0.19479166666666667 0.5787037037037037 0.022916666666666665 0.040740740740740744
0 0.21666666666666667 0.5805555555555556 0.029166666666666667 0.05555555555555555
0 0.23411458333333332 0.587037037037037 0.04635416666666667 0.05925925925925926
0 0.4127604166666667 0.5587962962962963 0.0453125 0.041666666666666664
0 0.13776041666666666 0.5731481481481482 0.018229166666666668 0.03518518518518519
0 0.10104166666666667 0.5703703703703704 0.03125 0.04814814814814815
