3 0.6106770833333334 0.3037037037037037 0.0203125 0.03518518518518519
3 0.6315104166666666 0.3013888888888889 0.019270833333333334 0.03425925925925926
0 0.01796875 0.6212962962962963 0.034895833333333334 0.05
0 0.07473958333333333 0.549074074074074 0.1484375 0.19444444444444445
0 0.17552083333333332 0.5050925925925925 0.06041666666666667 0.041666666666666664
0 0.2359375 0.5935185185185186 0.225 0.21851851851851853
0 0.3375 0.5347222222222222 0.036458333333333336 0.04537037037037037
0 0.4044270833333333 0.538425925925926 0.10677083333333333 0.125
0 0.46901041666666665 0.5402777777777777 0.049479166666666664 0.06759259259259259
0 0.5041666666666667 0.5268518518518519 0.041666666666666664 0.05555555555555555
0 0.5463541666666667 0.5370370370370371 0.040625 0.06111111111111111
0 0.5744791666666667 0.5231481481481481 0.015625 0.024074074074074074
