2 0.5536458333333333 0.41805555555555557 0.017708333333333333 0.006481481481481481
2 0.71328125 0.16111111111111112 0.06197916666666667 0.04259259259259259
2 0.85625 0.2125 0.041666666666666664 0.03981481481481482
3 0.7513020833333334 0.12916666666666668 0.0328125 0.05092592592592592
3 0.790625 0.17222222222222222 0.029166666666666667 0.06666666666666667
3 0.8911458333333333 0.2175925925925926 0.019791666666666666 0.05740740740740741
1 0.2908854166666667 0.537962962962963 0.0203125 0.08888888888888889
1 0.3528645833333333 0.5365740740740741 0.027604166666666666 0.10277777777777777
1 0.5276041666666667 0.5486111111111112 0.03229166666666667 0.16203703703703703
1 0.5356770833333333 0.5486111111111112 0.043229166666666666 0.15648148148148147
0 0.04244791666666667 0.5203703703703704 0.0171875 0.040740740740740744
0 0.06953125 0.5175925925925926 0.0359375 0.04814814814814815
0 0.12552083333333333 0.5296296296296297 0.027083333333333334 0.02962962962962963
0 0.19479166666666667 0.5087962962962963 0.09479166666666666 0.09166666666666666
0 0.29609375 0.5291666666666667 0.07135416666666666 0.05648148148148148
0 0.3380208333333333 0.525 0.06041666666666667 0.05
0 0.4283854166666667 0.4930555555555556 0.13385416666666666 0.08796296296296297
0 0.6270833333333333 0.5282407407407408 0.07708333333333334 0.05092592592592592
0 0.7072916666666667 0.5388888888888889 0.09166666666666666 0.07222222222222222
0 0.71796875 0.5125 0.034895833333333334 0.026851851851851852
0 0.8208333333333333 0.5162037037037037 0.05416666666666667 0.03425925925925926
0 0.87578125 0.5277777777777778 0.0890625 0.05925925925925926
0 0.9171875 0.5037037037037037 0.034375 0.024074074074074074
0 0.9338541666666667 0.5143518518518518 0.051041666666666666 0.04722222222222222
0 0.95703125 0.5185185185185185 0.05260416666666667 0.05185185185185185
0 0.98828125 0.5069444444444444 0.022395833333333334 0.04722222222222222
