1 0.6046875 0.5074074074074074 0.007291666666666667 0.02962962962962963
1 0.38307291666666665 0.524074074074074 0.008854166666666666 0.044444444444444446
3 0.6598958333333333 0.41203703703703703 0.014583333333333334 0.027777777777777776
2 0.5505208333333333 0.39490740740740743 0.01875 0.008333333333333333
2 0.509375 0.3962962962962963 0.01875 0.009259259259259259
0 0.78046875 0.562962962962963 0.22135416666666666 0.23148148148148148
0 0.55703125 0.5162037037037037 0.019270833333333334 0.026851851851851852
0 0.51328125 0.5324074074074074 0.049479166666666664 0.06851851851851852
0 0.2578125 0.586574074074074 0.18645833333333334 0.18425925925925926
0 0.015625 0.5041666666666667 0.03125 0.06388888888888888
0 0.08229166666666667 0.5074074074074074 0.040625 0.03333333333333333
