0 0.3346354166666667 0.5564814814814815 0.0828125 0.09074074074074075
0 0.37734375 0.5453703703703704 0.018229166666666668 0.03888888888888889
0 0.4140625 0.5328703703703703 0.027083333333333334 0.023148148148148147
0 0.453125 0.5532407407407407 0.06041666666666667 0.09907407407407408
0 0.5502604166666667 0.5203703703703704 0.030729166666666665 0.06296296296296296
2 0.5372395833333333 0.4699074074074074 0.008854166666666666 0.004629629629629629
2 0.55625 0.4703703703703704 0.008333333333333333 0.003703703703703704
2 0.575 0.4699074074074074 0.008333333333333333 0.004629629629629629
0 0.5138020833333333 0.5194444444444445 0.0140625 0.02962962962962963
0 0.6442708333333333 0.5393518518518519 0.05 0.05277777777777778
0 0.6796875 0.5231481481481481 0.021875 0.027777777777777776
0 0.7484375 0.6060185185185185 0.209375 0.2101851851851852
1 0.8484375 0.5458333333333333 0.022916666666666665 0.05462962962962963
0 0.8385416666666666 0.5217592592592593 0.0625 0.06388888888888888
3 0.86171875 0.4060185185185185 0.0140625 0.032407407407407406
