0 0.05130208333333333 0.5046296296296297 0.05677083333333333 0.07962962962962963
0 0.14427083333333332 0.524074074074074 0.05520833333333333 0.03518518518518519
1 0.21354166666666666 0.5305555555555556 0.021875 0.02962962962962963
1 0.21171875 0.5203703703703704 0.008854166666666666 0.044444444444444446
1 0.23125 0.5212962962962963 0.00625 0.03518518518518519
0 0.31744791666666666 0.5152777777777777 0.0421875 0.032407407407407406
0 0.3684895833333333 0.4949074074074074 0.0640625 0.09166666666666666
0 0.4125 0.5097222222222222 0.017708333333333333 0.026851851851851852
0 0.43671875 0.5097222222222222 0.0171875 0.028703703703703703
0 0.45598958333333334 0.49027777777777776 0.015104166666666667 0.026851851851851852
0 0.46536458333333336 0.5064814814814815 0.015104166666666667 0.020370370370370372
0 0.49270833333333336 0.5125 0.020833333333333332 0.028703703703703703
0 0.51484375 0.5143518518518518 0.028645833333333332 0.04351851851851852
0 0.56328125 0.55 0.09427083333333333 0.11851851851851852
0 0.6065104166666667 0.5106481481481482 0.021354166666666667 0.041666666666666664
2 0.5151041666666667 0.4462962962962963 0.009375 0.005555555555555556
2 0.5432291666666667 0.4449074074074074 0.011458333333333333 0.006481481481481481
0 0.9494791666666667 0.5689814814814815 0.1 0.19907407407407407
