1 0.89765625 0.662962962962963 0.08802083333333334 0.29444444444444445
0 0.6270833333333333 0.5 0.04791666666666667 0.05
0 0.5908854166666667 0.5018518518518519 0.025520833333333333 0.03888888888888889
0 0.5705729166666667 0.5055555555555555 0.018229166666666668 0.03148148148148148
0 0.53828125 0.5078703703703704 0.016145833333333335 0.023148148148148147
0 0.5244791666666667 0.5050925925925925 0.013541666666666667 0.028703703703703703
0 0.4973958333333333 0.5087962962962963 0.015625 0.023148148148148147
0 0.38567708333333334 0.5046296296296297 0.0234375 0.03333333333333333
0 0.040625 0.5148148148148148 0.03958333333333333 0.04259259259259259
0 0.8984375 0.47962962962962963 0.09166666666666666 0.16296296296296298
