2 0.5541666666666667 0.41712962962962963 0.017708333333333333 0.008333333333333333
2 0.7135416666666666 0.16203703703703703 0.0625 0.04259259259259259
3 0.7515625 0.12962962962962962 0.03229166666666667 0.05185185185185185
3 0.790625 0.17222222222222222 0.029166666666666667 0.06481481481481481
3 0.8911458333333333 0.21666666666666667 0.019791666666666666 0.05925925925925926
1 0.9838541666666667 0.5259259259259259 0.011458333333333333 0.09259259259259259
0 0.014583333333333334 0.5611111111111111 0.029166666666666667 0.06666666666666667
0 0.06588541666666667 0.5259259259259259 0.015104166666666667 0.024074074074074074
0 0.10989583333333333 0.5166666666666667 0.046875 0.05925925925925926
0 0.14895833333333333 0.5481481481481482 0.021875 0.04814814814814815
0 0.21067708333333332 0.5319444444444444 0.1140625 0.09722222222222222
0 0.16927083333333334 0.49907407407407406 0.046875 0.03518518518518519
0 0.29322916666666665 0.5254629629629629 0.0375 0.023148148148148147
0 0.3346354166666667 0.5226851851851851 0.049479166666666664 0.030555555555555555
0 0.3809895833333333 0.5208333333333334 0.0203125 0.023148148148148147
0 0.4505208333333333 0.5259259259259259 0.09479166666666666 0.06296296296296296
0 0.58046875 0.49675925925925923 0.1328125 0.06574074074074074
0 0.55546875 0.525 0.08177083333333333 0.046296296296296294
0 0.6247395833333333 0.5273148148148148 0.06822916666666666 0.05092592592592592
0 0.8466145833333333 0.512962962962963 0.05364583333333333 0.05
0 0.884375 0.513425925925926 0.06666666666666667 0.05462962962962963
0 0.9572916666666667 0.5060185185185185 0.042708333333333334 0.04537037037037037
0 0.9924479166666667 0.5041666666666667 0.0140625 0.041666666666666664
