0 0.03984375 0.5337962962962963 0.0796875 0.27685185185185185
0 0.14036458333333332 0.5884259259259259 0.1453125 0.18981481481481483
0 0.44036458333333334 0.5157407407407407 0.0234375 0.02962962962962963
0 0.46197916666666666 0.5111111111111111 0.017708333333333333 0.025925925925925925
0 0.5096354166666667 0.5416666666666666 0.06197916666666667 0.07962962962962963
0 0.515625 0.5064814814814815 0.035416666666666666 0.03518518518518519
0 0.95390625 0.5069444444444444 0.09114583333333333 0.14351851851851852
0 0.83515625 0.5078703703703704 0.08802083333333334 0.08425925925925926
0 0.78359375 0.5 0.025520833333333333 0.05185185185185185
0 0.7046875 0.5657407407407408 0.17604166666666668 0.21296296296296297
0 0.5848958333333333 0.5263888888888889 0.04375 0.06018518518518518
0 0.5619791666666667 0.5189814814814815 0.019791666666666666 0.041666666666666664
0 0.5494791666666666 0.5120370370370371 0.021875 0.03888888888888889
3 0.5588541666666667 0.3912037037037037 0.010416666666666666 0.019444444444444445
3 0.5705729166666667 0.3907407407407407 0.0109375 0.018518518518518517
