0 0.026822916666666665 0.4981481481481482 0.05364583333333333 0.15925925925925927
0 0.0484375 0.5291666666666667 0.08854166666666667 0.12129629629629629
0 0.12369791666666667 0.5055555555555555 0.033854166666666664 0.05185185185185185
0 0.3294270833333333 0.5101851851851852 0.04635416666666667 0.1037037037037037
0 0.2625 0.5967592592592592 0.190625 0.2212962962962963
0 0.41770833333333335 0.524537037037037 0.025 0.03796296296296296
0 0.46510416666666665 0.5199074074074074 0.023958333333333335 0.032407407407407406
0 0.43984375 0.5106481481481482 0.011979166666666667 0.019444444444444445
0 0.52578125 0.5037037037037037 0.030729166666666665 0.053703703703703705
0 0.6138020833333333 0.5074074074074074 0.0640625 0.05925925925925926
0 0.60234375 0.5097222222222222 0.05572916666666667 0.03981481481481482
0 0.7484375 0.5064814814814815 0.0875 0.08148148148148149
0 0.78515625 0.5074074074074074 0.0234375 0.06111111111111111
0 0.9536458333333333 0.5226851851851851 0.09166666666666666 0.09166666666666666
3 0.8328125 0.3824074074074074 0.021875 0.040740740740740744
3 0.4700520833333333 0.23657407407407408 0.022395833333333334 0.03981481481481482
3 0.4627604166666667 0.34120370370370373 0.018229166666666668 0.032407407407407406
2 0.41744791666666664 0.34675925925925927 0.022395833333333334 0.017592592592592594
2 0.5041666666666667 0.34074074074074073 0.021875 0.012962962962962963
