0 0.26640625 0.4930555555555556 0.1921875 0.2601851851851852
2 0.43307291666666664 0.4027777777777778 0.0234375 0.011111111111111112
2 0.4752604166666667 0.399537037037037 0.024479166666666666 0.012037037037037037
0 0.43125 0.4976851851851852 0.020833333333333332 0.023148148148148147
0 0.4510416666666667 0.512962962962963 0.026041666666666668 0.02962962962962963
0 0.44817708333333334 0.5324074074074074 0.03697916666666667 0.046296296296296294
0 0.48671875 0.5314814814814814 0.0328125 0.03888888888888889
0 0.86015625 0.537962962962963 0.028645833333333332 0.025925925925925925
0 0.8888020833333333 0.5185185185185185 0.0453125 0.05
0 0.9828125 0.48009259259259257 0.03333333333333333 0.058333333333333334
3 0.7455729166666667 0.2814814814814815 0.016145833333333335 0.04259259259259259
