3 0.7768229166666667 0.3625 0.050520833333333334 0.0824074074074074
2 0.48671875 0.4648148148148148 0.009895833333333333 0.005555555555555556
2 0.5046875 0.4648148148148148 0.010416666666666666 0.005555555555555556
2 0.5221354166666666 0.4648148148148148 0.0109375 0.005555555555555556
0 0.53515625 0.5277777777777778 0.024479166666666666 0.03518518518518519
0 0.6002604166666666 0.5486111111111112 0.07552083333333333 0.09351851851851851
0 0.49114583333333334 0.5300925925925926 0.051041666666666666 0.0787037037037037
0 0.42161458333333335 0.5273148148148148 0.015104166666666667 0.032407407407407406
0 0.3890625 0.5388888888888889 0.06666666666666667 0.09814814814814815
0 0.36354166666666665 0.5018518518518519 0.03125 0.03518518518518519
0 0.25104166666666666 0.5444444444444444 0.029166666666666667 0.06666666666666667
0 0.30911458333333336 0.5694444444444444 0.13072916666666667 0.15185185185185185
0 0.19479166666666667 0.5472222222222223 0.06458333333333334 0.06296296296296296
0 0.14010416666666667 0.5509259259259259 0.036458333333333336 0.05740740740740741
0 0.1171875 0.5550925925925926 0.03854166666666667 0.08055555555555556
0 0.07083333333333333 0.5643518518518519 0.10520833333333333 0.10648148148148148
0 0.07291666666666667 0.6972222222222222 0.14583333333333334 0.4
0 0.8932291666666666 0.7037037037037037 0.2125 0.4685185185185185
0 0.8515625 0.512962962962963 0.06354166666666666 0.046296296296296294
0 0.24375 0.5314814814814814 0.016666666666666666 0.03148148148148148
