0 0.07161458333333333 0.6342592592592593 0.14322916666666666 0.11296296296296296
0 0.9713541666666666 0.5606481481481481 0.05625 0.18425925925925926
0 0.86328125 0.5162037037037037 0.0546875 0.05277777777777778
0 0.73203125 0.5467592592592593 0.10885416666666667 0.09907407407407408
0 0.2109375 0.5226851851851851 0.046875 0.03981481481481482
0 0.2109375 0.4986111111111111 0.03229166666666667 0.021296296296296296
0 0.23802083333333332 0.5166666666666667 0.03229166666666667 0.027777777777777776
0 0.2674479166666667 0.524074074074074 0.034895833333333334 0.06111111111111111
0 0.2903645833333333 0.5453703703703704 0.0765625 0.09259259259259259
0 0.3723958333333333 0.5194444444444445 0.05416666666666667 0.03333333333333333
0 0.46171875 0.5175925925925926 0.04010416666666667 0.027777777777777776
2 0.5091145833333334 0.41574074074074074 0.018229166666666668 0.009259259259259259
3 0.540625 0.4185185185185185 0.0125 0.022222222222222223
3 0.5286458333333334 0.41805555555555557 0.0125 0.021296296296296296
2 0.56171875 0.4166666666666667 0.019270833333333334 0.009259259259259259
0 0.9223958333333333 0.4597222222222222 0.029166666666666667 0.03425925925925926
0 0.7049479166666667 0.500462962962963 0.021354166666666667 0.025
