0 0.55859375 0.5185185185185185 0.0171875 0.037037037037037035
0 0.5841145833333333 0.5027777777777778 0.04114583333333333 0.10185185185185185
0 0.6145833333333334 0.5319444444444444 0.0625 0.08425925925925926
0 0.7515625 0.5740740740740741 0.15729166666666666 0.16666666666666666
0 0.96640625 0.7523148148148148 0.06614583333333333 0.2935185185185185
3 0.9645833333333333 0.29907407407407405 0.035416666666666666 0.07037037037037037
0 0.51875 0.4935185185185185 0.06875 0.15
0 0.4708333333333333 0.5166666666666667 0.025 0.044444444444444446
0 0.4427083333333333 0.5287037037037037 0.041666666666666664 0.05740740740740741
0 0.39166666666666666 0.5467592592592593 0.06666666666666667 0.08611111111111111
0 0.39166666666666666 0.4898148148148148 0.04791666666666667 0.05
0 0.32916666666666666 0.5388888888888889 0.06458333333333334 0.07037037037037037
0 0.1421875 0.6486111111111111 0.284375 0.3398148148148148
