0 0.03229166666666667 0.638425925925926 0.06458333333333334 0.5138888888888888
0 0.06276041666666667 0.5388888888888889 0.04114583333333333 0.046296296296296294
0 0.1515625 0.5555555555555556 0.16458333333333333 0.12222222222222222
0 0.27317708333333335 0.5388888888888889 0.016145833333333335 0.053703703703703705
0 0.3223958333333333 0.5370370370370371 0.09375 0.06481481481481481
1 0.403125 0.5407407407407407 0.021875 0.07592592592592592
1 0.5234375 0.5361111111111111 0.021875 0.1
1 0.54765625 0.5416666666666666 0.021354166666666667 0.08333333333333333
1 0.6145833333333334 0.5481481481481482 0.0125 0.07037037037037037
1 0.6729166666666667 0.5291666666666667 0.013541666666666667 0.07685185185185185
1 0.7106770833333333 0.5268518518518519 0.0265625 0.08888888888888889
1 0.7244791666666667 0.5009259259259259 0.010416666666666666 0.046296296296296294
0 0.8916666666666667 0.5097222222222222 0.041666666666666664 0.06574074074074074
0 0.953125 0.49444444444444446 0.09270833333333334 0.1037037037037037
3 0.74921875 0.052314814814814814 0.025520833333333333 0.0787037037037037
2 0.3263020833333333 0.32222222222222224 0.0359375 0.020370370370370372
2 0.42942708333333335 0.3175925925925926 0.03697916666666667 0.020370370370370372
3 0.5723958333333333 0.4222222222222222 0.014583333333333334 0.025925925925925925
1 0.5661458333333333 0.5439814814814815 0.011458333333333333 0.03611111111111111
2 0.19479166666666667 0.06898148148148148 0.084375 0.049074074074074076
2 0.32473958333333336 0.05416666666666667 0.08697916666666666 0.04722222222222222
2 0.5421875 0.034722222222222224 0.0875 0.041666666666666664
3 0.621875 0.025925925925925925 0.05416666666666667 0.05185185185185185
