2 0.48489583333333336 0.4425925925925926 0.014583333333333334 0.011111111111111112
2 0.51015625 0.44351851851851853 0.0140625 0.009259259259259259
2 0.5348958333333333 0.4425925925925926 0.013541666666666667 0.009259259259259259
2 0.5666666666666667 0.4412037037037037 0.007291666666666667 0.008333333333333333
0 0.5315104166666667 0.5259259259259259 0.021354166666666667 0.02962962962962963
0 0.49895833333333334 0.5314814814814814 0.041666666666666664 0.06666666666666667
0 0.578125 0.5421296296296296 0.05625 0.06944444444444445
0 0.6104166666666667 0.513425925925926 0.01875 0.023148148148148147
0 0.6645833333333333 0.5717592592592593 0.11666666666666667 0.13796296296296295
0 0.434375 0.5208333333333334 0.014583333333333334 0.023148148148148147
0 0.42604166666666665 0.5282407407407408 0.020833333333333332 0.030555555555555555
0 0.37864583333333335 0.5509259259259259 0.090625 0.13148148148148148
0 0.3299479166666667 0.5388888888888889 0.025520833333333333 0.06111111111111111
0 0.29973958333333334 0.5462962962962963 0.06197916666666667 0.08888888888888889
0 0.2625 0.5569444444444445 0.06875 0.10092592592592593
0 0.2046875 0.5666666666666667 0.09895833333333333 0.1259259259259259
0 0.1015625 0.5944444444444444 0.18229166666666666 0.17407407407407408
0 0.0875 0.5083333333333333 0.175 0.19074074074074074
2 0.49635416666666665 0.4861111111111111 0.004166666666666667 0.005555555555555556
2 0.5 0.4861111111111111 0.004166666666666667 0.005555555555555556
