0 0.13229166666666667 0.47129629629629627 0.04583333333333333 0.03888888888888889
0 0.16119791666666666 0.45694444444444443 0.0578125 0.07314814814814814
0 0.203125 0.45555555555555555 0.027083333333333334 0.05185185185185185
0 0.32916666666666666 0.4847222222222222 0.08333333333333333 0.062037037037037036
0 0.46640625 0.4898148148148148 0.10677083333333333 0.05555555555555555
0 0.5830729166666667 0.5037037037037037 0.03177083333333333 0.02962962962962963
0 0.590625 0.5324074074074074 0.03125 0.06111111111111111
0 0.6375 0.5398148148148149 0.08958333333333333 0.11296296296296296
0 0.7453125 0.5967592592592592 0.19791666666666666 0.19722222222222222
0 0.4627604166666667 0.5439814814814815 0.03177083333333333 0.09907407407407408
0 0.52421875 0.5875 0.13385416666666666 0.2175925925925926
