0 0.9020833333333333 0.5842592592592593 0.153125 0.28703703703703703
0 0.25442708333333336 0.5796296296296296 0.11614583333333334 0.1537037037037037
0 0.3203125 0.5402777777777777 0.053125 0.08611111111111111
0 0.4786458333333333 0.5199074074074074 0.028125 0.04537037037037037
0 0.2 0.5148148148148148 0.035416666666666666 0.03148148148148148
0 0.1046875 0.5361111111111111 0.09166666666666666 0.10925925925925926
0 0.04479166666666667 0.5189814814814815 0.08958333333333333 0.19166666666666668
0 0.3815104166666667 0.5152777777777777 0.03177083333333333 0.05092592592592592
0 0.3453125 0.5171296296296296 0.029166666666666667 0.049074074074074076
1 0.09479166666666666 0.5453703703703704 0.025 0.11666666666666667
1 0.17421875 0.5481481481481482 0.019270833333333334 0.08888888888888889
1 0.14817708333333332 0.549537037037037 0.019270833333333334 0.10092592592592593
1 0.15598958333333332 0.5430555555555555 0.016145833333333335 0.09722222222222222
1 0.17239583333333333 0.5375 0.015625 0.09351851851851851
2 0.3359375 0.41712962962962963 0.014583333333333334 0.008333333333333333
2 0.3026041666666667 0.4125 0.014583333333333334 0.010185185185185186
0 0.8174479166666667 0.5462962962962963 0.028645833333333332 0.06481481481481481
0 0.2140625 0.5314814814814814 0.023958333333333335 0.037037037037037035
