0 0.00703125 0.5421296296296296 0.0140625 0.062037037037037036
1 0.06901041666666667 0.5194444444444445 0.013020833333333334 0.04259259259259259
0 0.11666666666666667 0.5828703703703704 0.17291666666666666 0.175
0 0.3015625 0.48842592592592593 0.12395833333333334 0.19907407407407407
0 0.4166666666666667 0.5361111111111111 0.06875 0.1
0 0.41770833333333335 0.48194444444444445 0.05 0.05648148148148148
0 0.4765625 0.5125 0.019791666666666666 0.026851851851851852
0 0.4822916666666667 0.5023148148148148 0.01875 0.04537037037037037
0 0.5106770833333333 0.5115740740740741 0.021354166666666667 0.030555555555555555
0 0.5473958333333333 0.5041666666666667 0.03229166666666667 0.05648148148148148
0 0.5778645833333333 0.5097222222222222 0.0234375 0.032407407407407406
0 0.5739583333333333 0.5055555555555555 0.020833333333333332 0.037037037037037035
0 0.6856770833333333 0.48055555555555557 0.19947916666666668 0.35185185185185186
0 0.81953125 0.5435185185185185 0.09114583333333333 0.15555555555555556
0 0.8640625 0.4925925925925926 0.022916666666666665 0.04814814814814815
0 0.37265625 0.49537037037037035 0.018229166666666668 0.04814814814814815
