2 0.4984375 0.1875 0.03958333333333333 0.028703703703703703
2 0.6028645833333334 0.18194444444444444 0.0390625 0.025
3 0.8169270833333333 0.37175925925925923 0.0140625 0.058333333333333334
0 0.9572916666666667 0.5120370370370371 0.084375 0.2351851851851852
3 0.6518229166666667 0.44166666666666665 0.0140625 0.024074074074074074
1 0.8502604166666666 0.49212962962962964 0.013020833333333334 0.10648148148148148
1 0.609375 0.5013888888888889 0.008333333333333333 0.03796296296296296
0 0.73359375 0.5541666666666667 0.1859375 0.16574074074074074
0 0.5703125 0.5087962962962963 0.030208333333333334 0.03981481481481482
0 0.51015625 0.538425925925926 0.07760416666666667 0.11203703703703703
0 0.4510416666666667 0.5143518518518518 0.04479166666666667 0.06388888888888888
0 0.37005208333333334 0.5199074074074074 0.06197916666666667 0.0712962962962963
0 0.32708333333333334 0.5199074074074074 0.035416666666666666 0.03425925925925926
0 0.26614583333333336 0.5310185185185186 0.06770833333333333 0.06018518518518518
0 0.22213541666666667 0.5324074074074074 0.0421875 0.04259259259259259
0 0.17265625 0.538425925925926 0.06197916666666667 0.04722222222222222
