1 0.10572916666666667 0.5578703703703703 0.030208333333333334 0.041666666666666664
2 0.7166666666666667 0.2671296296296296 0.035416666666666666 0.025
2 0.6348958333333333 0.29768518518518516 0.034375 0.025
3 0.6877604166666667 0.262037037037037 0.0203125 0.04814814814814815
0 0.5294270833333333 0.5560185185185185 0.09427083333333333 0.13055555555555556
0 0.26458333333333334 0.5425925925925926 0.08125 0.07222222222222222
0 0.29765625 0.5444444444444444 0.06302083333333333 0.06481481481481481
0 0.36640625 0.5282407407407408 0.0796875 0.09166666666666666
0 0.42942708333333335 0.5375 0.06510416666666667 0.075
0 0.4630208333333333 0.5203703703703704 0.03958333333333333 0.07222222222222222
0 0.5776041666666667 0.5175925925925926 0.023958333333333335 0.03518518518518519
0 0.6169270833333333 0.5115740740740741 0.0234375 0.030555555555555555
0 0.6385416666666667 0.5097222222222222 0.016666666666666666 0.023148148148148147
0 0.7317708333333334 0.5138888888888888 0.01875 0.024074074074074074
1 0.05130208333333333 0.5745370370370371 0.0265625 0.028703703703703703
2 0.9393229166666667 0.07222222222222222 0.05572916666666667 0.06111111111111111
