0 0.5432291666666667 0.5037037037037037 0.023958333333333335 0.06666666666666667
0 0.5690104166666666 0.525 0.0421875 0.05740740740740741
0 0.6895833333333333 0.5694444444444444 0.13541666666666666 0.1537037037037037
0 0.5046875 0.4935185185185185 0.06354166666666666 0.1388888888888889
0 0.45989583333333334 0.5222222222222223 0.023958333333333335 0.03333333333333333
0 0.43125 0.5333333333333333 0.041666666666666664 0.05555555555555555
0 0.40546875 0.5268518518518519 0.0203125 0.03518518518518519
0 0.2520833333333333 0.5412037037037037 0.09791666666666667 0.11944444444444445
0 0.10989583333333333 0.46620370370370373 0.21979166666666666 0.2601851851851852
0 0.08958333333333333 0.674074074074074 0.17916666666666667 0.4148148148148148
