2 0.5536458333333333 0.4166666666666667 0.01875 0.009259259259259259
2 0.71328125 0.16157407407407406 0.06302083333333333 0.04351851851851852
3 0.7515625 0.1287037037037037 0.03229166666666667 0.05
3 0.7908854166666667 0.1712962962962963 0.028645833333333332 0.06666666666666667
3 0.8911458333333333 0.21666666666666667 0.019791666666666666 0.05740740740740741
1 0.9825520833333333 0.524074074074074 0.011979166666666667 0.09259259259259259
0 0.10182291666666667 0.5578703703703703 0.13697916666666668 0.09351851851851851
0 0.10859375 0.5050925925925925 0.04739583333333333 0.03796296296296296
0 0.16953125 0.5106481481481482 0.0453125 0.05462962962962963
0 0.16145833333333334 0.5254629629629629 0.028125 0.026851851851851852
0 0.27395833333333336 0.5125 0.06354166666666666 0.05277777777777778
0 0.34348958333333335 0.524074074074074 0.09947916666666666 0.07037037037037037
0 0.41119791666666666 0.5208333333333334 0.0390625 0.03425925925925926
0 0.5122395833333333 0.5032407407407408 0.0921875 0.06388888888888888
0 0.503125 0.5324074074074074 0.10833333333333334 0.05925925925925926
0 0.6020833333333333 0.5259259259259259 0.08958333333333333 0.04814814814814815
0 0.6684895833333333 0.5189814814814815 0.04635416666666667 0.03425925925925926
0 0.6893229166666667 0.5185185185185185 0.022395833333333334 0.027777777777777776
0 0.7885416666666667 0.5171296296296296 0.084375 0.06574074074074074
0 0.8651041666666667 0.512962962962963 0.052083333333333336 0.03518518518518519
0 0.9244791666666666 0.5115740740740741 0.029166666666666667 0.03796296296296296
0 0.9666666666666667 0.5032407407407408 0.06354166666666666 0.05648148148148148
