1 0.15625 0.5962962962962963 0.040625 0.24444444444444444
0 0.24765625 0.5375 0.0421875 0.03796296296296296
0 0.36822916666666666 0.5439814814814815 0.036458333333333336 0.04537037037037037
0 0.40234375 0.5236111111111111 0.0203125 0.04537037037037037
0 0.4375 0.5375 0.0375 0.05462962962962963
0 0.4578125 0.5319444444444444 0.016666666666666666 0.026851851851851852
0 0.49270833333333336 0.5370370370370371 0.025 0.037037037037037035
0 0.5755208333333334 0.5416666666666666 0.06875 0.1111111111111111
0 0.62578125 0.5472222222222223 0.044270833333333336 0.05925925925925926
0 0.6278645833333333 0.5351851851851852 0.049479166666666664 0.04814814814814815
0 0.7283854166666667 0.5560185185185185 0.0859375 0.11944444444444445
1 0.7736979166666667 0.5226851851851851 0.015104166666666667 0.07314814814814814
0 0.87734375 0.5884259259259259 0.17760416666666667 0.1712962962962963
3 0.68828125 0.14074074074074075 0.03802083333333333 0.06666666666666667
3 0.4981770833333333 0.12638888888888888 0.04010416666666667 0.09351851851851851
2 0.47630208333333335 0.43333333333333335 0.016145833333333335 0.007407407407407408
2 0.51953125 0.43148148148148147 0.016145833333333335 0.007407407407407408
