0 0.7536458333333333 0.513425925925926 0.040625 0.04537037037037037
0 0.8388020833333333 0.5606481481481481 0.13697916666666668 0.14537037037037037
0 0.6130208333333333 0.5138888888888888 0.017708333333333333 0.053703703703703705
0 0.71171875 0.5611111111111111 0.20260416666666667 0.23333333333333334
0 0.5559895833333334 0.5180555555555556 0.019270833333333334 0.026851851851851852
0 0.5838541666666667 0.5361111111111111 0.05520833333333333 0.06851851851851852
0 0.5213541666666667 0.524074074074074 0.030208333333333334 0.04259259259259259
0 0.4765625 0.5185185185185185 0.027083333333333334 0.03333333333333333
0 0.4317708333333333 0.5185185185185185 0.017708333333333333 0.024074074074074074
0 0.32395833333333335 0.5148148148148148 0.025 0.040740740740740744
0 0.3658854166666667 0.5518518518518518 0.1203125 0.15555555555555556
0 0.17734375 0.5546296296296296 0.0734375 0.08518518518518518
0 0.24609375 0.5574074074074075 0.13802083333333334 0.14444444444444443
2 0.5583333333333333 0.1449074074074074 0.04895833333333333 0.03425925925925926
2 0.7221354166666667 0.16435185185185186 0.044270833333333336 0.032407407407407406
2 0.86796875 0.38101851851851853 0.0140625 0.07685185185185185
1 0.7901041666666667 0.5050925925925925 0.010416666666666666 0.032407407407407406
0 0.5328125 0.5143518518518518 0.014583333333333334 0.026851851851851852
