1 0.93203125 0.48564814814814816 0.033854166666666664 0.09537037037037037
1 0.6174479166666667 0.5148148148148148 0.0078125 0.05185185185185185
1 0.6049479166666667 0.5138888888888888 0.0078125 0.04259259259259259
1 0.5979166666666667 0.5125 0.009375 0.049074074074074076
1 0.5916666666666667 0.5125 0.007291666666666667 0.049074074074074076
0 0.178125 0.5055555555555555 0.014583333333333334 0.03518518518518519
0 0.20703125 0.5087962962962963 0.04114583333333333 0.03425925925925926
0 0.221875 0.5208333333333334 0.053125 0.04351851851851852
0 0.38125 0.5115740740740741 0.03125 0.04537037037037037
2 0.5161458333333333 0.44305555555555554 0.011458333333333333 0.004629629629629629
2 0.48802083333333335 0.44351851851851853 0.011458333333333333 0.005555555555555556
0 0.22630208333333332 0.5138888888888888 0.0484375 0.037037037037037035
0 0.4513020833333333 0.5152777777777777 0.018229166666666668 0.019444444444444445
