2 0.5536458333333333 0.41805555555555557 0.017708333333333333 0.008333333333333333
2 0.7135416666666666 0.16203703703703703 0.06354166666666666 0.044444444444444446
2 0.8552083333333333 0.21064814814814814 0.04375 0.03981481481481482
3 0.7515625 0.12962962962962962 0.03229166666666667 0.05185185185185185
3 0.790625 0.17175925925925925 0.029166666666666667 0.06388888888888888
3 0.8916666666666667 0.21805555555555556 0.020833333333333332 0.058333333333333334
1 0.5403645833333334 0.562962962962963 0.06302083333333333 0.1685185185185185
1 0.328125 0.5402777777777777 0.016666666666666666 0.12685185185185185
1 0.2390625 0.5342592592592592 0.017708333333333333 0.08333333333333333
1 0.16875 0.5416666666666666 0.016666666666666666 0.07222222222222222
1 0.03463541666666667 0.5435185185185185 0.0109375 0.044444444444444446
0 0.09348958333333333 0.5166666666666667 0.03802083333333333 0.04814814814814815
0 0.06848958333333334 0.5296296296296297 0.018229166666666668 0.022222222222222223
0 0.1203125 0.5328703703703703 0.028125 0.030555555555555555
0 0.2 0.5078703703703704 0.09791666666666667 0.08981481481481482
0 0.29244791666666664 0.524074074074074 0.030729166666666665 0.024074074074074074
0 0.4765625 0.524537037037037 0.065625 0.058333333333333334
0 0.6361979166666667 0.49722222222222223 0.2828125 0.1574074074074074
0 0.91953125 0.5101851851851852 0.034895833333333334 0.03518518518518519
0 0.9307291666666667 0.513425925925926 0.046875 0.04537037037037037
0 0.9677083333333333 0.5273148148148148 0.06354166666666666 0.07685185185185185
0 0.9911458333333333 0.5023148148148148 0.016666666666666666 0.03611111111111111
0 0.54375 0.5875 0.071875 0.14166666666666666
1 0.30494791666666665 0.5412037037037037 0.03697916666666667 0.13240740740740742
