3 0.35963541666666665 0.43148148148148147 0.013020833333333334 0.024074074074074074
1 0.290625 0.5458333333333333 0.020833333333333332 0.09351851851851851
1 0.3138020833333333 0.5416666666666666 0.013020833333333334 0.07962962962962963
1 0.3338541666666667 0.5439814814814815 0.011458333333333333 0.06388888888888888
1 0.4265625 0.5319444444444444 0.007291666666666667 0.03981481481481482
1 0.5705729166666667 0.5393518518518519 0.013020833333333334 0.05462962962962963
1 0.6455729166666667 0.5143518518518518 0.0078125 0.04351851851851852
1 0.7424479166666667 0.5199074074074074 0.0067708333333333336 0.0787037037037037
1 0.7635416666666667 0.562037037037037 0.035416666666666666 0.14444444444444443
1 0.7908854166666667 0.562962962962963 0.0359375 0.17592592592592593
1 0.8171875 0.5365740740740741 0.028125 0.16944444444444445
1 0.8536458333333333 0.5356481481481481 0.028125 0.1675925925925926
0 0.51015625 0.5842592592592593 0.10885416666666667 0.1537037037037037
0 0.5638020833333334 0.5268518518518519 0.018229166666666668 0.027777777777777776
0 0.6005208333333333 0.549537037037037 0.057291666666666664 0.08055555555555556
1 0.15546875 0.5675925925925925 0.019270833333333334 0.09074074074074075
1 0.07161458333333333 0.6083333333333333 0.022395833333333334 0.12962962962962962
1 0.08411458333333334 0.6055555555555555 0.013020833333333334 0.12407407407407407
1 0.09427083333333333 0.6050925925925926 0.0125 0.12314814814814815
1 0.12135416666666667 0.5796296296296296 0.007291666666666667 0.1111111111111111
1 0.10286458333333333 0.5550925925925926 0.0171875 0.10462962962962963
1 0.09010416666666667 0.5226851851851851 0.010416666666666666 0.03981481481481482
1 0.39453125 0.5587962962962963 0.0140625 0.03425925925925926
0 0.65546875 0.5393518518518519 0.0109375 0.058333333333333334
