0 0.028385416666666666 0.5472222222222223 0.05677083333333333 0.09074074074074075
0 0.14635416666666667 0.5953703703703703 0.29270833333333335 0.2388888888888889
0 0.3494791666666667 0.5337962962962963 0.12708333333333333 0.18981481481481483
0 0.5815104166666667 0.5111111111111111 0.030729166666666665 0.05185185185185185
0 0.61015625 0.5231481481481481 0.034895833333333334 0.046296296296296294
0 0.6388020833333333 0.5143518518518518 0.018229166666666668 0.032407407407407406
0 0.6565104166666667 0.5333333333333333 0.043229166666666666 0.05925925925925926
0 0.6984375 0.5398148148148149 0.07291666666666667 0.07222222222222222
0 0.5315104166666667 0.5189814814814815 0.018229166666666668 0.026851851851851852
1 0.8096354166666667 0.5458333333333333 0.0203125 0.11388888888888889
1 0.7809895833333333 0.537962962962963 0.03177083333333333 0.05185185185185185
0 0.48828125 0.5106481481481482 0.013020833333333334 0.025
0 0.28411458333333334 0.5254629629629629 0.013020833333333334 0.03425925925925926
