0 0.1546875 0.4787037037037037 0.11666666666666667 0.06296296296296296
0 0.22578125 0.5606481481481481 0.12864583333333332 0.12314814814814815
0 0.4200520833333333 0.5310185185185186 0.028645833333333332 0.03611111111111111
0 0.45755208333333336 0.5300925925925926 0.018229166666666668 0.023148148148148147
0 0.48151041666666666 0.5300925925925926 0.0203125 0.026851851851851852
0 0.51328125 0.5342592592592592 0.034895833333333334 0.046296296296296294
0 0.5177083333333333 0.5083333333333333 0.020833333333333332 0.027777777777777776
0 0.5432291666666667 0.5199074074074074 0.01875 0.03981481481481482
0 0.55078125 0.5300925925925926 0.0140625 0.026851851851851852
0 0.5671875 0.5324074074074074 0.029166666666666667 0.037037037037037035
0 0.5716145833333334 0.5037037037037037 0.024479166666666666 0.022222222222222223
0 0.5861979166666667 0.5287037037037037 0.015104166666666667 0.027777777777777776
