0 0.032552083333333336 0.5472222222222223 0.06510416666666667 0.03518518518518519
0 0.05364583333333333 0.5736111111111111 0.078125 0.06574074074074074
0 0.015104166666666667 0.5861111111111111 0.030208333333333334 0.03888888888888889
0 0.33046875 0.625462962962963 0.19947916666666668 0.2601851851851852
0 0.2421875 0.5421296296296296 0.028125 0.03611111111111111
0 0.22213541666666667 0.5439814814814815 0.0171875 0.030555555555555555
0 0.4546875 0.5333333333333333 0.10729166666666666 0.1111111111111111
0 0.5619791666666667 0.5611111111111111 0.13125 0.2222222222222222
0 0.6578125 0.5648148148148148 0.06145833333333333 0.1
0 0.6450520833333333 0.5277777777777778 0.0296875 0.04259259259259259
0 0.6830729166666667 0.5171296296296296 0.0453125 0.03981481481481482
0 0.76484375 0.5851851851851851 0.17239583333333333 0.2222222222222222
0 0.9135416666666667 0.6703703703703704 0.171875 0.4740740740740741
2 0.50078125 0.4388888888888889 0.0171875 0.011111111111111112
2 0.6697916666666667 0.2101851851851852 0.05520833333333333 0.027777777777777776
2 0.7799479166666666 0.2050925925925926 0.0546875 0.026851851851851852
3 0.7229166666666667 0.18981481481481483 0.03333333333333333 0.05925925925925926
2 0.8106770833333333 0.4222222222222222 0.018229166666666668 0.011111111111111112
2 0.4752604166666667 0.4412037037037037 0.018229166666666668 0.010185185185185186
