0 0.25052083333333336 0.5449074074074074 0.0875 0.075
0 0.3416666666666667 0.524074074074074 0.022916666666666665 0.05185185185185185
0 0.3546875 0.5333333333333333 0.023958333333333335 0.040740740740740744
0 0.3971354166666667 0.5546296296296296 0.0796875 0.10740740740740741
0 0.4328125 0.5166666666666667 0.017708333333333333 0.025925925925925925
0 0.5205729166666667 0.5300925925925926 0.027604166666666666 0.03611111111111111
0 0.57421875 0.5356481481481481 0.04635416666666667 0.062037037037037036
0 0.96171875 0.5657407407407408 0.07552083333333333 0.12777777777777777
2 0.5864583333333333 0.1685185185185185 0.0625 0.02962962962962963
2 0.72890625 0.18611111111111112 0.05572916666666667 0.03518518518518519
3 0.7192708333333333 0.39861111111111114 0.019791666666666666 0.03796296296296296
3 0.9291666666666667 0.38981481481481484 0.0125 0.04259259259259259
3 0.94765625 0.38101851851851853 0.011979166666666667 0.041666666666666664
3 0.75390625 0.42916666666666664 0.0109375 0.026851851851851852
