2 0.35494791666666664 0.23981481481481481 0.034895833333333334 0.025925925925925925
2 0.4583333333333333 0.22870370370370371 0.036458333333333336 0.024074074074074074
2 0.46380208333333334 0.4046296296296296 0.013020833333333334 0.007407407407407408
2 0.5013020833333334 0.4041666666666667 0.013020833333333334 0.008333333333333333
3 0.40520833333333334 0.19675925925925927 0.029166666666666667 0.05092592592592592
3 0.5065104166666666 0.2074074074074074 0.03177083333333333 0.053703703703703705
0 0.03958333333333333 0.5324074074074074 0.07916666666666666 0.08703703703703704
0 0.0984375 0.5412037037037037 0.0875 0.06944444444444445
0 0.13828125 0.5259259259259259 0.049479166666666664 0.05740740740740741
0 0.196875 0.5300925925925926 0.059375 0.05092592592592592
0 0.234375 0.524074074074074 0.023958333333333335 0.03333333333333333
0 0.25859375 0.5254629629629629 0.0421875 0.03981481481481482
0 0.29010416666666666 0.525 0.025 0.03148148148148148
0 0.3151041666666667 0.5217592592592593 0.03229166666666667 0.04351851851851852
0 0.39036458333333335 0.5203703703703704 0.019270833333333334 0.024074074074074074
0 0.40234375 0.5180555555555556 0.013020833333333334 0.023148148148148147
0 0.41875 0.5217592592592593 0.020833333333333332 0.026851851851851852
0 0.7552083333333334 0.5189814814814815 0.053125 0.03796296296296296
0 0.79140625 0.5175925925925926 0.015104166666666667 0.024074074074074074
0 0.8052083333333333 0.5194444444444445 0.03854166666666667 0.03333333333333333
0 0.8299479166666667 0.5194444444444445 0.019270833333333334 0.025925925925925925
0 0.8552083333333333 0.5171296296296296 0.03333333333333333 0.032407407407407406
0 0.8953125 0.5055555555555555 0.027083333333333334 0.03888888888888889
0 0.8971354166666666 0.5175925925925926 0.0265625 0.024074074074074074
0 0.9299479166666667 0.5138888888888888 0.025520833333333333 0.03518518518518519
0 0.9481770833333333 0.5435185185185185 0.03697916666666667 0.06481481481481481
0 0.9888020833333333 0.5203703703703704 0.021354166666666667 0.03518518518518519
0 0.9705729166666667 0.5226851851851851 0.024479166666666666 0.041666666666666664
3 0.9669270833333333 0.4115740740740741 0.015104166666666667 0.07685185185185185
0 0.7783854166666667 0.5138888888888888 0.0140625 0.02962962962962963
0 0.34401041666666665 0.5217592592592593 0.019270833333333334 0.023148148148148147
