2 0.5536458333333333 0.41759259259259257 0.017708333333333333 0.007407407407407408
2 0.7130208333333333 0.16111111111111112 0.06354166666666666 0.04259259259259259
3 0.7513020833333334 0.12962962962962962 0.03177083333333333 0.05185185185185185
3 0.7908854166666667 0.1726851851851852 0.027604166666666666 0.06574074074074074
3 0.8919270833333334 0.21712962962962962 0.0203125 0.058333333333333334
1 0.9833333333333333 0.5217592592592593 0.010416666666666666 0.09351851851851851
0 0.10807291666666667 0.5175925925925926 0.04739583333333333 0.06111111111111111
0 0.15208333333333332 0.5449074074074074 0.10416666666666667 0.0824074074074074
0 0.27708333333333335 0.5337962962962963 0.075 0.05462962962962963
0 0.33125 0.5333333333333333 0.07916666666666666 0.06296296296296296
0 0.390625 0.5046296296296297 0.10416666666666667 0.06111111111111111
0 0.6278645833333333 0.5259259259259259 0.0953125 0.06296296296296296
0 0.6723958333333333 0.5194444444444445 0.040625 0.053703703703703705
0 0.78359375 0.5171296296296296 0.06510416666666667 0.049074074074074076
0 0.8255208333333334 0.5143518518518518 0.03333333333333333 0.03425925925925926
0 0.8263020833333333 0.5060185185185185 0.0421875 0.03981481481481482
0 0.87734375 0.5166666666666667 0.06927083333333334 0.04814814814814815
