0 0.8705729166666667 0.5055555555555555 0.0296875 0.027777777777777776
0 0.95859375 0.49722222222222223 0.0140625 0.027777777777777776
0 0.95078125 0.4962962962962963 0.021354166666666667 0.03148148148148148
0 0.9401041666666666 0.4976851851851852 0.016666666666666666 0.028703703703703703
3 0.7177083333333333 0.4351851851851852 0.028125 0.046296296296296294
0 0.5026041666666666 0.5101851851851852 0.0125 0.024074074074074074
0 0.5127604166666667 0.5189814814814815 0.0265625 0.03611111111111111
0 0.4635416666666667 0.5097222222222222 0.023958333333333335 0.03796296296296296
0 0.4515625 0.500462962962963 0.016666666666666666 0.041666666666666664
0 0.42265625 0.49398148148148147 0.049479166666666664 0.0712962962962963
0 0.37109375 0.5185185185185185 0.0484375 0.05740740740740741
0 0.31145833333333334 0.5199074074074074 0.034375 0.05277777777777778
0 0.27291666666666664 0.5370370370370371 0.09895833333333333 0.0962962962962963
0 0.032552083333333336 0.5662037037037037 0.06510416666666667 0.1398148148148148
0 0.11979166666666667 0.5060185185185185 0.07291666666666667 0.03796296296296296
0 0.1515625 0.49675925925925923 0.07083333333333333 0.03425925925925926
0 0.23645833333333333 0.49953703703703706 0.036458333333333336 0.03611111111111111
0 0.20911458333333333 0.5064814814814815 0.019270833333333334 0.025925925925925925
