0 0.01796875 0.5458333333333333 0.0359375 0.06574074074074074
0 0.12708333333333333 0.5365740740740741 0.1125 0.11203703703703703
0 0.16744791666666667 0.5356481481481481 0.058854166666666666 0.05277777777777778
0 0.2989583333333333 0.524537037037037 0.03854166666666667 0.03611111111111111
0 0.35572916666666665 0.5375 0.07604166666666666 0.07685185185185185
0 0.39140625 0.5097222222222222 0.0265625 0.03981481481481482
0 0.4166666666666667 0.5037037037037037 0.013541666666666667 0.025925925925925925
0 0.4471354166666667 0.49953703703703706 0.011979166666666667 0.023148148148148147
0 0.4544270833333333 0.5097222222222222 0.015104166666666667 0.021296296296296296
0 0.49583333333333335 0.4981481481481482 0.021875 0.06666666666666667
0 0.5200520833333333 0.5361111111111111 0.050520833333333334 0.07962962962962963
