0 0.011197916666666667 0.7203703703703703 0.022395833333333334 0.32037037037037036
1 0.16067708333333333 0.5481481481481482 0.008854166666666666 0.04814814814814815
1 0.18515625 0.5435185185185185 0.005729166666666666 0.04814814814814815
1 0.19348958333333333 0.5430555555555555 0.008854166666666666 0.05462962962962963
0 0.3809895833333333 0.5314814814814814 0.028645833333333332 0.03888888888888889
0 0.4109375 0.5287037037037037 0.021875 0.027777777777777776
0 0.43515625 0.525 0.021354166666666667 0.03518518518518519
0 0.48125 0.5634259259259259 0.08854166666666667 0.13796296296296295
0 0.51875 0.5328703703703703 0.016666666666666666 0.049074074074074076
0 0.5364583333333334 0.5115740740740741 0.017708333333333333 0.03796296296296296
0 0.5606770833333333 0.5125 0.0140625 0.028703703703703703
1 0.6065104166666667 0.513425925925926 0.005729166666666666 0.026851851851851852
1 0.6158854166666666 0.512962962962963 0.0046875 0.025925925925925925
0 0.628125 0.524074074074074 0.016666666666666666 0.037037037037037035
0 0.68828125 0.5842592592592593 0.1546875 0.18518518518518517
0 0.75859375 0.5180555555555556 0.044270833333333336 0.04351851851851852
2 0.5393229166666667 0.4671296296296296 0.005729166666666666 0.004629629629629629
0 0.35130208333333335 0.5254629629629629 0.0203125 0.023148148148148147
