0 0.8216145833333334 0.5712962962962963 0.15572916666666667 0.15555555555555556
0 0.5200520833333333 0.4986111111111111 0.059895833333333336 0.1175925925925926
0 0.5963541666666666 0.5648148148148148 0.12083333333333333 0.1814814814814815
0 0.4890625 0.5171296296296296 0.023958333333333335 0.03981481481481482
0 0.47291666666666665 0.5259259259259259 0.027083333333333334 0.040740740740740744
0 0.45026041666666666 0.5319444444444444 0.0390625 0.04722222222222222
0 0.41484375 0.5291666666666667 0.0296875 0.041666666666666664
0 0.3729166666666667 0.5342592592592592 0.075 0.0962962962962963
0 0.22578125 0.4861111111111111 0.09114583333333333 0.05555555555555555
0 0.18177083333333333 0.5527777777777778 0.121875 0.1037037037037037
0 0.06770833333333333 0.6087962962962963 0.13541666666666666 0.25092592592592594
