0 0.062239583333333334 0.5601851851851852 0.12447916666666667 0.1425925925925926
0 0.20807291666666666 0.5407407407407407 0.09739583333333333 0.09074074074074075
0 0.30807291666666664 0.5305555555555556 0.0640625 0.05740740740740741
0 0.35390625 0.5263888888888889 0.0421875 0.04351851851851852
0 0.39010416666666664 0.5222222222222223 0.034375 0.03518518518518519
0 0.4234375 0.5217592592592593 0.03229166666666667 0.03981481481481482
0 0.4466145833333333 0.5203703703703704 0.022395833333333334 0.02962962962962963
0 0.46380208333333334 0.513425925925926 0.015104166666666667 0.03425925925925926
0 0.47552083333333334 0.5180555555555556 0.0125 0.021296296296296296
0 0.4921875 0.5171296296296296 0.013541666666666667 0.025
0 0.5143229166666666 0.5273148148148148 0.04010416666666667 0.062037037037037036
2 0.46145833333333336 0.4634259259259259 0.009375 0.004629629629629629
2 0.48046875 0.4634259259259259 0.0067708333333333336 0.004629629629629629
2 0.49921875 0.4634259259259259 0.008854166666666666 0.004629629629629629
