0 0.03411458333333333 0.5541666666666667 0.06822916666666666 0.125
0 0.121875 0.5814814814814815 0.21770833333333334 0.1962962962962963
0 0.4088541666666667 0.5111111111111111 0.05520833333333333 0.037037037037037035
0 0.5885416666666666 0.5087962962962963 0.022916666666666665 0.032407407407407406
2 0.25416666666666665 0.27314814814814814 0.03854166666666667 0.025925925925925925
2 0.3841145833333333 0.25046296296296294 0.0453125 0.025
2 0.5072916666666667 0.24074074074074073 0.04583333333333333 0.022222222222222223
3 0.434375 0.21203703703703702 0.021875 0.05
2 0.6421875 0.3476851851851852 0.0125 0.06018518518518518
1 0.8630208333333333 0.5212962962962963 0.026041666666666668 0.14629629629629629
