0 0.06640625 0.5708333333333333 0.10052083333333334 0.12685185185185185
0 0.11328125 0.4981481481481482 0.0703125 0.040740740740740744
0 0.18541666666666667 0.5976851851851852 0.2833333333333333 0.21944444444444444
0 0.2833333333333333 0.5231481481481481 0.040625 0.03888888888888889
0 0.3268229166666667 0.5351851851851852 0.07135416666666666 0.07777777777777778
0 0.39140625 0.5282407407407408 0.0421875 0.04351851851851852
0 0.42864583333333334 0.5199074074074074 0.01875 0.028703703703703703
0 0.4513020833333333 0.5254629629629629 0.0359375 0.05092592592592592
0 0.49661458333333336 0.5370370370370371 0.05260416666666667 0.07407407407407407
1 0.6453125 0.5509259259259259 0.030208333333333334 0.13518518518518519
0 0.7307291666666667 0.5152777777777777 0.07291666666666667 0.08055555555555556
3 0.6736979166666667 0.2537037037037037 0.0359375 0.06111111111111111
