0 0.05182291666666667 0.5550925925925926 0.10364583333333334 0.0712962962962963
0 0.07838541666666667 0.5236111111111111 0.022395833333333334 0.028703703703703703
0 0.14375 0.5254629629629629 0.029166666666666667 0.025
0 0.22473958333333333 0.5453703703703704 0.1328125 0.12037037037037036
0 0.38984375 0.49907407407407406 0.0328125 0.024074074074074074
0 0.51015625 0.49907407407407406 0.019270833333333334 0.044444444444444446
0 0.5075520833333333 0.5148148148148148 0.0171875 0.025925925925925925
0 0.6252604166666667 0.5185185185185185 0.03177083333333333 0.046296296296296294
0 0.69609375 0.575925925925926 0.16927083333333334 0.1814814814814815
0 0.8125 0.5361111111111111 0.07708333333333334 0.07962962962962963
0 0.896875 0.5777777777777777 0.19895833333333332 0.17962962962962964
0 0.984375 0.5277777777777778 0.030208333333333334 0.07037037037037037
