0 0.04479166666666667 0.5939814814814814 0.08958333333333333 0.14907407407407408
0 0.05026041666666667 0.5328703703703703 0.07760416666666667 0.05648148148148148
0 0.11015625 0.5342592592592592 0.058854166666666666 0.040740740740740744
0 0.1203125 0.5194444444444445 0.059375 0.027777777777777776
0 0.159375 0.5291666666666667 0.075 0.03981481481481482
0 0.20052083333333334 0.5287037037037037 0.013541666666666667 0.024074074074074074
0 0.21875 0.5254629629629629 0.021875 0.023148148148148147
0 0.2677083333333333 0.5541666666666667 0.10520833333333333 0.09537037037037037
0 0.36302083333333335 0.5351851851851852 0.016666666666666666 0.05185185185185185
0 0.39557291666666666 0.5430555555555555 0.06197916666666667 0.08796296296296297
0 0.4479166666666667 0.5314814814814814 0.03958333333333333 0.05
0 0.47213541666666664 0.524074074074074 0.0203125 0.02962962962962963
0 0.48203125 0.5171296296296296 0.0171875 0.028703703703703703
0 0.5088541666666667 0.5310185185185186 0.040625 0.05648148148148148
0 0.5390625 0.5208333333333334 0.016666666666666666 0.021296296296296296
0 0.5619791666666667 0.5171296296296296 0.028125 0.05648148148148148
0 0.7252604166666666 0.5537037037037037 0.20052083333333334 0.2611111111111111
