0 0.08802083333333334 0.5324074074074074 0.0375 0.044444444444444446
0 0.15833333333333333 0.5226851851851851 0.03958333333333333 0.032407407407407406
0 0.23098958333333333 0.5175925925925926 0.05364583333333333 0.040740740740740744
0 0.390625 0.5333333333333333 0.11458333333333333 0.06666666666666667
0 0.4674479166666667 0.5175925925925926 0.024479166666666666 0.03518518518518519
0 0.49192708333333335 0.5 0.0140625 0.022222222222222223
0 0.6830729166666667 0.5171296296296296 0.09947916666666666 0.0712962962962963
0 0.7208333333333333 0.47685185185185186 0.04583333333333333 0.025925925925925925
0 0.76328125 0.5097222222222222 0.07552083333333333 0.04722222222222222
0 0.8596354166666667 0.5018518518518519 0.07135416666666666 0.05740740740740741
0 0.9364583333333333 0.49074074074074076 0.030208333333333334 0.06111111111111111
0 0.9752604166666666 0.4513888888888889 0.0484375 0.07685185185185185
1 0.9296875 0.5097222222222222 0.009375 0.09351851851851851
1 0.46770833333333334 0.5097222222222222 0.009375 0.03425925925925926
2 0.5013020833333334 0.4074074074074074 0.016145833333333335 0.009259259259259259
2 0.5463541666666667 0.4060185185185185 0.016666666666666666 0.008333333333333333
3 0.21536458333333333 0.39861111111111114 0.008854166666666666 0.021296296296296296
3 0.5299479166666666 0.40185185185185185 0.011979166666666667 0.020370370370370372
3 0.8583333333333333 0.2875 0.010416666666666666 0.03796296296296296
