0 0.5669270833333333 0.5879629629629629 0.11822916666666666 0.18888888888888888
0 0.5213541666666667 0.5351851851851852 0.05520833333333333 0.10555555555555556
1 0.9921875 0.5851851851851851 0.014583333333333334 0.17037037037037037
0 0.9763020833333333 0.6023148148148149 0.024479166666666666 0.06018518518518518
0 0.93671875 0.5921296296296297 0.027604166666666666 0.03425925925925926
1 0.7848958333333333 0.5726851851851852 0.020833333333333332 0.09166666666666666
0 0.76953125 0.5842592592592593 0.030729166666666665 0.05740740740740741
0 0.696875 0.549537037037037 0.05416666666666667 0.07314814814814814
0 0.6653645833333334 0.5476851851851852 0.030729166666666665 0.06759259259259259
1 0.6494791666666667 0.5476851851851852 0.014583333333333334 0.06944444444444445
0 0.6416666666666667 0.5444444444444444 0.04583333333333333 0.07037037037037037
1 0.6260416666666667 0.5615740740740741 0.014583333333333334 0.03425925925925926
0 0.61953125 0.5305555555555556 0.016145833333333335 0.04259259259259259
0 0.3692708333333333 0.5509259259259259 0.071875 0.09074074074074075
0 0.25078125 0.5699074074074074 0.06197916666666667 0.026851851851851852
2 0.9541666666666667 0.16620370370370371 0.0625 0.03796296296296296
2 0.8372395833333334 0.1925925925925926 0.0578125 0.03333333333333333
3 0.8994791666666667 0.1550925925925926 0.03333333333333333 0.09907407407407408
