3 0.7377604166666667 0.3333333333333333 0.0171875 0.03148148148148148
0 0.009895833333333333 0.5435185185185185 0.019791666666666666 0.044444444444444446
0 0.14401041666666667 0.5175925925925926 0.10885416666666667 0.09074074074074075
0 0.22786458333333334 0.5254629629629629 0.14635416666666667 0.11203703703703703
0 0.3125 0.5189814814814815 0.046875 0.05462962962962963
0 0.37135416666666665 0.512962962962963 0.0875 0.07222222222222222
0 0.40729166666666666 0.5189814814814815 0.1 0.06944444444444445
0 0.46145833333333336 0.5152777777777777 0.027083333333333334 0.041666666666666664
1 0.45989583333333334 0.5055555555555555 0.010416666666666666 0.06111111111111111
0 0.49921875 0.5106481481481482 0.0765625 0.05648148148148148
0 0.5153645833333333 0.49907407407407406 0.044270833333333336 0.044444444444444446
0 0.5471354166666667 0.5009259259259259 0.025520833333333333 0.03148148148148148
0 0.5682291666666667 0.5037037037037037 0.042708333333333334 0.046296296296296294
0 0.6075520833333333 0.5226851851851851 0.08697916666666666 0.0712962962962963
0 0.6494791666666667 0.49583333333333335 0.03125 0.028703703703703703
0 0.6700520833333333 0.4912037037037037 0.0203125 0.03611111111111111
0 0.69453125 0.4976851851851852 0.027604166666666666 0.030555555555555555
0 0.7377604166666667 0.4976851851851852 0.0234375 0.028703703703703703
