0 0.07291666666666667 0.5912037037037037 0.14583333333333334 0.19537037037037036
0 0.26953125 0.5592592592592592 0.1296875 0.1259259259259259
0 0.3653645833333333 0.5222222222222223 0.059895833333333336 0.08888888888888889
0 0.41510416666666666 0.5458333333333333 0.090625 0.10648148148148148
0 0.45208333333333334 0.5083333333333333 0.021875 0.03333333333333333
0 0.4822916666666667 0.5157407407407407 0.027083333333333334 0.040740740740740744
0 0.49895833333333334 0.5087962962962963 0.014583333333333334 0.023148148148148147
0 0.46458333333333335 0.5087962962962963 0.015625 0.026851851851851852
1 0.9638020833333333 0.48055555555555557 0.027604166666666666 0.14629629629629629
0 0.40390625 0.47638888888888886 0.04114583333333333 0.032407407407407406
3 0.10260416666666666 0.4685185185185185 0.010416666666666666 0.03148148148148148
