0 0.2786458333333333 0.5305555555555556 0.046875 0.05185185185185185
0 0.31276041666666665 0.5300925925925926 0.011979166666666667 0.03981481481481482
0 0.32916666666666666 0.525 0.027083333333333334 0.06111111111111111
0 0.36380208333333336 0.5254629629629629 0.05572916666666667 0.08611111111111111
0 0.41744791666666664 0.538425925925926 0.05677083333333333 0.07314814814814814
0 0.46145833333333336 0.49675925925925923 0.052083333333333336 0.10092592592592593
0 0.52109375 0.5555555555555556 0.0890625 0.12222222222222222
0 0.6125 0.5106481481481482 0.020833333333333332 0.025
0 0.6588541666666666 0.5101851851851852 0.046875 0.046296296296296294
0 0.6971354166666667 0.5050925925925925 0.06927083333333334 0.06018518518518518
0 0.72890625 0.4935185185185185 0.0265625 0.027777777777777776
0 0.75859375 0.5037037037037037 0.09635416666666667 0.08148148148148149
0 0.8322916666666667 0.5189814814814815 0.08020833333333334 0.11203703703703703
0 0.9575520833333333 0.5027777777777778 0.08385416666666666 0.1388888888888889
