0 0.17734375 0.5555555555555556 0.1546875 0.13333333333333333
0 0.13932291666666666 0.4699074074074074 0.0453125 0.03611111111111111
0 0.16822916666666668 0.4550925925925926 0.057291666666666664 0.06759259259259259
0 0.20885416666666667 0.4546296296296296 0.028125 0.05
0 0.37057291666666664 0.49675925925925923 0.0421875 0.03611111111111111
0 0.37083333333333335 0.5138888888888888 0.0375 0.04814814814814815
0 0.32109375 0.48842592592592593 0.03802083333333333 0.023148148148148147
0 0.4669270833333333 0.5421296296296296 0.0328125 0.09351851851851851
0 0.5234375 0.5800925925925926 0.11979166666666667 0.19722222222222222
0 0.5807291666666666 0.5055555555555555 0.034375 0.03333333333333333
0 0.5859375 0.5324074074074074 0.03229166666666667 0.05740740740740741
0 0.6317708333333333 0.538425925925926 0.084375 0.10648148148148148
0 0.7322916666666667 0.5907407407407408 0.18541666666666667 0.1814814814814815
