0 0.47421875 0.5814814814814815 0.2328125 0.40370370370370373
0 0.08229166666666667 0.7064814814814815 0.16354166666666667 0.4166666666666667
0 0.97578125 0.6875 0.04739583333333333 0.2361111111111111
0 0.8419270833333333 0.6087962962962963 0.2890625 0.262037037037037
0 0.6770833333333334 0.5819444444444445 0.13854166666666667 0.1712962962962963
0 0.6106770833333334 0.5638888888888889 0.0578125 0.12407407407407407
0 0.32395833333333335 0.5699074074074074 0.07708333333333334 0.1361111111111111
0 0.23411458333333332 0.5782407407407407 0.0828125 0.10462962962962963
0 0.20182291666666666 0.5347222222222222 0.05260416666666667 0.04537037037037037
0 0.2015625 0.5106481481481482 0.051041666666666666 0.03611111111111111
0 0.25833333333333336 0.5361111111111111 0.03854166666666667 0.037037037037037035
1 0.74921875 0.5962962962962963 0.049479166666666664 0.22777777777777777
1 0.20208333333333334 0.5361111111111111 0.014583333333333334 0.04259259259259259
