0 0.34375 0.5055555555555555 0.0375 0.05185185185185185
0 0.3953125 0.5162037037037037 0.07916666666666666 0.04537037037037037
0 0.465625 0.4912037037037037 0.096875 0.06759259259259259
0 0.55703125 0.5037037037037037 0.0140625 0.024074074074074074
0 0.5841145833333333 0.5398148148148149 0.0609375 0.1
0 0.6111979166666667 0.5101851851851852 0.0140625 0.02962962962962963
0 0.7033854166666667 0.4875 0.1640625 0.09907407407407408
0 0.6791666666666667 0.5421296296296296 0.06666666666666667 0.10092592592592593
0 0.7763020833333333 0.5745370370370371 0.1734375 0.21944444444444444
1 0.87734375 0.5425925925925926 0.028645833333333332 0.07592592592592592
2 0.61484375 0.425462962962963 0.013020833333333334 0.006481481481481481
2 0.6453125 0.425462962962963 0.013541666666666667 0.006481481481481481
