0 0.024739583333333332 0.4134259259259259 0.049479166666666664 0.2657407407407407
0 0.12317708333333334 0.5166666666666667 0.24635416666666668 0.3685185185185185
0 0.35390625 0.5060185185185185 0.05364583333333333 0.05092592592592592
0 0.40546875 0.5166666666666667 0.0203125 0.025925925925925925
0 0.4161458333333333 0.5125 0.016666666666666666 0.025
0 0.47604166666666664 0.5046296296296297 0.041666666666666664 0.03518518518518519
0 0.503125 0.49583333333333335 0.034375 0.049074074074074076
2 0.48333333333333334 0.42685185185185187 0.013541666666666667 0.007407407407407408
2 0.328125 0.225 0.04791666666666667 0.02962962962962963
2 0.4666666666666667 0.20879629629629629 0.051041666666666666 0.025
0 0.5463541666666667 0.5120370370370371 0.034375 0.022222222222222223
0 0.6270833333333333 0.5055555555555555 0.036458333333333336 0.027777777777777776
3 0.7046875 0.30185185185185187 0.04583333333333333 0.08703703703703704
0 0.7768229166666667 0.4875 0.0453125 0.04722222222222222
0 0.8416666666666667 0.48148148148148145 0.08958333333333333 0.06111111111111111
0 0.8895833333333333 0.4736111111111111 0.04583333333333333 0.06388888888888888
