0 0.057291666666666664 0.6449074074074074 0.11458333333333333 0.07685185185185185
0 0.08151041666666667 0.5680555555555555 0.16302083333333334 0.16944444444444445
0 0.17838541666666666 0.5222222222222223 0.0390625 0.022222222222222223
0 0.2109375 0.5162037037037037 0.028125 0.023148148148148147
0 0.26953125 0.5458333333333333 0.11197916666666667 0.09907407407407408
0 0.34322916666666664 0.5305555555555556 0.029166666666666667 0.06296296296296296
0 0.39817708333333335 0.524537037037037 0.08385416666666666 0.12129629629629629
0 0.45 0.5180555555555556 0.030208333333333334 0.05092592592592592
0 0.46796875 0.49907407407407406 0.022395833333333334 0.037037037037037035
0 0.49921875 0.5504629629629629 0.08072916666666667 0.11388888888888889
0 0.5299479166666666 0.49583333333333335 0.03177083333333333 0.06944444444444445
0 0.5565104166666667 0.48842592592592593 0.022395833333333334 0.062037037037037036
0 0.5734375 0.5041666666666667 0.030208333333333334 0.05462962962962963
0 0.6013020833333333 0.5365740740740741 0.05572916666666667 0.07314814814814814
0 0.7973958333333333 0.5824074074074074 0.26875 0.25555555555555554
0 0.9221354166666667 0.49583333333333335 0.024479166666666666 0.04722222222222222
0 0.9578125 0.49398148148148147 0.0375 0.05092592592592592
2 0.46588541666666666 0.42962962962962964 0.0140625 0.007407407407407408
2 0.5177083333333333 0.42685185185185187 0.013541666666666667 0.007407407407407408
2 0.49296875 0.4537037037037037 0.0078125 0.005555555555555556
2 0.5161458333333333 0.4537037037037037 0.007291666666666667 0.005555555555555556
3 0.6903645833333333 0.42314814814814816 0.013020833333333334 0.022222222222222223
