1 0.7080729166666667 0.5462962962962963 0.03697916666666667 0.21481481481481482
1 0.7588541666666667 0.5439814814814815 0.03854166666666667 0.21203703703703702
3 0.63046875 0.3912037037037037 0.03802083333333333 0.062037037037037036
1 0.5458333333333333 0.5236111111111111 0.022916666666666665 0.03425925925925926
0 0.5002604166666667 0.5407407407407407 0.06302083333333333 0.09444444444444444
0 0.46510416666666665 0.5111111111111111 0.015625 0.024074074074074074
0 0.4328125 0.5162037037037037 0.015625 0.023148148148148147
0 0.23359375 0.5083333333333333 0.0140625 0.025925925925925925
0 0.28177083333333336 0.5046296296296297 0.03854166666666667 0.037037037037037035
0 0.34791666666666665 0.5462962962962963 0.14479166666666668 0.18518518518518517
0 0.06822916666666666 0.5347222222222222 0.13645833333333332 0.3101851851851852
0 0.13880208333333333 0.5652777777777778 0.06927083333333334 0.18055555555555555
0 0.4515625 0.5180555555555556 0.020833333333333332 0.026851851851851852
1 0.44895833333333335 0.5171296296296296 0.00625 0.032407407407407406
