0 0.04505208333333333 0.587037037037037 0.09010416666666667 0.17222222222222222
0 0.10208333333333333 0.5634259259259259 0.07083333333333333 0.09722222222222222
0 0.26015625 0.5944444444444444 0.22864583333333333 0.22037037037037038
0 0.34921875 0.5143518518518518 0.027604166666666666 0.028703703703703703
0 0.3765625 0.524537037037037 0.04479166666666667 0.05092592592592592
0 0.40859375 0.5180555555555556 0.0296875 0.03796296296296296
0 0.46484375 0.5157407407407407 0.030729166666666665 0.046296296296296294
0 0.51484375 0.5319444444444444 0.05364583333333333 0.07685185185185185
1 0.8356770833333333 0.49074074074074076 0.030729166666666665 0.09814814814814815
1 0.6401041666666667 0.5208333333333334 0.023958333333333335 0.030555555555555555
2 0.49765625 0.44675925925925924 0.0078125 0.004629629629629629
2 0.5190104166666667 0.44675925925925924 0.008854166666666666 0.004629629629629629
