2 0.5466145833333333 0.38101851851851853 0.0140625 0.008333333333333333
2 0.5846354166666666 0.3814814814814815 0.0140625 0.009259259259259259
0 0.9278645833333333 0.5236111111111111 0.0421875 0.06759259259259259
0 0.8671875 0.5226851851851851 0.08229166666666667 0.06388888888888888
0 0.8234375 0.5199074074074074 0.052083333333333336 0.06018518518518518
0 0.7927083333333333 0.5203703703703704 0.04583333333333333 0.05185185185185185
0 0.784375 0.5148148148148148 0.035416666666666666 0.03888888888888889
0 0.7614583333333333 0.5180555555555556 0.022916666666666665 0.04537037037037037
0 0.7552083333333334 0.5046296296296297 0.05625 0.05740740740740741
0 0.6286458333333333 0.5407407407407407 0.08645833333333333 0.11296296296296296
0 0.5234375 0.5462962962962963 0.109375 0.1685185185185185
0 0.5859375 0.5064814814814815 0.017708333333333333 0.02962962962962963
0 0.4627604166666667 0.5069444444444444 0.019270833333333334 0.030555555555555555
0 0.42890625 0.5101851851851852 0.0203125 0.024074074074074074
0 0.39895833333333336 0.5148148148148148 0.03333333333333333 0.040740740740740744
0 0.35182291666666665 0.5125 0.024479166666666666 0.028703703703703703
0 0.19765625 0.5375 0.08802083333333334 0.06944444444444445
0 0.44583333333333336 0.5185185185185185 0.016666666666666666 0.03333333333333333
1 0.44505208333333335 0.5064814814814815 0.0109375 0.03518518518518519
1 0.3104166666666667 0.5138888888888888 0.004166666666666667 0.024074074074074074
2 0.528125 0.44305555555555554 0.007291666666666667 0.004629629629629629
2 0.5033854166666667 0.4439814814814815 0.008854166666666666 0.006481481481481481
