0 0.06822916666666666 0.5615740740740741 0.109375 0.10277777777777777
0 0.022135416666666668 0.5217592592592593 0.044270833333333336 0.06018518518518518
0 0.17994791666666668 0.5157407407407407 0.033854166666666664 0.037037037037037035
0 0.19869791666666667 0.5046296296296297 0.030729166666666665 0.03888888888888889
0 0.228125 0.49722222222222223 0.014583333333333334 0.022222222222222223
1 0.24791666666666667 0.5287037037037037 0.0125 0.040740740740740744
0 0.24791666666666667 0.5412037037037037 0.013541666666666667 0.032407407407407406
0 0.27708333333333335 0.5310185185185186 0.051041666666666666 0.08055555555555556
0 0.33489583333333334 0.5518518518518518 0.06979166666666667 0.08888888888888889
0 0.36770833333333336 0.5439814814814815 0.020833333333333332 0.06759259259259259
0 0.36744791666666665 0.5356481481481481 0.0296875 0.06018518518518518
0 0.36744791666666665 0.5148148148148148 0.028645833333333332 0.03518518518518519
0 0.44296875 0.5259259259259259 0.08802083333333334 0.2
0 0.61015625 0.5467592592592593 0.0921875 0.06759259259259259
3 0.7265625 0.0412037037037037 0.042708333333333334 0.0824074074074074
3 0.6052083333333333 0.01990740740740741 0.029166666666666667 0.03981481481481482
2 0.48072916666666665 0.056018518518518516 0.07395833333333333 0.03425925925925926
3 0.91171875 0.4587962962962963 0.0234375 0.049074074074074076
