2 0.5520833333333334 0.3851851851851852 0.019791666666666666 0.009259259259259259
2 0.5994791666666667 0.38472222222222224 0.019791666666666666 0.008333333333333333
2 0.8057291666666667 0.08425925925925926 0.052083333333333336 0.06296296296296296
2 0.9114583333333334 0.019444444444444445 0.058333333333333334 0.03888888888888889
1 0.7111979166666667 0.512962962962963 0.0067708333333333336 0.05
1 0.6997395833333333 0.5120370370370371 0.008854166666666666 0.04814814814814815
0 0.8723958333333334 0.5111111111111111 0.017708333333333333 0.03333333333333333
0 0.853125 0.5162037037037037 0.03125 0.04537037037037037
0 0.8315104166666667 0.512962962962963 0.015104166666666667 0.03333333333333333
0 0.8114583333333333 0.5087962962962963 0.0375 0.05462962962962963
0 0.7802083333333333 0.5074074074074074 0.027083333333333334 0.025925925925925925
0 0.08463541666666667 0.525 0.05364583333333333 0.05
0 0.5528645833333333 0.5162037037037037 0.019270833333333334 0.030555555555555555
0 0.51875 0.5291666666666667 0.057291666666666664 0.08981481481481482
0 0.4828125 0.5162037037037037 0.017708333333333333 0.030555555555555555
0 0.46510416666666665 0.5185185185185185 0.029166666666666667 0.03333333333333333
0 0.38515625 0.5361111111111111 0.09947916666666666 0.11851851851851852
0 0.31171875 0.524074074074074 0.03697916666666667 0.053703703703703705
0 0.26927083333333335 0.5342592592592592 0.08541666666666667 0.07407407407407407
0 0.23333333333333334 0.5310185185185186 0.04583333333333333 0.05648148148148148
0 0.15 0.5421296296296296 0.10520833333333333 0.08425925925925926
0 0.60859375 0.5166666666666667 0.0171875 0.024074074074074074
3 0.5684895833333333 0.3787037037037037 0.013020833333333334 0.022222222222222223
3 0.58203125 0.37777777777777777 0.011979166666666667 0.022222222222222223
