0 0.015625 0.44305555555555554 0.03125 0.08796296296296297
0 0.026302083333333334 0.4740740740740741 0.04635416666666667 0.10740740740740741
0 0.08255208333333333 0.5263888888888889 0.11614583333333334 0.18796296296296297
0 0.16953125 0.4842592592592593 0.10677083333333333 0.12962962962962962
0 0.7526041666666666 0.5041666666666667 0.017708333333333333 0.03611111111111111
0 0.778125 0.5148148148148148 0.0375 0.046296296296296294
0 0.7825520833333334 0.48842592592592593 0.0234375 0.025
0 0.8020833333333334 0.5087962962962963 0.023958333333333335 0.04351851851851852
0 0.8513020833333333 0.5148148148148148 0.03697916666666667 0.03888888888888889
0 0.9859375 0.5185185185185185 0.026041666666666668 0.044444444444444446
0 0.9911458333333333 0.5425925925925926 0.016666666666666666 0.07037037037037037
2 0.8130208333333333 0.4 0.017708333333333333 0.011111111111111112
2 0.8453125 0.39814814814814814 0.019791666666666666 0.011111111111111112
1 0.63125 0.5162037037037037 0.005208333333333333 0.04351851851851852
0 0.6421875 0.5083333333333333 0.016666666666666666 0.024074074074074074
