0 0.7736979166666667 0.5375 0.08177083333333333 0.08796296296296297
0 0.6682291666666667 0.5226851851851851 0.04479166666666667 0.05648148148148148
0 0.6044270833333333 0.5203703703703704 0.0203125 0.027777777777777776
0 0.5783854166666667 0.5171296296296296 0.018229166666666668 0.025
0 0.51015625 0.5226851851851851 0.027604166666666666 0.03796296296296296
0 0.47161458333333334 0.513425925925926 0.0171875 0.023148148148148147
0 0.44088541666666664 0.5189814814814815 0.03697916666666667 0.03425925925925926
0 0.3919270833333333 0.5430555555555555 0.0796875 0.09351851851851851
0 0.32890625 0.5319444444444444 0.058854166666666666 0.06759259259259259
0 0.25 0.5203703703703704 0.051041666666666666 0.040740740740740744
0 0.190625 0.5152777777777777 0.05520833333333333 0.05092592592592592
0 0.16875 0.49444444444444446 0.030208333333333334 0.024074074074074074
0 0.215625 0.49675925925925923 0.016666666666666666 0.025
0 0.10390625 0.49907407407407406 0.08802083333333334 0.12222222222222222
0 0.09427083333333333 0.5935185185185186 0.18854166666666666 0.23333333333333334
0 0.5734375 0.5064814814814815 0.015625 0.027777777777777776
