0 0.8721354166666667 0.5157407407407407 0.013020833333333334 0.08888888888888889
0 0.7322916666666667 0.5162037037037037 0.008333333333333333 0.05277777777777778
0 0.7197916666666667 0.5157407407407407 0.008333333333333333 0.053703703703703705
1 0.13489583333333333 0.5333333333333333 0.011458333333333333 0.044444444444444446
0 0.5481770833333334 0.5162037037037037 0.0234375 0.017592592592592594
0 0.48541666666666666 0.512962962962963 0.016666666666666666 0.025925925925925925
0 0.46067708333333335 0.513425925925926 0.0140625 0.023148148148148147
1 0.8716145833333333 0.5157407407407407 0.013020833333333334 0.08888888888888889
1 0.7325520833333333 0.5138888888888888 0.008854166666666666 0.05740740740740741
1 0.7200520833333334 0.5171296296296296 0.008854166666666666 0.05462962962962963
