0 0.040625 0.5634259259259259 0.08125 0.0712962962962963
0 0.1265625 0.5416666666666666 0.026041666666666668 0.025925925925925925
0 0.23411458333333332 0.5990740740740741 0.2630208333333333 0.22962962962962963
0 0.33177083333333335 0.5226851851851851 0.04791666666666667 0.05462962962962963
0 0.37526041666666665 0.525 0.03177083333333333 0.046296296296296294
0 0.40520833333333334 0.5171296296296296 0.015625 0.03611111111111111
0 0.42916666666666664 0.49953703703703706 0.035416666666666666 0.09722222222222222
0 0.5015625 0.5731481481481482 0.10729166666666666 0.17962962962962964
0 0.5723958333333333 0.5365740740740741 0.057291666666666664 0.08796296296296297
0 0.6609375 0.4949074074074074 0.03229166666666667 0.04351851851851852
0 0.675 0.49722222222222223 0.029166666666666667 0.03148148148148148
0 0.8458333333333333 0.4824074074074074 0.06354166666666666 0.12962962962962962
0 0.9205729166666666 0.4703703703703704 0.1109375 0.12962962962962962
1 0.728125 0.513425925925926 0.010416666666666666 0.1287037037037037
2 0.4161458333333333 0.4356481481481482 0.013541666666666667 0.006481481481481481
2 0.4453125 0.43657407407407406 0.013541666666666667 0.006481481481481481
