2 0.44609375 0.3736111111111111 0.0171875 0.012037037037037037
2 0.49166666666666664 0.3680555555555556 0.016666666666666666 0.012037037037037037
0 0.6565104166666667 0.4898148148148148 0.06302083333333333 0.04259259259259259
1 0.3848958333333333 0.5157407407407407 0.009375 0.05
0 0.38567708333333334 0.5263888888888889 0.015104166666666667 0.04722222222222222
0 0.4231770833333333 0.512962962962963 0.06510416666666667 0.11296296296296296
0 0.46197916666666666 0.5231481481481481 0.019791666666666666 0.044444444444444446
0 0.47265625 0.5162037037037037 0.019270833333333334 0.030555555555555555
0 0.4791666666666667 0.5120370370370371 0.016666666666666666 0.027777777777777776
0 0.50625 0.4930555555555556 0.020833333333333332 0.028703703703703703
0 0.5026041666666666 0.5222222222222223 0.03125 0.040740740740740744
0 0.19114583333333332 0.5439814814814815 0.13645833333333332 0.16018518518518518
0 0.29375 0.5842592592592593 0.18125 0.19814814814814816
