0 0.3341145833333333 0.5041666666666667 0.0328125 0.032407407407407406
0 0.4348958333333333 0.5069444444444444 0.019791666666666666 0.026851851851851852
0 0.4625 0.5101851851851852 0.025 0.03148148148148148
0 0.5153645833333333 0.5449074074074074 0.07760416666666667 0.10277777777777777
0 0.8135416666666667 0.3527777777777778 0.371875 0.7055555555555556
2 0.4354166666666667 0.3680555555555556 0.025 0.013888888888888888
2 0.5111979166666667 0.36435185185185187 0.025520833333333333 0.012037037037037037
3 0.46145833333333336 0.35833333333333334 0.015625 0.027777777777777776
2 0.49713541666666666 0.4486111111111111 0.009895833333333333 0.004629629629629629
3 0.6325520833333333 0.3199074074074074 0.015104166666666667 0.026851851851851852
