3 0.6203125 0.2601851851851852 0.058333333333333334 0.1111111111111111
2 0.48385416666666664 0.4625 0.007291666666666667 0.004629629629629629
0 0.209375 0.5958333333333333 0.2760416666666667 0.2361111111111111
0 0.3341145833333333 0.5143518518518518 0.019270833333333334 0.03425925925925926
0 0.37265625 0.5439814814814815 0.08697916666666666 0.10833333333333334
0 0.44427083333333334 0.5171296296296296 0.028125 0.03981481481481482
0 0.49505208333333334 0.5592592592592592 0.0984375 0.15925925925925927
0 0.56015625 0.5189814814814815 0.0609375 0.05462962962962963
0 0.6442708333333333 0.5013888888888889 0.028125 0.058333333333333334
1 0.5854166666666667 0.5027777777777778 0.010416666666666666 0.03518518518518519
