0 0.015885416666666666 0.5842592592592593 0.03177083333333333 0.22037037037037038
0 0.08203125 0.5300925925925926 0.11302083333333333 0.09351851851851851
1 0.14791666666666667 0.5333333333333333 0.010416666666666666 0.05185185185185185
0 0.2630208333333333 0.5291666666666667 0.041666666666666664 0.032407407407407406
0 0.3190104166666667 0.5273148148148148 0.028645833333333332 0.023148148148148147
0 0.44427083333333334 0.5268518518518519 0.03333333333333333 0.044444444444444446
0 0.46510416666666665 0.5212962962962963 0.017708333333333333 0.025925925925925925
0 0.49947916666666664 0.5199074074074074 0.030208333333333334 0.05092592592592592
0 0.5234375 0.5157407407407407 0.013541666666666667 0.024074074074074074
0 0.53671875 0.5189814814814815 0.021354166666666667 0.030555555555555555
0 0.7145833333333333 0.5800925925925926 0.178125 0.19907407407407407
