0 0.40286458333333336 0.5259259259259259 0.0296875 0.03148148148148148
0 0.41953125 0.5231481481481481 0.016145833333333335 0.025925925925925925
0 0.42994791666666665 0.5212962962962963 0.0140625 0.024074074074074074
0 0.4518229166666667 0.5199074074074074 0.0203125 0.026851851851851852
0 0.46822916666666664 0.5083333333333333 0.013541666666666667 0.03888888888888889
0 0.5127604166666667 0.55 0.07135416666666666 0.11296296296296296
0 0.5127604166666667 0.4773148148148148 0.0421875 0.03611111111111111
1 0.5885416666666666 0.5078703703703704 0.004166666666666667 0.030555555555555555
1 0.6010416666666667 0.5083333333333333 0.00625 0.03888888888888889
1 0.6794270833333333 0.5087962962962963 0.0109375 0.06388888888888888
0 0.7354166666666667 0.549074074074074 0.020833333333333332 0.05740740740740741
2 0.4942708333333333 0.16435185185185186 0.05 0.032407407407407406
3 0.5575520833333333 0.13796296296296295 0.04010416666666667 0.06481481481481481
2 0.6083333333333333 0.16157407407407406 0.05 0.028703703703703703
