0 0.15338541666666666 0.4101851851851852 0.3067708333333333 0.5092592592592593
0 0.3375 0.47638888888888886 0.10104166666666667 0.1824074074074074
2 0.35390625 0.3921296296296296 0.021354166666666667 0.012037037037037037
3 0.37786458333333334 0.38333333333333336 0.013020833333333334 0.024074074074074074
3 0.39453125 0.3819444444444444 0.011979166666666667 0.023148148148148147
2 0.42526041666666664 0.38564814814814813 0.021354166666666667 0.012037037037037037
0 0.421875 0.5023148148148148 0.03125 0.03981481481481482
2 0.44244791666666666 0.4638888888888889 0.0078125 0.003703703703703704
0 0.47942708333333334 0.5347222222222222 0.06927083333333334 0.10462962962962963
0 0.5184895833333333 0.5111111111111111 0.028645833333333332 0.02962962962962963
