0 0.07760416666666667 0.5777777777777777 0.15520833333333334 0.13148148148148148
1 0.27421875 0.5291666666666667 0.005729166666666666 0.05092592592592592
0 0.40729166666666666 0.5212962962962963 0.0375 0.046296296296296294
2 0.48776041666666664 0.4486111111111111 0.011979166666666667 0.006481481481481481
2 0.5166666666666667 0.44583333333333336 0.011458333333333333 0.006481481481481481
2 0.5231770833333333 0.47129629629629627 0.0078125 0.003703703703703704
0 0.55234375 0.5180555555555556 0.0203125 0.030555555555555555
0 0.5104166666666666 0.5458333333333333 0.071875 0.10462962962962963
0 0.5916666666666667 0.49953703703703706 0.0625 0.12314814814814815
1 0.7661458333333333 0.49027777777777776 0.007291666666666667 0.03425925925925926
0 0.7221354166666667 0.5805555555555556 0.16822916666666668 0.17777777777777778
