0 0.109375 0.575925925925926 0.21875 0.2518518518518518
0 0.1875 0.5162037037037037 0.04375 0.030555555555555555
0 0.2078125 0.5171296296296296 0.04791666666666667 0.023148148148148147
0 0.24791666666666667 0.5138888888888888 0.058333333333333334 0.024074074074074074
0 0.30833333333333335 0.5365740740740741 0.07916666666666666 0.075
0 0.40572916666666664 0.5375 0.07083333333333333 0.0824074074074074
0 0.4453125 0.5189814814814815 0.03125 0.03981481481481482
0 0.45625 0.5018518518518519 0.020833333333333332 0.022222222222222223
0 0.49296875 0.5527777777777778 0.09010416666666667 0.12407407407407407
0 0.5059895833333333 0.475462962962963 0.030729166666666665 0.03425925925925926
0 0.5317708333333333 0.512962962962963 0.015625 0.027777777777777776
0 0.55 0.5083333333333333 0.026041666666666668 0.053703703703703705
0 0.57890625 0.5083333333333333 0.03697916666666667 0.07407407407407407
0 0.64765625 0.5300925925925926 0.1265625 0.1712962962962963
0 0.7348958333333333 0.5217592592592593 0.059375 0.09722222222222222
