0 0.17447916666666666 0.5537037037037037 0.328125 0.29444444444444445
0 0.7950520833333333 0.5092592592592593 0.07135416666666666 0.05
0 0.7424479166666667 0.5092592592592593 0.059895833333333336 0.046296296296296294
0 0.65546875 0.513425925925926 0.08697916666666666 0.062037037037037036
0 0.5106770833333333 0.5268518518518519 0.0421875 0.06296296296296296
0 0.40546875 0.5115740740740741 0.030729166666666665 0.05648148148148148
0 0.4434895833333333 0.5143518518518518 0.043229166666666666 0.06759259259259259
0 0.4671875 0.513425925925926 0.014583333333333334 0.03611111111111111
0 0.47630208333333335 0.5087962962962963 0.015104166666666667 0.025
0 0.00703125 0.55 0.0140625 0.07592592592592592
1 0.8903645833333333 0.47453703703703703 0.0171875 0.041666666666666664
1 0.8817708333333333 0.4740740740740741 0.0125 0.03518518518518519
0 0.8747395833333333 0.537962962962963 0.06822916666666666 0.0962962962962963
0 0.5315104166666667 0.5115740740740741 0.0140625 0.030555555555555555
