0 0.5533854166666666 0.5194444444444445 0.04114583333333333 0.05740740740740741
0 0.89921875 0.6842592592592592 0.20052083333333334 0.4648148148148148
0 0.44088541666666664 0.5180555555555556 0.015104166666666667 0.041666666666666664
0 0.4203125 0.5189814814814815 0.0375 0.06574074074074074
0 0.38307291666666665 0.5361111111111111 0.0734375 0.09259259259259259
0 0.4973958333333333 0.525 0.06770833333333333 0.10740740740740741
0 0.25338541666666664 0.5833333333333334 0.1890625 0.20925925925925926
0 0.1 0.5453703703703704 0.09791666666666667 0.1
0 0.058333333333333334 0.549074074074074 0.03125 0.06666666666666667
2 0.48072916666666665 0.4703703703703704 0.007291666666666667 0.005555555555555556
2 0.49557291666666664 0.46944444444444444 0.005729166666666666 0.005555555555555556
2 0.5091145833333334 0.4703703703703704 0.005729166666666666 0.007407407407407408
