0 0.0484375 0.5699074074074074 0.096875 0.21203703703703702
0 0.08645833333333333 0.5550925925925926 0.06770833333333333 0.13425925925925927
0 0.08854166666666667 0.5138888888888888 0.01875 0.022222222222222223
0 0.11041666666666666 0.5097222222222222 0.028125 0.023148148148148147
0 0.12291666666666666 0.5532407407407407 0.01875 0.07314814814814814
0 0.17916666666666667 0.5439814814814815 0.10520833333333333 0.1287037037037037
0 0.13229166666666667 0.5111111111111111 0.013541666666666667 0.022222222222222223
0 0.25234375 0.5995370370370371 0.23072916666666668 0.225
0 0.3229166666666667 0.48703703703703705 0.06145833333333333 0.053703703703703705
0 0.38203125 0.5273148148148148 0.0953125 0.1287037037037037
0 0.42916666666666664 0.48842592592592593 0.071875 0.13796296296296295
0 0.5135416666666667 0.5226851851851851 0.027083333333333334 0.04537037037037037
0 0.53125 0.5101851851851852 0.013541666666666667 0.022222222222222223
1 0.7125 0.5023148148148148 0.013541666666666667 0.0824074074074074
2 0.3377604166666667 0.42453703703703705 0.015104166666666667 0.006481481481481481
2 0.46901041666666665 0.45925925925925926 0.0078125 0.003703703703703704
