0 0.0203125 0.55 0.040625 0.08333333333333333
0 0.08776041666666666 0.5361111111111111 0.07239583333333334 0.08518518518518518
0 0.2171875 0.5962962962962963 0.271875 0.2462962962962963
0 0.3606770833333333 0.5615740740740741 0.09739583333333333 0.13240740740740742
0 0.41302083333333334 0.538425925925926 0.040625 0.07314814814814814
0 0.4908854166666667 0.5930555555555556 0.1671875 0.24722222222222223
0 0.5697916666666667 0.5171296296296296 0.034375 0.032407407407407406
2 0.46145833333333336 0.4009259259259259 0.014583333333333334 0.009259259259259259
2 0.50703125 0.4 0.0140625 0.009259259259259259
3 0.48072916666666665 0.3921296296296296 0.011458333333333333 0.023148148148148147
1 0.9223958333333333 0.47962962962962963 0.023958333333333335 0.05
