0 0.041666666666666664 0.5541666666666667 0.08333333333333333 0.225
0 0.07682291666666667 0.5300925925925926 0.0359375 0.13425925925925927
0 0.11979166666666667 0.5546296296296296 0.05625 0.08333333333333333
0 0.16354166666666667 0.5504629629629629 0.046875 0.06018518518518518
0 0.21979166666666666 0.5666666666666667 0.140625 0.12777777777777777
0 0.2955729166666667 0.5342592592592592 0.027604166666666666 0.046296296296296294
0 0.3265625 0.5435185185185185 0.07604166666666666 0.08333333333333333
0 0.3658854166666667 0.5310185185185186 0.015104166666666667 0.030555555555555555
0 0.39479166666666665 0.5300925925925926 0.034375 0.03611111111111111
0 0.5221354166666666 0.5254629629629629 0.019270833333333334 0.028703703703703703
0 0.5690104166666666 0.5263888888888889 0.0296875 0.03796296296296296
0 0.6552083333333333 0.5560185185185185 0.10208333333333333 0.11388888888888889
0 0.89921875 0.5537037037037037 0.1921875 0.18888888888888888
3 0.7059895833333333 0.4115740740740741 0.0203125 0.032407407407407406
3 0.7067708333333333 0.4587962962962963 0.019791666666666666 0.032407407407407406
1 0.7848958333333333 0.4935185185185185 0.020833333333333332 0.07037037037037037
