0 0.46901041666666665 0.5 0.018229166666666668 0.027777777777777776
0 0.5403645833333334 0.5282407407407408 0.0140625 0.041666666666666664
0 0.5171875 0.5393518518518519 0.05416666666666667 0.06944444444444445
0 0.24765625 0.41759259259259257 0.2484375 0.2
0 0.2598958333333333 0.36203703703703705 0.09479166666666666 0.08888888888888889
0 0.32760416666666664 0.4125 0.041666666666666664 0.06388888888888888
0 0.35494791666666664 0.43287037037037035 0.0265625 0.058333333333333334
0 0.29140625 0.475 0.03177083333333333 0.08148148148148149
0 0.32369791666666664 0.4935185185185185 0.0390625 0.044444444444444446
0 0.34817708333333336 0.5 0.028645833333333332 0.03148148148148148
