0 0.19661458333333334 0.5407407407407407 0.06927083333333334 0.06481481481481481
0 0.34088541666666666 0.524537037037037 0.0203125 0.023148148148148147
0 0.32786458333333335 0.512962962962963 0.030729166666666665 0.04259259259259259
0 0.37265625 0.5138888888888888 0.027604166666666666 0.02962962962962963
0 0.5109375 0.5310185185185186 0.046875 0.06574074074074074
0 0.5552083333333333 0.5166666666666667 0.016666666666666666 0.020370370370370372
0 0.5794270833333334 0.5171296296296296 0.027604166666666666 0.03611111111111111
0 0.6177083333333333 0.5189814814814815 0.025 0.03611111111111111
0 0.7231770833333333 0.5342592592592592 0.10052083333333334 0.10555555555555556
3 0.7731770833333333 0.4476851851851852 0.011979166666666667 0.023148148148148147
0 0.9640625 0.45185185185185184 0.07083333333333333 0.3074074074074074
