2 0.46484375 0.35555555555555557 0.019270833333333334 0.011111111111111112
2 0.52109375 0.35509259259259257 0.019270833333333334 0.012037037037037037
1 0.13307291666666668 0.5175925925925926 0.0046875 0.027777777777777776
0 0.03723958333333333 0.5458333333333333 0.07447916666666667 0.12314814814814815
0 0.09270833333333334 0.5398148148148149 0.04895833333333333 0.05925925925925926
0 0.11197916666666667 0.5347222222222222 0.022916666666666665 0.03981481481481482
0 0.16015625 0.5361111111111111 0.07239583333333334 0.06111111111111111
0 0.19296875 0.5189814814814815 0.03177083333333333 0.025
0 0.22421875 0.5347222222222222 0.0578125 0.04537037037037037
0 0.26640625 0.5273148148148148 0.0265625 0.03611111111111111
0 0.28125 0.5305555555555556 0.03854166666666667 0.03333333333333333
0 0.30078125 0.5273148148148148 0.015104166666666667 0.026851851851851852
0 0.31979166666666664 0.5287037037037037 0.027083333333333334 0.027777777777777776
0 0.34479166666666666 0.5263888888888889 0.01875 0.023148148148148147
0 0.37552083333333336 0.5273148148148148 0.027083333333333334 0.030555555555555555
0 0.3924479166666667 0.524074074074074 0.018229166666666668 0.027777777777777776
0 0.39947916666666666 0.5222222222222223 0.015625 0.027777777777777776
0 0.4276041666666667 0.5254629629629629 0.01875 0.025
0 0.8463541666666666 0.5236111111111111 0.04583333333333333 0.049074074074074076
0 0.86796875 0.5236111111111111 0.0296875 0.05092592592592592
0 0.8864583333333333 0.5259259259259259 0.058333333333333334 0.05925925925925926
0 0.9338541666666667 0.5263888888888889 0.036458333333333336 0.04537037037037037
0 0.9731770833333333 0.5208333333333334 0.030729166666666665 0.041666666666666664
0 0.9911458333333333 0.5064814814814815 0.016666666666666666 0.05185185185185185
