0 0.24583333333333332 0.4912037037037037 0.015625 0.026851851851851852
0 0.26796875 0.5097222222222222 0.044270833333333336 0.03425925925925926
0 0.2981770833333333 0.49398148148148147 0.03802083333333333 0.049074074074074076
0 0.32317708333333334 0.48703703703703705 0.0421875 0.024074074074074074
0 0.34661458333333334 0.4703703703703704 0.0640625 0.05
0 0.3333333333333333 0.5032407407407408 0.020833333333333332 0.025
0 0.5184895833333333 0.5310185185185186 0.0640625 0.09907407407407408
0 0.57890625 0.49907407407407406 0.03802083333333333 0.044444444444444446
0 0.5888020833333333 0.524537037037037 0.04635416666666667 0.05648148148148148
0 0.70078125 0.5453703703703704 0.17135416666666667 0.19444444444444445
0 0.79296875 0.4740740740740741 0.015104166666666667 0.022222222222222223
0 0.8122395833333333 0.4699074074074074 0.018229166666666668 0.023148148148148147
0 0.8252604166666667 0.4824074074074074 0.021354166666666667 0.022222222222222223
0 0.8265625 0.5027777777777778 0.019791666666666666 0.037037037037037035
0 0.825 0.4703703703703704 0.022916666666666665 0.022222222222222223
0 0.9471354166666667 0.5546296296296296 0.0859375 0.06481481481481481
0 0.8721354166666667 0.399537037037037 0.03177083333333333 0.04537037037037037
0 0.9088541666666666 0.4027777777777778 0.05 0.04259259259259259
0 0.9544270833333334 0.3939814814814815 0.04114583333333333 0.06388888888888888
1 0.33307291666666666 0.49583333333333335 0.009895833333333333 0.028703703703703703
2 0.5088541666666667 0.3611111111111111 0.022916666666666665 0.011111111111111112
2 0.5622395833333333 0.3592592592592593 0.0234375 0.012962962962962963
2 0.5356770833333333 0.40324074074074073 0.0109375 0.004629629629629629
2 0.5591145833333333 0.40185185185185185 0.0109375 0.005555555555555556
3 0.5278645833333333 0.3560185185185185 0.0140625 0.025
0 0.3015625 0.49675925925925923 0.04375 0.028703703703703703
1 0.43359375 0.4689814814814815 0.0026041666666666665 0.023148148148148147
1 0.44635416666666666 0.4652777777777778 0.003125 0.023148148148148147
