0 0.05130208333333333 0.33240740740740743 0.1015625 0.6648148148148149
0 0.2755208333333333 0.5199074074074074 0.026041666666666668 0.026851851851851852
0 0.3020833333333333 0.5277777777777778 0.0375 0.027777777777777776
0 0.3809895833333333 0.5305555555555556 0.04114583333333333 0.040740740740740744
0 0.46588541666666666 0.49398148148148147 0.030729166666666665 0.03425925925925926
0 0.5348958333333333 0.5287037037037037 0.04479166666666667 0.08703703703703704
0 0.6015625 0.5050925925925925 0.029166666666666667 0.04537037037037037
0 0.6018229166666667 0.5282407407407408 0.030729166666666665 0.04351851851851852
0 0.9057291666666667 0.47638888888888886 0.1875 0.8435185185185186
0 0.05130208333333333 0.49907407407407406 0.10260416666666666 0.32407407407407407
