0 0.015364583333333333 0.5782407407407407 0.030729166666666665 0.09166666666666666
0 0.2752604166666667 0.5208333333333334 0.0515625 0.05462962962962963
0 0.31276041666666665 0.5125 0.0390625 0.049074074074074076
0 0.4828125 0.4689814814814815 0.06145833333333333 0.16574074074074074
3 0.1625 0.4824074074074074 0.016666666666666666 0.037037037037037035
3 0.35911458333333335 0.4773148148148148 0.0265625 0.04351851851851852
3 0.6260416666666667 0.47824074074074074 0.026041666666666668 0.04351851851851852
3 0.8268229166666666 0.4787037037037037 0.015104166666666667 0.03518518518518519
0 0.17317708333333334 0.5125 0.06197916666666667 0.041666666666666664
0 0.5453125 0.4925925925925926 0.013541666666666667 0.027777777777777776
