0 0.040625 0.5657407407407408 0.08125 0.09444444444444444
0 0.09609375 0.5537037037037037 0.0609375 0.07407407407407407
0 0.13385416666666666 0.5537037037037037 0.09270833333333334 0.08518518518518518
0 0.20598958333333334 0.5462962962962963 0.10364583333333334 0.0962962962962963
0 0.253125 0.5152777777777777 0.022916666666666665 0.028703703703703703
0 0.26875 0.5412037037037037 0.051041666666666666 0.08611111111111111
0 0.3372395833333333 0.5731481481481482 0.1734375 0.17222222222222222
0 0.4083333333333333 0.5166666666666667 0.023958333333333335 0.037037037037037035
0 0.4356770833333333 0.5194444444444445 0.0234375 0.03148148148148148
0 0.5143229166666666 0.5351851851851852 0.050520833333333334 0.07037037037037037
0 0.6018229166666667 0.5305555555555556 0.0703125 0.0962962962962963
1 0.5606770833333333 0.5138888888888888 0.0046875 0.027777777777777776
