0 0.2825520833333333 0.5046296296296297 0.0359375 0.024074074074074074
0 0.3541666666666667 0.5393518518518519 0.04895833333333333 0.05648148148148148
0 0.41458333333333336 0.5444444444444444 0.06041666666666667 0.07592592592592592
0 0.47734375 0.5291666666666667 0.015104166666666667 0.023148148148148147
0 0.48411458333333335 0.5199074074074074 0.0171875 0.03981481481481482
0 0.50703125 0.5291666666666667 0.018229166666666668 0.025
0 0.525 0.5296296296296297 0.019791666666666666 0.025925925925925925
0 0.5416666666666666 0.5291666666666667 0.014583333333333334 0.023148148148148147
0 0.6760416666666667 0.5537037037037037 0.11354166666666667 0.14814814814814814
0 0.9203125 0.4300925925925926 0.03333333333333333 0.03611111111111111
0 0.9515625 0.4361111111111111 0.029166666666666667 0.024074074074074074
0 0.7963541666666667 0.4393518518518518 0.041666666666666664 0.025
0 0.8778645833333333 0.4356481481481482 0.0515625 0.026851851851851852
