0 0.36432291666666666 0.5194444444444445 0.03697916666666667 0.03148148148148148
0 0.5041666666666667 0.46805555555555556 0.051041666666666666 0.023148148148148147
0 0.5140625 0.6018518518518519 0.17708333333333334 0.2518518518518518
0 0.765625 0.513425925925926 0.020833333333333332 0.03796296296296296
0 0.8010416666666667 0.5152777777777777 0.035416666666666666 0.023148148148148147
1 0.6916666666666667 0.5120370370370371 0.005208333333333333 0.037037037037037035
2 0.5421875 0.4398148148148148 0.011458333333333333 0.005555555555555556
2 0.5640625 0.4398148148148148 0.0125 0.007407407407407408
1 0.6395833333333333 0.5106481481481482 0.004166666666666667 0.026851851851851852
1 0.6322916666666667 0.5111111111111111 0.004166666666666667 0.024074074074074074
1 0.6158854166666666 0.5101851851851852 0.005729166666666666 0.024074074074074074
0 0.43645833333333334 0.524074074074074 0.03125 0.05
1 0.8171875 0.5194444444444445 0.013541666666666667 0.07962962962962963
1 0.9950520833333333 0.49907407407407406 0.008854166666666666 0.05925925925925926
