0 0.471094 0.503241 0.0151042 0.0212963 0.250488
0 0.73099 0.504167 0.0359375 0.0287037 0.270264
0 0.928125 0.511574 0.03125 0.0361111 0.293701
0 0.744271 0.505556 0.05 0.0351852 0.408691
0 0.426562 0.50787 0.0197917 0.0398148 0.464111
0 0.559375 0.501389 0.0145833 0.0194444 0.474609
0 0.820312 0.510185 0.0552083 0.0407407 0.486572
0 0.894531 0.508333 0.0828125 0.0722222 0.568848
0 0.261979 0.505556 0.03125 0.0314815 0.667969
0 0.458333 0.506019 0.015625 0.0268519 0.678223
0 0.441667 0.508333 0.021875 0.0333333 0.72168
3 0.673177 0.37963 0.0130208 0.0222222 0.751465
0 0.914583 0.581944 0.170833 0.228704 0.805176
0 0.317448 0.486574 0.0807292 0.0972222 0.8125
0 0.539062 0.507407 0.025 0.0333333 0.852539
0 0.503125 0.519444 0.0364583 0.0555556 0.915039
0 0.34401 0.51713 0.0515625 0.0583333 0.919922
0 0.404948 0.514815 0.0380208 0.0481481 0.922852
